dN/dS,LRT,p-value,Log(L)
1,0,1,0
1.026457306396517,0.004044817446612115,0.4746448120703334,-87.22593804126292
1.033053831759092,0.007308212484730348,0.4659366842431882,-72.4388981305334
0.3710220177139969,4.214620748722751,0.02003851216523989,-28.61065031183076
0.2975266114264173,2.295353975790306,0.06488081252811523,-34.56879878547692
1.564454182088704,1.730478907729378,0.0941748741180275,-79.23174629508358
0.7808389872813853,0.3322272468428338,0.2821752691550999,-50.841927481944
1.47269699021506,0.6601159920190298,0.2082594983853692,-90.31182838789589
6.728744545674702e-16,6.7147504093425,0.004780933618156791,-36.64668516159339
0.6910061864239662,0.4643398539675303,0.2478013452404336,-55.24218739191737
0.1559392312354183,7.09974553899734,0.003854744807204824,-16.02799334239365
0.5604726742992883,1.229761624102956,0.1337267007863439,-31.07694532376648
1.033231649182,0.007385398497888218,0.4657577161647424,-61.86848674742274
1.093764381311598,0.05448337859189678,0.4077189043675355,-70.93687553091215
0.8859200741254301,0.09156066727081225,0.3811011938518966,-72.93050279504776
0.6323963370371187,0.9822338008667515,0.160823969166875,-36.49883332947238
0.8853768356242451,0.09250932439664439,0.380505491610792,-85.0312955972226
0.1491067730581158,7.59594824173546,0.002924980962375368,-15.81606264630426
5.840566125974614e-16,12.81612764369094,0.0001718221141218668,-19.81519367877391
9.682324783204268e-17,6.380197804134902,0.005770028475269362,-19.98218272087284
9.555848176237971e-17,13.50592763160737,0.0001189055297939334,-6.335512738346019
0.1236559497841474,9.977305869211108,0.0007924070019020846,-13.87126985708608
9.555848176237971e-17,16.48366525661682,2.45355134582681e-05,-6.957931415280957
2.731941657024047e-16,8.66640727836721,0.00162064795666178,-11.3920721977777
0.1546762301643539,7.190018529937255,0.003665511185474146,-29.01587479902078
0.2948007129098785,4.675956432807368,0.01529383306530963,-75.32644036297582
0.1579468400968511,6.960553227383414,0.004166313202666305,-28.68033194395441
3.17603086687411e-16,12.65182022612721,0.0001876000984231685,-25.70344844127624
5.114956077737342e-17,8.856142648659176,0.001460521013690375,-14.8535960696981
0.1559975230138036,7.095704501669921,0.003863445664407439,-30.69047750144984
0.149269944909778,7.583498639987752,0.002945250132656507,-17.84484614052148
3.17603086687411e-16,12.80126928589547,0.0001731921313309903,-18.69675074790149
0.1559470220128803,7.099206777688408,0.003855903669035377,-40.08865332026542
0.1492611549016312,7.584152593746502,0.002944181874702079,-21.43330914343913
9.555848176237971e-17,12.80126923980599,0.0001731921355977439,-12.63986720717504
1.248080739512358,0.3645026801707729,0.2730080672158168,-86.31932642455359
1.028145822447522e-15,6.707932074834588,0.004799248527216637,-50.68012583068099
0.322024267420393,3.881842518861689,0.02440548124276037,-41.68046645954587
0.5127565582150897,1.689990852390522,0.09680108754870903,-39.32643186051468
0.1581157278250468,6.949094357012392,0.004193083846427692,-19.11874393371441
9.555848176237971e-17,12.83035775986291,0.0001705202702965147,-11.90571131192984
0.155939228408425,7.099745753151701,0.003854744346635075,-16.0275727533563
5.840566125974614e-16,12.83035636665497,0.0001705203972661717,-18.6712631094273
9.555848176237971e-17,12.81612764369531,0.0001718221141214782,-12.23687423739855
5.840566125974614e-16,12.93018134330097,0.0001616632294474396,-47.38724016541879
0.1970607583509787,4.895637427970541,0.01346231603911585,-40.10994960897911
0.9362258304702082,0.02658283691248187,0.4352425101189138,-63.9811643518475
1.10713757348049,0.06992558968633489,0.395722576099484,-96.76959242401605
1.463510995909826,1.152320726524266,0.1415319334138525,-101.6031982353366
1.028145822447522e-15,6.713734813070793,0.004783657093208715,-28.09177766465412
0.3215294915364312,3.894798433670552,0.02421792550063562,-29.05714542956554
1.648091986043972,2.333595613322359,0.06330456453982236,-106.153606300369
1.029117003301704,0.004882132788338822,0.472147666032725,-73.96849571923524
0.3095695063356296,4.22590971846202,0.01990563617893043,-60.13060327568604
0.6325436888314242,0.981119967264533,0.1609612303414843,-73.51660211611464
0.8537175714039444,0.184371413776006,0.3338215613415321,-91.85211729277438
0.1712882491873303,6.136321397933969,0.006621626960139182,-33.60048312085112
1.028145822447522e-15,6.711017212643185,0.004790952569461049,-73.11851984139933
9.555848176237971e-17,13.50572841041713,0.000118918153931058,-13.33876360881261
0.6856447948191511,0.6471179148466177,0.2105724943734198,-38.54793202180126
0.2978484442567132,2.290202134877035,0.065096483338487,-32.33139517272932
0.8907535369127115,0.09721705417001658,0.3775975940572243,-64.89476126745666
0.1213200769825953,10.25455807601381,0.0006817364603203258,-40.91410610000796
1.092504658934156,0.05316693164405706,0.4088207258131074,-74.41365525178037
0.8860539247759062,0.09131322557662713,0.3812571264512986,-51.60562044988241
0.1527334157922165,7.331122210275751,0.003388536407644749,-17.95651159311444
1.028145822447522e-15,6.780405170959668,0.004608198351869319,-52.75114678895456
0.1546682455717571,7.190770822933409,0.003663974742796006,-16.09646833610885
9.682324783204268e-17,6.780177797910227,0.004608785399427384,-40.74658522284565
0.3640204199424847,4.413282087698548,0.01783008417676152,-51.67553810930754
0.8564714164970981,0.1261428707025374,0.3612326261384876,-46.81721685848632
5.840566125974614e-16,13.51102782830027,0.000118582802825562,-33.86810908023166
0.7909677920403544,0.2970601294298376,0.2928656762687024,-57.28038848199413
0.1596060132241484,6.851582585589171,0.004428139472770432,-28.66693003526785
9.555848176237971e-17,13.56902214342573,0.0001149745712312744,-12.97885507773719
0.121245017811801,10.26352354867377,0.0006784314111915601,-41.2433552907777
1,0,1,0
5.840566125974614e-16,12.52176574264249,0.0002011192864110334,-40.62660469120562
0.297619858597135,2.293768201543344,0.0649471126057049,-46.72957792956161
3.17603086687411e-16,15.88331587825323,3.368500362538329e-05,-35.07270397407499
0.1579390167840543,6.960965966058012,0.004165352216407736,-34.03145732353507
1,0,1,0
0.160761926227492,6.774196066087654,0.004624256993159992,-51.51674630598716
9.555848176237971e-17,13.51107293467469,0.0001185799525547648,-13.56500231834703
0.4823026186349526,2.060913499186626,0.07555977629085864,-51.98237670570094
1.358275938658381,0.5082229278921346,0.237954575283801,-54.9267809292691
0.4859637754958807,2.01469314864103,0.07789138105869731,-46.39838333794334
0.5916706062987109,0.9905594576674446,0.1598028383228318,-50.09483519596998
0.3119778301915878,4.155982395396123,0.0207438503916304,-23.62611787174507
1.183512540481446,0.2144129446232341,0.3216651765487949,-93.78619067095329
0.8231566610524476,0.2826794254633285,0.2974751901586133,-70.54782934625918
0.4508427273952743,1.683254758951534,0.09724626623662452,-40.32426649447398
4.936130869128893e-15,5.940068009920367,0.007400223784949089,-4.561095398790659
0.19702914855552,4.896948173766688,0.0134521008033982,-35.22365828548485
3.17603086687411e-16,8.679274883875685,0.001609245076675203,-17.36736376574575
3.17603086687411e-16,12.52124231548164,0.0002011756369436069,-20.10023005596739
5.840566125974614e-16,12.83035777428668,0.0001705202689819552,-27.53263186698705
3.17603086687411e-16,12.43213664029526,0.0002110044126409916,-25.96810187512731
0.4680873262029779,2.25970262656412,0.06638977794812095,-39.75345280179564
1.774206247982635,2.460779963587441,0.05836040527116731,-86.82545010269921
1.060410704170093,0.03031093094440962,0.4308933001206072,-70.16917617502783
0.450664326953926,1.685188519828387,0.09711822224896427,-24.81429486197714
0.7451914700552441,0.4771975228776455,0.2448472366760011,-47.21903191120123
1,0,1,0
5.840566125974614e-16,15.87884908668655,3.376460170045892e-05,-20.04256573067747
9.682324783204268e-17,12.81612765807925,0.0001718221128005348,-39.72564348887552
3.17603086687411e-16,13.51105488165702,0.0001185810933162501,-20.10106355520211
9.555848176237971e-17,8.679274885412365,0.001609245075318344,-12.55772087109882
1,0,1,0
5.840566125974614e-16,15.87919138013487,3.375849535497411e-05,-29.27955477323344
0.7467300859905277,0.4701758052488287,0.246453150537753,-68.06324195754483
9.555848176237971e-17,10.70901112832906,0.0005330749824417613,-19.38598373365848
0.479139775547288,2.103307565306238,0.07349044386817183,-78.47640862160634
1.503546788670237,1.454333235230564,0.1139169595185474,-84.6850981146318
0.4609235124889218,1.577053771254768,0.1045927924671602,-25.39492913613904
3.17603086687411e-16,12.43211101283597,0.0002110073080609509,-24.06288552707331
3.17603086687411e-16,12.43195817213012,0.0002110245770132191,-54.61203694296486
1.028145822447522e-15,6.711934227598718,0.004788489543174346,-48.27848734885561
0.1266731278226594,9.644293644187314,0.0009497036209189513,-35.64797136613655
0.1607296740701027,6.776244929569955,0.00461895168074905,-50.36902635918328
0.2886655039560224,2.439752193140116,0.05914745611286415,-29.6468452917945
0.5896947034626336,0.6697265186131176,0.2065734856887433,-47.76428234797457
0.1173218853993225,10.7488963795576,0.0005217076192712833,-26.02669995185928
9.555848176237971e-17,8.872236033514998,0.001447701392945089,-15.54827526212912
0.3112421596121834,4.176828886345831,0.02049015532837029,-36.66552504031657
5.840566125974614e-16,8.873252243032361,0.001446895750301769,-20.63751737866396
0.4511814660251399,1.679588841644133,0.09748954740354471,-37.99084171312796
9.555848176237971e-17,10.70810458687102,0.0005333362397558217,-6.062553153614823
0.966718126989501,0.006934926443932454,0.4668159598161069,-47.06036860829692
0.7336763736883113,0.6385889570847212,0.2121111092985792,-96.91972780114665
0.1867152650328119,5.349892676968778,0.01036177313423392,-16.97226859947787
9.682324783204268e-17,12.43191949781804,0.0002110289469184345,-33.45798166443517
1.358385951050709,0.9309120478058048,0.1673130210898973,-101.59149270316
3.17603086687411e-16,10.70890540473106,0.0005331054443882266,-24.60477084714703
0.1526895367788471,7.334312987029932,0.003382526543209252,-44.73222621061468
0.3424315082570524,3.38775763772118,0.03284110922836436,-45.6200447280158
0.7803323267616001,0.3340486125577797,0.2816423937023887,-41.51266074094607
0.5878315769413051,1.695817804042989,0.09641791334027594,-53.77471291034342
4.004733053112191e-17,8.868444036361112,0.001450711681697747,-6.313288015903902
4.936130869128893e-15,5.939288548293833,0.007403497256733615,-4.561095398790659
0.3057720471955621,4.338267258143816,0.0186324148679145,-33.00073866074579
1.110047600986008,0.0737797612932809,0.3929554558453969,-76.32821229808899
0.3098172051899372,4.21889612086585,0.01998808003556762,-30.1781218472757
1.028145822447522e-15,13.39029478641442,0.0001264648175363647,-39.87803483523806
0.8641805116032309,0.08938473231046373,0.3824804014897913,-110.1330939104901
0.9527972664243447,0.01422127805093965,0.4525374590656952,-74.98961121785979
0.3421830049827453,3.393310097059953,0.03273070477366802,-32.87315107980812
6.728744545674702e-16,16.48973538630136,2.445708568776794e-05,-36.07920842700057
1.247923755229805,0.3641080876425349,0.273116756879351,-76.6848477741959
5.840566125974614e-16,12.81612765807078,0.000171822112801312,-47.62642697676477
0.4424552542842008,2.664004502518949,0.05132101380471948,-57.57165155870838
3.17603086687411e-16,13.56902210051861,0.0001149745738594499,-12.76454388152452
5.840566125974614e-16,13.5109371326697,0.0001185885340893589,-45.83784575787568
1.225632158318867,0.309323431608675,0.2890478258867267,-70.7551118420142
0.7742374165524427,0.3566235308502854,0.2751937231411175,-48.44478275129013
1.033600865925524,0.007546762394525786,0.4653865868642224,-66.42525512921301
0.2517529623558773,6.362633403887216,0.005827421887431405,-61.48417029967215
1.034098479407605,0.007766944473772242,0.4648865690374579,-62.80556877475468
0.8553311712691853,0.128378330155698,0.3600597013609306,-70.8015850683903
0.7047307503876221,0.8271117158285506,0.1815545191700725,-64.1070149433337
3.17603086687411e-16,10.70903755485158,0.0005330673684912912,-19.38424253800464
0.2303768992464126,3.739238668457475,0.02657432835841739,-23.84502357323278
0.3427045298349416,3.381657739349677,0.03296285740380833,-34.1360405374363
0.3158262035542893,4.047736443210553,0.02211530739700757,-21.48971458497574
0.313074719363072,2.063203446463262,0.07544633143157292,-61.59689614461375
0.1239473525192647,9.938810874407594,0.0008091502747270551,-40.20297685457335
1,0,1,0
0.2975820289465302,2.294357329719347,0.06492247276930835,-62.66668631126733
0.4677304844369971,2.264902766534036,0.06616725886566593,-48.21260058299326
0.5138929944426196,1.677379852464441,0.09763648632165312,-41.64506066441614
1.030950319236126,0.005502942652185538,0.4704328551395761,-92.27167466959327
2.803506762150911,17.00269269326594,1.86634223755533e-05,-198.8059821933907
3.346995301120043,21.19803632790422,2.070943282528326e-06,-176.318177625405
0.2253197967444248,3.891069281979476,0.02427175394989656,-29.54095512901088
6.728744545674702e-16,8.679274885146469,0.001609245075553101,-43.33395439108588
1,0,1,0
0.3423884797075238,3.388731740629211,0.03282171155915997,-57.01253805438154
0.1618225734982275,6.711324226478006,0.004790127811211076,-26.89783673043103
1.181790353495381,0.2635611242990024,0.3038420513404659,-90.07039251075039
1.37342005257749,0.7243033456439321,0.1973679756986192,-92.76606746893763
0.1970353402335079,4.896693477155296,0.01345408513842783,-35.74427966185901
3.17603086687411e-16,8.679274885426963,0.001609245075305465,-13.25192172668542
0.1595125849688989,6.857133045228508,0.004414404717231535,-62.22389483249491
3.17603086687411e-16,12.6519259193924,0.0001875894929355693,-11.93710156857116
0.1490852168373104,7.597419182774502,0.002922595544788076,-26.11670115479033
0.3422393473668009,3.392082773208841,0.03275507458042182,-28.81050194916518
1.215950511451755,0.3577667669534037,0.2748745697509853,-102.4046528426018
5.840566125974614e-16,11.67931050293629,0.0003159947480962377,-12.18746310652002
0.8052576748545411,0.2518561719501662,0.3078855558803133,-51.68487360127776
0.7801762457035895,0.3346101433872093,0.2814784979299976,-88.44603147430473
1.028145822447522e-15,12.33519697798388,0.0002222485999562873,-74.5219787805717
5.840566125974614e-16,12.8303577741885,0.000170520268990948,-49.06651601259032
9.682324783204268e-17,6.714842372056438,0.004780687084671442,-40.96916008865365
2.804502661847769e-15,5.935528867645104,0.007419307579140388,-4.561095398790659
6.728744545674702e-16,16.4707314194346,2.470346673227874e-05,-34.51729585700825
0.4796356525665859,2.097439770918669,0.07377300780842583,-43.99249278358153
9.555848176237971e-17,12.91704133085094,0.0001628020578068878,-23.73132915138655
5.840566125974614e-16,12.93070716600016,0.0001616178245828492,-33.80065235582818
0.1526787885457275,7.3350899032096,0.003381064861416538,-26.01933421568994
1.186658825503441,0.1658429221615734,0.3419165370692468,-80.33371994593259
0.4684104926098644,2.255004747131892,0.06659152363266896,-48.18764556402849
1.301268222989091,0.6985150318548676,0.2016415577000127,-94.28490959218783
2.229284812389514,7.487462697386121,0.003106501927633176,-124.7353086206126
0.1491882506342082,7.589635899341843,0.00293524022748104,-43.05314097579605
1.028145822447522e-15,6.920604283108979,0.00426040889805035,-20.24758405675794
9.682324783204268e-17,6.922156046418415,0.004256713590362948,-24.24326482295824
0.9416209584579133,0.02948044717564358,0.43183719983464,-110.6547107070949
0.1619715880967166,6.701800452320398,0.004815780224436461,-42.63239235587199
3.17603086687411e-16,8.672330558060317,0.001615388762211956,-12.08617523602296
1.028145822447522e-15,6.922921887472093,0.004254891055789856,-20.79886878380747
0.1580515517439442,6.953553323811082,0.004182645784322092,-15.52618384793971
1,0,1,0
9.555848176237971e-17,13.38933284917608,0.0001265296926924453,-5.521406712280043
1.636918765730833,2.276435773520092,0.06567671528288127,-96.47866287952921
0.230371351296674,3.739400374829849,0.0265717566128541,-20.76057597376134
0.6237456725605443,1.047730367276671,0.1530151916703326,-45.87892146611457
0.3733891810018546,2.769006284014502,0.04805290368922333,-29.24693161689253
5.840566125974614e-16,12.83035777422982,0.0001705202689871732,-31.95537234130239
0.485937243937266,2.685487421759603,0.05063311759856126,-100.7685921436535
3.730607571125431,25.63081314937057,2.066926794719315e-07,-196.02134428272
5.114956077737342e-17,8.872296530793093,0.001447653418442829,-12.79413778093211
1.658765554858873,2.82514997148985,0.0463991119013395,-93.45954096100682
0.460832029260491,1.577981089572191,0.1045258705642849,-38.37186873066906
0.1173156481649047,10.74989985260689,0.000521424811348481,-22.13536376494624
0.1710643608112552,6.149170775669205,0.006573686569407655,-35.77424634881273
0.3427050424236674,3.381685391387464,0.03296230440926146,-43.84972135853149
0.3734232907484066,2.768327436059593,0.04807328860247051,-36.55617609554745
0.3427239078811587,3.381128058712079,0.03297345204403196,-70.94184225666284
9.682324783204268e-17,13.09501648178164,0.0001480411981969465,-61.18872195659191
9.555848176237971e-17,12.43217462670633,0.0002110001209660317,-11.61791817748881
0.1235639470378436,9.987313441916108,0.0007881120049235135,-22.75318198927542
1.33070449001673,0.6679527345665974,0.2068831443910614,-135.4067531305666
0.2481730772897887,6.530647758618045,0.005301566840739402,-31.48136921616467
9.555848176237971e-17,15.77594445439838,3.565167704899785e-05,-31.86438157756216
0.3055206350927989,4.345738550813337,0.01855083608483959,-52.02483743672493
3.17603086687411e-16,11.67929155890898,0.000315997965576964,-11.49697260922358
0.155718986294943,7.115052113931327,0.003821969095980315,-37.60971979070195
0.4885533451912458,2.64026095416412,0.05209321473784589,-51.15661435396444
3.915896461203705,32.12642614511196,7.222946740714775e-09,-180.4759008431067
1.15745488151576,0.08132417333733599,0.3877554441520858,-57.19150500485708
5.840566125974614e-16,12.43213657220062,0.0002110044203343375,-25.96600927753207
9.555848176237971e-17,16.48927510634871,2.446302379105481e-05,-26.70728145319818
9.555848176237971e-17,15.77472332660279,3.567469579629501e-05,-13.12056635187016
0.2866955715707177,7.421411651970267,0.003222611484682614,-28.94858734493149
0.3160334367067517,4.041941583700563,0.02219136576177899,-36.33017501371238
6.728744545674702e-16,8.679274885365089,0.001609245075360088,-33.77262376758355
1.842185419120205,2.453080073710609,0.05864725420228201,-63.18720244023547
1,0,1,0
0.4682617291669903,2.257169757911242,0.06649846447491614,-31.17760448044022
0.8928629166261304,0.03996542411050541,0.4207740997897191,-82.61664402335791
1.094169009165034,0.05490935066239899,0.4073653911524711,-66.01477098121973
1.128275465666353,0.09771870820657114,0.3772923205465203,-106.1188420854328
0.1526952869914213,7.333894422119073,0.003383314294242212,-65.80605503671721
9.682324783204268e-17,15.87919283710197,3.375846936576332e-05,-20.93343929910261
0.5966694146576449,1.274023075690209,0.1295066541558263,-53.46045597619312
1,0,1,0
1,0,1,0
0.7815139686534747,0.3298120376475993,0.2828848940573763,-52.43391059164554
9.555848176237971e-17,10.70906410616739,0.0005330597186964936,-12.66262128396651
3.17603086687411e-16,12.43206019894971,0.0002110130491911888,-31.34341846899629
1,0,1,0
0.1559720151319816,7.097470957019738,0.003859639798174219,-24.79214525738877
3.17603086687411e-16,15.8793076563259,3.375642129810341e-05,-25.82845852611878
9.555848176237971e-17,12.64759127329516,0.0001880249371440379,-12.63173002517785
1.028145822447522e-15,6.714661621580973,0.004781171652592953,-56.10079362426374
0.6254578157331522,1.034574046980225,0.1545433857794808,-74.00624272788929
0.9354655720655655,0.02724973620803439,0.4344424982258603,-72.31152197606167
9.682324783204268e-17,13.0950164797713,0.0001480411983558194,-58.72129389480815
0.1267133216272527,9.63989858171383,0.000951978744203108,-26.67219210500615
0.4609872341789673,1.576414460010469,0.1046389592619881,-35.88830761606088
2.731941657024047e-16,13.56902210052118,0.0001149745738592833,-13.45942181604618
9.682324783204268e-17,10.7090112743731,0.000533074940363587,-26.39866954465347
1.034171236336479,0.007799401918163085,0.4648134675545275,-82.56208042755136
0.2870774960335108,7.401585509240476,0.003258320771017453,-28.27723048395177
0.3216376650483111,3.891892910799783,0.02425985442109513,-40.45590859777107
0.7627069279620509,0.4819697379713546,0.243765729217073,-58.29921427620287
0.3161584598094454,4.03856004051292,0.0222358761739252,-36.94792600606466
1.331004328955612,0.6689557371930164,0.2067079608275934,-81.50792722254896
0.7587571280400802,0.5015529597273201,0.2394092794217592,-64.59921672833077
0.3942823203186289,2.419211451039615,0.05992762485948117,-32.9995653732172
0.1212028763460936,10.26855806649196,0.000676582593183539,-35.36006996625194
3.17603086687411e-16,12.5219219590902,0.0002011024717218923,-17.7970993611331
0.800091952873965,0.2676157207401246,0.3024678349008285,-51.89765888605778
0.3192472483237447,3.956249244489342,0.02334882235909652,-47.11157943549271
0.2253594489472739,3.889860018655064,0.02428923616909362,-31.37726431231604
0.1490952443954306,7.59660755633044,0.002923911509745247,-32.12843147120593
0.7809261973113557,0.3319142482428816,0.2822670387730526,-49.28334725892571
1.68930579486574,2.55418593288033,0.05500123134554236,-100.6011355053641
1.875871807606107,3.881520343047839,0.02441016470094631,-151.9969956217315
0.6207719318026558,1.071220649922253,0.1503349463361501,-95.54376608344344
1.798014174633146,3.418251963600653,0.0322396274266995,-100.2875752689406
3.17603086687411e-16,13.51105617830275,0.0001185810113814578,-19.65987312937094
0.4740993666269629,2.17310439352606,0.07022123570284733,-59.79879175196428
3.17603086687411e-16,12.8161276436953,0.0001718221141214782,-12.23693990435239
0.1559450673321593,7.099340365039879,0.003855616292843866,-16.41197706737483
2.287852447174094e-16,13.51100975618826,0.0001185839448212822,-40.68972546310737
9.682324783204268e-17,6.928213178407134,0.004242320736282834,-56.23437696464556
5.840566125974614e-16,12.81612764369248,0.0001718221141217557,-20.51069990441363
1.071314286121713,0.0324255160846576,0.4285484679063133,-85.64287884655054
1.371393897377073,0.7179156126597377,0.1984142391372789,-102.6477029715366
3.17603086687411e-16,16.48984966712627,2.445561156760867e-05,-30.51633252295405
0.147307671031316,7.737215883213935,0.002704706999883122,-36.36431258408404
1,0,1,0
0.1579426110187525,6.960773230767288,0.004165800936934361,-33.1028167449184
0.8182148766341207,5.861977570020827e-14,0.4999999034100054,-4.360179867240261
1.225200965463011,1.49213974509621e-13,0.4999998458956794,-4.468463563188956
1,0,0.5,-5.08426301890493
3.17603086687411e-16,12.81612768982879,0.0001718221098847561,-29.48068369710352
5.840566125974614e-16,17.03904005997852,1.830955969733816e-05,-47.15232306211671
0.1620378958501123,6.697568289121222,0.00482722474066466,-63.19535068230637
3.17603086687411e-16,13.09501612076475,0.0001480412267273468,-16.28725283277836
3.17603086687411e-16,10.70908655471305,0.0005330532510520736,-13.29044116843708
0.838837006557668,0.09812918190922915,0.37704317260775,-71.79411868472597
0.1579178307279905,6.962221369858923,0.004162430632754843,-52.57079946646767
0.6703406721783783,0.9500002537274526,0.1648596163915762,-63.41400782958546
0.6197902183935654,1.079029530905316,0.1494573790340861,-50.66230238737884
0.4619916797779022,2.35160869194209,0.06257689754795354,-60.74282978317202
0.6392412509428426,0.9329817551191297,0.1670446573413455,-65.95539398633619
5.840566125974614e-16,12.81612764371306,0.0001718221141198684,-21.18257512977047
0.1596069356487411,6.85153578874818,0.004428255458544916,-16.00060925359465
6.728744545674702e-16,15.88274177826304,3.369522348811715e-05,-45.01672109521146
0.8573523183383378,0.1244266193936028,0.3621410936296582,-65.88477841432008
5.840566125974614e-16,13.51104585379623,0.0001185816637865877,-19.69645856086946
0.1527074590960019,7.333012224325685,0.003384975229178244,-52.28978783526857
1,0,1,0
0.4607723481148049,1.578587506258827,0.1044821346187113,-30.41667980813993
5.840566125974614e-16,12.82728430033012,0.0001708006013150243,-31.80416668091853
0.6850738601645783,0.6501680993673915,0.2100262930534963,-53.65689798998722
0.1173406928970407,10.7465997766808,0.000522355452802381,-38.40039937227437
0.9403728687032834,0.0231021745770903,0.4395958358856863,-62.17174967549195
0.3427313262959604,3.381079285169839,0.03297442779230347,-25.67047882420928
0.2951208915831078,2.333615428192125,0.06330375893590318,-26.23830893654429
0.126847458013999,9.625410254730141,0.0009595178904270862,-21.21271871342651
0.5960646161083679,0.6402553963692696,0.2118091648143947,-56.68494928141206
3.17603086687411e-16,13.55279647859957,0.000115972789489549,-23.90452546137731
0.1562764388454737,7.076427415201721,0.00390522884098321,-45.63665857872278
3.17603086687411e-16,15.86043311089916,3.409477672539074e-05,-20.93417710725542
1.028145822447522e-15,6.77235158575472,0.004629038415206899,-43.61278291250746
0.1221804829380332,10.15248865078563,0.0007205328610900841,-28.83064056614644
4.004733053112191e-17,12.63229235680639,0.0001895699815361307,-5.399427277911781
2.194658858243999,6.747832098155641,0.004693083170869361,-132.5900006171354
2.287852447174094e-16,13.07929797677942,0.0001492886675115157,-52.24243839947123
3.17603086687411e-16,10.13341956799838,0.0007280251611379018,-12.15328622275661
0.319702641565397,3.944098986755407,0.02351801799811004,-42.37224940232372
0.2888383809863992,2.436850427473949,0.0592569849327288,-17.38031972388542
0.197251811116342,4.887754759123084,0.01352391958905624,-51.71077233498332
0.1268519266009731,9.624869977655848,0.000959800196656202,-27.36433984044637
5.840566125974614e-16,16.47016571035363,2.471083911792515e-05,-26.59791760044927
1.028145822447522e-15,6.704626375570001,0.004808153910827617,-35.54266138317379
0.1868910699047356,5.341701134765309,0.01041057258294492,-16.33025066021491
3.17603086687411e-16,16.46855911321818,2.473178854117686e-05,-25.71459318868714
9.555848176237971e-17,13.55273001233235,0.0001159768964666963,-28.67903707076394
9.555848176237971e-17,12.50729590824381,0.0002026829438702138,-12.47165723425713
9.555848176237971e-17,13.56358634686568,0.0001153080184559396,-20.86526004115454
3.17603086687411e-16,16.48335897575994,2.453947738728646e-05,-28.66721697554012
3.17603086687411e-16,10.70461678202369,0.0005343426028354137,-24.78228206035412
3.17603086687411e-16,12.51694090840659,0.0002016393166645036,-11.95851126397554
3.17603086687411e-16,12.42722942895908,0.0002115595667475656,-5.138667927366403
9.555848176237971e-17,16.47900595604068,2.459588442826899e-05,-14.76404575939013
6.728744545674702e-16,16.48858367731314,2.447194668914188e-05,-41.6962839117749
1,0,1,0
1,0,1,0
6.728744545674702e-16,16.47619750040428,2.463234596133956e-05,-79.46516043975713
0.095509946790381,14.22712437797325,8.100912351444167e-05,-16.56177907625015
0.6235056701867666,1.049584818450811,0.1528013631625516,-46.66764520576365
0.1491683330146652,7.591231321112566,0.002932643773736032,-16.40223971783826
9.555848176237971e-17,15.87976345268192,3.374829234370491e-05,-12.47050148064737
1,0,1,0
2.731941657024047e-16,8.679274884898106,0.001609245075772425,-23.68232079664195
1,0,1,0
0.2303453145439717,3.740152759496382,0.02655979430377647,-44.08485379148546
9.682324783204268e-17,12.93068566264448,0.0001616196811484727,-32.94227830827175
5.840566125974614e-16,12.9307348700239,0.0001616154326931074,-19.36264363664058
1.028145822447522e-15,6.928368386112261,0.004241952589451758,-19.5583402795208
9.555848176237971e-17,12.65197878486164,0.0001875841885285445,-5.401750425239514
0.321473247512815,3.896266959758663,0.02419676265087384,-48.71375090756706
0.2884739555613817,2.443071435275598,0.05902244380856853,-50.55583865585119
6.728744545674702e-16,16.48605861079736,2.450456050240302e-05,-80.5684334082879
2.731941657024047e-16,8.872236007246546,0.00144770141377637,-15.54838562395218
3.17603086687411e-16,15.88102422508675,3.37258172023458e-05,-31.90292471989281
0.2302965450083753,3.741565523106068,0.02653734790539641,-17.24852698994349
9.555848176237971e-17,13.56902210053489,0.0001149745738584507,-12.06908648747772
9.682324783204268e-17,13.56902214300732,0.0001149745712568651,-86.38960145661912
2.731941657024047e-16,13.40485067309727,0.0001254872183345523,-20.23547267458486
0.2979803946707697,2.288201055973261,0.06518046964788538,-40.8706546049838
2.348106471166567e-16,11.67934264513923,0.000315989289094043,-12.70600470065258
9.555848176237971e-17,17.03925153871579,1.830752068726627e-05,-13.8859035142212
5.840566125974614e-16,12.81612764372722,0.0001718221141185361,-24.90081734917829
5.840566125974614e-16,6.928503551527271,0.004241632008810114,-14.98486114272568
0.3161006714215565,4.040220892663392,0.02221400305817489,-23.70273594583434
0.1473228774824325,7.736019843562147,0.002706499110695371,-32.49523066322639
0.1596352703742407,6.84964844114289,0.004432935834661977,-25.12104086984355
9.682324783204268e-17,13.40471850548631,0.0001254960605929223,-32.46639571549065
4.962065460491401,47.95598529987308,2.179478819641645e-12,-185.6257101357852
3.17603086687411e-16,12.52195821650529,0.0002010985692807998,-11.95959158228466
5.840566125974614e-16,12.81612768980294,0.0001718221098871431,-42.99486584735214
5.840566125974614e-16,12.65161215548025,0.0001876209784428262,-44.06020186009081
5.840566125974614e-16,11.67921513116019,0.000316010946511458,-24.73965393375331
0.3113587464314456,4.173513472563734,0.02053028391332767,-29.23150230224809
1,0,1,0
3.17603086687411e-16,10.14477853673987,0.0007235527407092324,-14.65755519213996
0.3116717991978514,4.164642212770929,0.02063806491194931,-42.52266626783593
0.3193174402783384,3.954394346076143,0.02337456909036645,-22.88728172133535
0.1607456323222533,6.77530808514922,0.00462137676504909,-18.95043730356514
0.1710403578190378,6.150350994674497,0.006569301161865382,-43.26337932950805
0.09549994946012912,14.22910665066457,8.092383829533256e-05,-14.65787080882867
5.840566125974614e-16,12.65145015728388,0.0001876372366862444,-50.31019969044925
0.3119595338175793,4.156505693042007,0.02073744181759174,-39.34389015875934
1.028145822447522e-15,6.928473386159759,0.004241703551833065,-28.00673196762966
3.17603086687411e-16,10.70909056188056,0.0005330520965565189,-13.06849089835559
0.3119768360339307,4.156021035428033,0.02074337711464985,-22.35034685727436
0.1471605086253981,7.746573816907173,0.002690727043661412,-38.21182930436795
0.4700759718526181,2.230622324117476,0.06764967127371768,-57.50648857203404
0.1214653069282416,10.23733918975019,0.0006881298504356481,-36.72356057555795
5.840566125974614e-16,11.67921527343593,0.0003160109223460106,-17.75289545815553
2.287852447174094e-16,12.43209201807522,0.000211009454136879,-36.68415665427327
3.17603086687411e-16,10.70911695405063,0.0005330444928337563,-13.7609704510945
0.1579747978376592,6.958610958698515,0.004170838465102633,-38.17195710213637
2.287852447174094e-16,12.93057971299642,0.0001616288289869594,-39.03960933908692
1.028145822447522e-15,6.714947125779133,0.004780406276938709,-67.45470691344339
0.1607310687640853,6.77617205042813,0.004619140286513668,-41.03174089758288
0.1710975596470512,6.14726897799661,0.006580759521660984,-24.34976468291965
3.17603086687411e-16,15.77501166865008,3.566925908549123e-05,-11.72995571087179
0.1236673349773954,9.976062722609072,0.0007929421818617666,-16.86283109883635
0.3216290483666975,3.892164425325852,0.02425593301483503,-30.26705402703626
4.730343101349462e-16,12.6517938804158,0.0001876027421022219,-25.01070582853331
1.028145822447522e-15,6.383036973508069,0.005760805831538873,-40.12742330186542
2.287852447174094e-16,12.65163535588196,0.0001876186501519328,-37.38882791507621
0.1711672405971978,6.143350852856944,0.006595356046899481,-15.06185059992049
1.028145822447522e-15,11.67802154989829,0.0003162137412047739,-189.9559775466377
0.3116585330783652,4.165020822075896,0.02063345289427665,-30.5530394197516
1,0,1,0
1,0,1,0
9.555848176237971e-17,16.48392312947805,2.453217653142215e-05,-6.958918388211668
0.373500354462296,2.766950213152725,0.0481146737477382,-60.02728978612856
5.840566125974614e-16,6.71861279373546,0.004770590549753317,-50.62116093344675
9.555848176237971e-17,13.40466533950918,0.0001254996176725531,-23.94522180585381
1.028145822447522e-15,12.52193563972618,0.0002011009992451407,-32.77308121140529
1,0,1,0
5.114956077737342e-17,12.81612768983758,0.0001718221098839234,-13.26313687011496
3.17603086687411e-16,8.679274885426945,0.001609245075305465,-13.2496516429731
1,0,1,0
0.1473478695230158,7.734060671230964,0.002709437293358707,-38.12071322888944
5.840566125974614e-16,12.43213681438041,0.0002110043929727801,-18.10648609338841
0.5942936108368158,0.6482849348787454,0.2103632641365913,-82.73184742460636
1.028145822447522e-15,6.778788876494943,0.004612373076585852,-49.12444895764849
0.467639803725792,2.266225909488909,0.06611077328296733,-42.5803978896559
2.287852447174094e-16,6.713574299618429,0.004784087679745697,-28.87139153649082
3.17603086687411e-16,6.780406018809003,0.004608196162976197,-26.63880606405656
1,0,1,0
5.840566125974614e-16,12.6518730897758,0.0001875947938963507,-18.47277823014677
3.17603086687411e-16,12.43215552949381,0.0002110022785431487,-11.21251720846528
0.1266942250544204,9.642013228781636,0.0009508833991114241,-28.75354057501901
0.156030395239727,7.093428449709407,0.003868355125322298,-40.44845155335385
1.028145822447522e-15,6.77694450769043,0.004617141626093724,-50.63063406492625
3.17603086687411e-16,13.40469202818604,0.0001254978320489597,-24.47239916775238
0.2302268004510429,3.743590570436972,0.0265052083880048,-22.21194174474483
5.840566125974614e-16,12.93044597178974,0.0001616403771323993,-51.25350096645212
5.840566125974614e-16,13.40471460832701,0.0001254963213296323,-18.37119908266715
0.2253322951085684,3.890688998221989,0.02427725024834843,-21.59838231857482
0.6325150116553898,0.9813512825502784,0.1609327119424165,-44.46280020781542
5.840566125974614e-16,12.82790091848082,0.0001707443221748428,-41.4843204963428
5.840566125974614e-16,11.67660657046572,0.000316454322687898,-19.91201345687508
0.7949400351657319,0.2840402607480144,0.2970326160001152,-63.09858982058864
9.682324783204268e-17,6.383582164614388,0.005759036587177691,-21.09939804492805
3.17603086687411e-16,8.679274885369701,0.001609245075355981,-19.31689341772264
1,0,1,0
0.5133179277971592,1.68364240111049,0.0972205826936211,-81.49791115798027
0.3117747699918279,4.161737912192365,0.02067347959340776,-38.19936078426979
0.253518145820019,6.279831723526371,0.006105984792804997,-32.94579027201817
1.061952344835301,0.03181245243013109,0.4292199512464011,-107.7473909351413
5.840566125974614e-16,6.928350827187003,0.004241994236921121,-38.55473539213624
2.804502661847769e-15,6.424609322875142,0.005627483384049614,-96.03450978789269
3.17603086687411e-16,11.67925342095237,0.000316004443082607,-10.8035656205245
0.9503650612613406,0.01577843943252333,0.4500194295578235,-68.47496097030439
1,0,1,0
3.17603086687411e-16,13.56902214340477,0.0001149745712325512,-30.29596776218663
0.5136620176281026,1.679914267795326,0.09746792238044433,-58.5699090415572
1,0,1,0
1.443358662371435,1.073686346239271,0.1500571348140666,-74.15942168164779
3.17603086687411e-16,15.87964988260299,3.375031763858116e-05,-31.78660240789618
5.840566125974614e-16,12.65187686135877,0.000187594415448078,-26.02431355523588
9.682324783204268e-17,16.48859021211513,2.447186234216803e-05,-105.5717561337241
2.287852447174094e-16,13.51098348981058,0.0001185856046410083,-32.29471763272197
1,0,1,0
3.17603086687411e-16,12.43211741765823,0.0002110065844330156,-17.69219602780295
1,0,1,0
0.2302270285459864,3.743575834763938,0.02650544210889832,-26.22599836158263
1,0,1,0
1,0,1,0
3.17603086687411e-16,13.51101987108117,0.0001185833056491781,-32.86713315601159
0.5971624819530073,1.269553745640437,0.1299252068306459,-62.74410146646198
0.3160420262287947,4.04176047742547,0.02219374724001905,-35.1152231506271
0.6236782306171499,1.048246513280418,0.1529556382647773,-112.6965786172836
1,0,1,0
1,0,1,0
0.6435245651313317,0.9031589664426036,0.1709680430336811,-44.63225004903552
0.1172934747102866,10.75264976385725,0.0005206506006886769,-21.99542539142705
0.3116557542863259,4.165100147516341,0.02063248673102847,-56.1256614757804
1,0,1,0
0.1579670052972731,6.959171372016272,0.004169532250662356,-23.31567338209593
9.555848176237971e-17,16.48927334753832,2.446304648440201e-05,-13.67595158816728
5.840566125974614e-16,12.81612768983757,0.0001718221098839234,-19.79993855212219
3.17603086687411e-16,8.679274885332077,0.001609245075389232,-11.68127241523839
0.2982589860243181,4.564258997543675,0.01632289706087675,-55.97714049848045
9.682324783204268e-17,8.679274885391493,0.001609245075336774,-32.89971447485534
0.1526834733111483,7.334749602633678,0.003381705019869563,-66.56787245974134
5.840566125974614e-16,11.6792916144416,0.0003159979561451753,-19.36425090528253
3.17603086687411e-16,8.679274885368294,0.001609245075357257,-26.17457618231441
5.840566125974614e-16,8.87301312930731,0.00144708527674231,-27.90834744583054
0.4826190493449708,2.056721057728495,0.07576797205835673,-47.31973476532634
3.17603086687411e-16,12.43219387209484,0.0002109979466707324,-12.31502933807949
0.2950335248373352,4.66842449278397,0.01536104923916398,-36.24498215520661
3.17603086687411e-16,11.67921524176467,0.0003160109277253742,-24.74173334975411
5.840566125974614e-16,6.382858663407291,0.005761384601337738,-26.18741060224946
0.3160966829805108,4.040322717248458,0.02221266278429868,-26.76274220518714
3.17603086687411e-16,15.77697319229615,3.563229652364663e-05,-27.46264853081849
0.1608498647247585,6.768633177131758,0.004638692995558302,-13.5691950469779
0.8053297987329967,0.2516393449941603,0.3079615612398287,-45.68291368807765
1,0,1,0
0.7469942891940839,0.468986674016179,0.2467268578104718,-50.42477848415219
6.728744545674702e-16,16.48514774037493,2.451633604716452e-05,-60.29060577082075
0.1557662209984987,7.111761402050973,0.003828991317446018,-36.29250039838352
0.3424272744036318,3.387847552049493,0.03283931821865604,-64.25255330414467
2.804502661847769e-15,6.723476961095969,0.004757597413992787,-72.94636181682867
0.1607351123299662,6.776013464826406,0.004619550721436549,-22.29178028456691
0.2254021416453859,3.888564030593962,0.02430798691779174,-22.46937799040089
0.1559420630264109,7.099554709994081,0.003855155234790131,-31.83146538459751
0.4887951517803953,2.636070636859131,0.05223081069959729,-74.93711974331271
0.7990404118358572,0.2710256104197271,0.301322306295858,-59.19741152462132
3.17603086687411e-16,8.679274885424256,0.001609245075307852,-20.25892470121402
0.5772447374222983,0.7302393232104905,0.1964028127884351,-29.15577175761962
3.17603086687411e-16,12.52195144690479,0.0002010992978974668,-18.78223840595197
9.682324783204268e-17,6.781622463044627,0.00460505676464934,-17.18097328882666
0.147302272304452,7.737643510938739,0.002704066548663675,-17.36801735444067
3.17603086687411e-16,12.52195039474133,0.0002010994111427689,-25.86215166374212
6.728744545674702e-16,8.679274885315373,0.001609245075403998,-18.21832074495892
2.731941657024047e-16,8.872474905314657,0.001447511976372329,-14.85336737110853
0.3120666016274374,4.153483323783455,0.02077448402345755,-21.52513041944199
0.6236300085211189,1.048619536928769,0.1529126171406608,-57.44163898655717
9.555848176237971e-17,13.56902214342493,0.0001149745712312744,-16.2737458841403
9.555848176237971e-17,17.03908912448727,1.830908661276665e-05,-18.56450810545418
9.682324783204268e-17,8.873415730036442,0.00144676618166234,-29.27562767013991
0.5897505799374111,0.6694324292285359,0.2066247790337293,-60.07331749313528
0.1557316935468648,7.114151924827709,0.003823888747168824,-28.41399335880005
0.2976435588740859,2.293324061446697,0.06496569531790025,-78.37434043785581
0.6230677253564757,1.052972930235285,0.1524116933013883,-63.60302280272244
0.155777245025418,7.111003992368488,0.003830609459961887,-15.54612918553951
3.17603086687411e-16,10.14559969084785,0.0007232305041250386,-14.57829025178226
5.840566125974614e-16,6.715129543659614,0.004779917319361948,-18.42950421097291
9.555848176237971e-17,16.48950403329406,2.446007020762142e-05,-14.7775625882894
1,0,1,0
0.1596063814501943,6.851581538207444,0.004428142068667651,-15.99495191727082
0.1172943488852479,10.75251953850162,0.0005206872381267602,-28.53268425311109
0.18670349847794,5.350356414632145,0.01035901760063379,-22.68717202467771
1,0,1,0
1,0,1,0
9.555848176237971e-17,13.51101996658616,0.0001185832996141722,-25.5708413485335
5.840566125974614e-16,10.14559952508949,0.0007232305691571295,-31.63547542934092
2.067373813075814,5.079614960482274,0.01210437277610971,-117.6989098767183
1.231124695552843,0.4029902339123907,0.2627745011204004,-101.4970969545039
393.4180948978361,23.06560066645229,7.828346427207755e-07,-21.65003213646595
1.000895011761619,4.973799150320701e-14,0.499999911027829,-4.532672255519058
0.5584900669320423,1.077327525135331,0.1496480885384708,-62.81241024342362
1.028145822447522e-15,6.595333602048214,0.005112319790576358,-54.36750058888163
3.644886302572903,12.72668376532107,0.0001802375837088865,-155.7058747365465
9.555848176237971e-17,13.51103685602946,0.0001185822323579999,-19.41125859851999