dN/dS,LRT,p-value,Log(L)
1,0,1,0
1.121308121888549,0.0755283132637885,0.3917256717351272,-79.76860631565195
0.96338052792187,0.008439682921249414,0.4634015586563117,-65.25594062125339
0.27266624989323,5.462192385646595,0.009716125202811676,-21.8168026893065
0.3245675163123835,1.909596228843597,0.08350405858735477,-33.92169986603827
1.537782595739935,1.44788654990495,0.1144336882335155,-73.11535616797205
0.8534200627595718,0.1322702547091268,0.3580448386513229,-49.12530899252803
1.607718069560721,0.9665415908728789,0.1627721066684977,-89.00404328320712
1.028145822447522e-15,6.154972860014965,0.006552156362562844,-35.070710260079
0.7510353699377431,0.2705760250897242,0.3014728156911159,-54.78927841426457
0.1708119595604016,6.166219477462686,0.006510628941165497,-15.69266831023273
0.6121077662802987,0.8559893562156375,0.1774317405242415,-30.621766053287
1.124557284566103,0.09261124034880197,0.3804416930754441,-60.98834316264983
0.6840462632022331,0.6560922758446566,0.2089714580760614,-49.83367971552138
0.9642202135438676,0.008047757423526036,0.464259115107459,-71.9898382451848
0.5173911987141353,1.639626459926383,0.1001883635405887,-29.7254539493754
0.6419674673567323,0.9144278327064512,0.1694711538196402,-72.41363190765227
0.1616494490639371,6.718330943671539,0.004771344539303779,-15.53942621186619
3.17603086687411e-16,11.7003649018733,0.0003124392122191844,-13.10701616534916
3.17603086687411e-16,5.844154368132457,0.00781444146834126,-19.64823459012657
1,0,1,0
0.1363136877764016,8.673224645863669,0.001614596422519265,-13.72965543570337
1,0,1,0
4.730343101349462e-16,7.985998395466702,0.002357024587608059,-11.20734258385608
0.1678915596598299,6.336900773238234,0.005912566096752003,-22.18103612450189
0.3207512202864116,3.917124910546789,0.02389827798681959,-61.71934108268316
0.1723028713904863,6.081127758423598,0.006831675924095559,-28.38109170194663
3.17603086687411e-16,11.59840598148365,0.0003300418610322486,-25.51858045702253
2.731941657024047e-16,8.114919439725053,0.002195121187190285,-14.58318771816498
3.17603086687411e-16,11.70036490188106,0.0003124392122179076,-12.00686907610521
0.1616090944376151,6.720917591763531,0.004764429461125208,-17.543935709341
5.840566125974614e-16,11.70036494403096,0.0003124392051404579,-18.47130075716992
0.1702025694731156,6.200968878017378,0.006384020068805174,-32.6071708657636
0.1616000057749913,6.721490871622755,0.004762898259943971,-21.15418923128878
2.731941657024047e-16,11.70036490187436,0.0003124392122190178,-12.41326890302905
0.850819991131725,0.1375546147865236,0.3553621304070997,-67.11093500694928
1.028145822447522e-15,6.155939963954992,0.006548574716045752,-50.17308929038544
0.1744817794634804,5.961431271914435,0.007311083120994044,-33.27269230624411
0.7477774275828947,0.3722901717072915,0.270879283620218,-44.49102468834757
0.1723118331138944,6.080515504716004,0.00683404400602633,-18.72467694572197
4.004733053112191e-17,11.74225943762265,0.0003054840349042132,-11.67740960305412
0.1708119615601356,6.166219689649633,0.006510628160236287,-15.69223120260438
5.840566125974614e-16,11.74225943761233,0.000305484034905934,-18.4520889432938
3.17603086687411e-16,11.70036490188106,0.0003124392122179076,-12.00701311137041
2.287852447174094e-16,11.90776801385228,0.0002795017001325784,-47.13497189667142
9.682324783204268e-17,9.308206324238199,0.00114064856416829,-30.32563226595838
1.023120331919791,0.00310459310625788,0.4777828811261375,-63.16988761814484
1.034967344822565,0.006989488904878272,0.4666859759210545,-89.0797866677256
1.603134011623099,1.720540020903115,0.09481177366255639,-100.3671890086241
2.287852447174094e-16,6.154739358382677,0.006553021432095463,-22.54816478998399
0.3489861030216577,3.245141766102385,0.0358177465469291,-28.67392689055931
1.787064262608757,3.074461700390458,0.0397654592544589,-104.7997944077719
0.5615428648053186,1.219732672396177,0.1347065608009536,-51.15155203982186
0.3361976744575708,3.533490532079469,0.03007052631751156,-52.4803337160707
0.6900567760299902,0.6240221380605817,0.2147782747769687,-72.87636186437035
0.6689505194491825,0.9269383271869174,0.1678298823268766,-75.53350598412067
0.1870944741750775,5.328517106017323,0.0104896137777441,-28.31422242079435
2.449231293967717e-15,6.155282837570979,0.006551008148791448,-62.62646724570328
9.555848176237971e-17,12.28846404362753,0.0002278833345036313,-13.11974303119846
0.7492909606179143,0.3668563782424883,0.2723614088198811,-37.92838434554339
0.3247993649640989,1.906492149643171,0.08367671878888583,-36.76316970140598
0.8417645035856948,0.1883603991006453,0.3321423804026439,-58.06257741791106
0.1330481156902854,8.988157328055223,0.001358674359817402,-29.99589278988206
1.193965761658341,0.2071069749898413,0.3245222195633833,-73.50012205359864
0.8033346384119722,0.2578151775429376,0.3058125729325444,-45.35720972497739
0.166533674275869,6.419446567060376,0.005643866634729933,-17.62101561062838
6.728744545674702e-16,6.223338253870438,0.006303858906343718,-41.03673962893609
0.1679556123496948,6.333273284192028,0.005924671055127562,-15.79168034682445
1.028145822447522e-15,6.222440150879535,0.006307057263525206,-34.83441116116288
0.132968117053434,8.995992704260317,0.001352861283395679,-29.31443772366208
0.9361928571453803,0.02216493051835755,0.4408245906668201,-46.08442365016496
5.840566125974614e-16,12.28840574747183,0.0002278904527328041,-32.98066279290192
0.8629294318915168,0.1139432275710277,0.3678493631689574,-56.6261749986862
0.1755184653978971,5.907033482470759,0.007540273244351747,-21.80759829796032
9.555848176237971e-17,12.46968904640336,0.0002068044696157956,-12.76289535062644
0.1330099427200423,8.991897058426233,0.001355896691805969,-40.80625804699115
1,0,1,0
5.840566125974614e-16,11.3872691668719,0.0003697458143858134,-32.30856794360319
0.3246771313608763,1.908085131832351,0.08358806029567328,-51.76435849630747
9.682324783204268e-17,14.46230863989479,7.149616827789584e-05,-53.61722774306848
0.1722942026034288,6.081492458826389,0.006830265732807483,-33.74519400263013
1,0,1,0
0.174491498665707,5.960802315948655,0.007313691654582788,-44.55534396206023
9.555848176237971e-17,12.28846338195023,0.0002278834152961706,-13.35836624934753
0.5235398946055894,1.574353803089295,0.1047879304489514,-51.49744386229934
1.485967756564818,0.8266609654600927,0.1816199130599037,-47.60105767444717
0.5322018563002092,1.487937338387596,0.1112683847352673,-45.74383911574151
0.6448121643054167,0.6713353448779031,0.206293216089582,-49.49961081834653
0.1708184639305896,6.165850140404515,0.006511988388927858,-15.52572452319524
1.287849799612274,0.4703413346080083,0.2464150903088589,-79.05400434637097
1.035165525617884,0.009429388496926094,0.4613214898285377,-77.1666883118223
0.4928622282796851,1.283906401531738,0.1285869838220354,-32.59335157688595
1,0,1,0
0.2146377651772992,4.236217154499371,0.01978512065669363,-29.16722883605435
4.676412907705265e-16,7.985998395628382,0.00235702458739756,-12.35537244137221
9.555848176237971e-17,11.3873359981815,0.0003697325120387562,-13.339187663761
3.17603086687411e-16,11.74225945094146,0.0003054840327181285,-27.14340306384313
3.17603086687411e-16,11.45492730573581,0.0003565233920695965,-25.79155693651017
0.5127616623387402,1.690856517495376,0.09674404993222963,-39.21468150976108
1.504020333451036,1.020514600310605,0.1561984878324826,-75.33818224833192
0.7760296297086452,0.4198490559862478,0.2585061860176193,-55.34648971688808
0.4927575243538184,1.284783199958198,0.1285057854912954,-24.36812473399235
0.808210891493458,0.2431691563103726,0.3109632474080176,-46.53695558992031
1,0,1,0
9.555848176237971e-17,14.45850421289028,7.164072616538952e-05,-13.3309379928548
2.287852447174094e-16,11.70036491519062,0.0003124392099830842,-32.78132665278662
3.17603086687411e-16,12.28844416382508,0.0002278857618938646,-19.89873551967329
3.17603086687411e-16,7.9859983956284,0.00235702458739756,-12.35562553772565
1,0,1,0
3.17603086687411e-16,14.4591044829614,7.161789799525753e-05,-28.99794540900846
0.8093158399808658,0.2399384914755274,0.3121252715089742,-67.40023298945151
9.555848176237971e-17,9.805615898821998,0.0008698987987797446,-19.16075330656417
0.5269327429873301,1.539172888600092,0.1073704805441538,-72.62684287862038
1.302655567247195,0.5117111664382321,0.2371995210299367,-71.51509556900315
0.5009972014063382,1.217123496133382,0.1349629533412961,-25.01296119791279
3.17603086687411e-16,11.45501249999721,0.0003565070473179333,-19.00224866531196
1.028145822447522e-15,11.4547249699731,0.0003565622137722269,-54.23450296246988
9.682324783204268e-17,6.154280803977159,0.006554720611809228,-54.26920484615169
0.1397283352080014,8.367049143098008,0.001910427677672522,-21.67081128287977
0.1744312650211043,5.964174900567542,0.007299715385078065,-33.72362781355106
0.3104559076496856,2.099729095334403,0.07366261966489979,-29.34288820308007
0.6425292190517603,0.4554594460286268,0.2498768439878387,-40.52007315887334
0.1290774900382173,9.389226215711503,0.001091321546261514,-21.40818459906873
9.555848176237971e-17,8.114671978437357,0.002195420857036112,-15.27770209864594
0.3400687036790518,3.442931318639964,0.03176144796608482,-36.08125351464565
2.287852447174094e-16,8.115729926345381,0.002194139998328792,-20.37190980834798
0.4933831911583175,1.279552684246667,0.1289911113545297,-37.57526668802997
1,0,1,0
0.8741059252364755,0.09450198091401774,0.379264994798607,-39.57877803280441
0.6734678711597158,0.8938338790731848,0.1722202367358245,-88.83462019329576
0.2039309927477971,4.622873136672716,0.01577417578594587,-16.63530446370501
2.287852447174094e-16,11.45478638927703,0.0003565504289386734,-28.20425143177621
1.362640294051299,0.8628364345308626,0.1764730755495679,-92.94394333585412
3.17603086687411e-16,9.805502510797695,0.0008699524353436572,-24.36974272623693
0.1664813936410139,6.422592123518186,0.005633878854158336,-44.319540063559
0.3741789988767888,2.752651203449886,0.04854665611525028,-44.5873328864912
0.854752564296794,0.1296090786050854,0.3594188521829426,-40.66134265009975
0.5168176992099193,2.195519336017441,0.06920627584705902,-46.25461545759966
1,0,1,0
1,0,1,0
0.1664594778007003,6.423901659317316,0.005629726161327675,-24.87341261548596
0.8629451093119427,0.1139138161966002,0.367865781911601,-63.75970573217116
0.3359365640290696,3.539702226452306,0.02995810839127805,-28.7374484731569
9.682324783204268e-17,12.36776010511193,0.0002184056663456779,-32.64527030417602
0.7065102226186791,0.4073177180351877,0.2616670374614103,-95.44368828186084
0.5175747699638464,1.637590428251329,0.1003281959258654,-49.16926018640704
0.1869871684872607,5.333471343228297,0.01045983943125178,-25.52249778588702
9.555848176237971e-17,15.03304274665059,5.282258970190634e-05,-35.77662360441038
1.021668126653436,0.002732014481523493,0.4791573060954903,-62.64441816704085
2.287852447174094e-16,11.70036491518,0.0003124392099848605,-37.99218632602298
0.3207192901870626,3.917960789054064,0.02388639754108063,-49.73126091690968
9.555848176237971e-17,12.46968900757129,0.0002068044739149677,-12.55015904519189
2.287852447174094e-16,12.28828018186286,0.0002279057856342526,-51.66720655244903
1.168327383280956,0.1607613274623958,0.3442282731977224,-62.64474267572407
0.8408523447032306,0.1590633931601673,0.3450101478140999,-47.74171707775344
1.124963672329691,0.09317062771623341,0.3800922024155273,-65.44316452710768
0.2764944181188942,5.317372599401992,0.0105569119046936,-49.45119111137481
1.1256563991466,0.09426489951873407,0.3794118315037161,-61.85226367427788
0.7486131734321118,0.3692691631515146,0.2717014532934739,-63.93041428484084
0.7754930744460145,0.4222371855126852,0.2579114189777193,-63.31912764118391
9.555848176237971e-17,9.805644235670961,0.0008698853949668517,-19.15901896745664
2.509897052099161e-16,7.985998395644103,0.002357024587377132,-13.04679494307923
0.3742077747861469,2.752143860809994,0.04856206071174501,-33.699184920355
1,0,1,0
0.3419761100432391,1.700454841040667,0.09611425231695453,-50.48972319879292
0.136759274141629,8.626918440730535,0.001656157095775768,-39.94677421323766
1,0,1,0
0.3246366628436016,1.908579346997342,0.08356057628765245,-61.41221832785116
0.3405653870082259,3.431633969976474,0.03197939632197089,-40.83413126237256
0.3741938256982595,2.752399101631369,0.04855431009235028,-34.70813849862701
1.125546874505377,0.08058534017411034,0.3882528688636516,-91.44360489022075
2.789510900852258,15.33029746566206,4.512864993405641e-05,-185.8435474072995
3.298248753502186,18.79415259024989,7.280643954610255e-06,-158.1525904399849
0.2463626575742609,3.312127578567193,0.03438520159117847,-29.18986895498398
1.028145822447522e-15,7.985998395359587,0.002357024587747503,-36.77550277194755
1,0,1,0
0.3741859484231602,2.752535814550797,0.04855015923491979,-56.44825220427383
0.1772286969766677,5.819693984927696,0.007923850965373735,-26.51452558175827
0.7778396309132075,0.4118312871791829,0.2605207384154809,-63.53629279754339
1.501423820997883,1.155648274365888,0.1411849409122848,-78.94758367778617
0.2147194112424801,4.233432784871908,0.01981760011105571,-35.38765191379898
9.555848176237971e-17,7.985998395644156,0.002357024587377021,-13.04977645582734
0.1754066552825364,5.912412241212493,0.007517285373438209,-61.88336599083325
3.17603086687411e-16,11.59851930135479,0.0003300217510463499,-11.74361553202069
0.1615963996388562,6.721543688970627,0.00476275721287428,-25.84962301496191
0.374092881605852,2.754209167730536,0.04849938446244201,-28.39843028217774
1.334107023586456,0.755004315917688,0.1924482226000782,-94.5478513087004
3.17603086687411e-16,10.68565606360815,0.0005398471842790187,-11.29545741420573
0.6988765548746737,0.5794203584511877,0.2232698058382775,-46.30712424985304
0.8524954540680556,0.1341350520272329,0.3570913103420618,-82.00146265810821
1.028145822447522e-15,11.26801167177607,0.0003942707211316843,-67.13146334666989
2.287852447174094e-16,11.74225945083353,0.0003054840327358366,-49.34770143701818
9.682324783204268e-17,6.155348132554053,0.006550766310564338,-28.11354784471451
1,0,1,0
5.840566125974614e-16,15.03316137198811,5.281926971328899e-05,-29.40758914987204
0.5272700818310485,1.536438324132092,0.107574366538142,-43.49466151445563
3.17603086687411e-16,11.90810907995915,0.0002794505290810156,-23.3633409578438
5.840566125974614e-16,11.90836400461213,0.0002794122882368577,-26.42245775945868
0.1664685189589755,6.423362614798187,0.005631435154705988,-25.6665885457029
0.8594038557199513,0.09650314692339634,0.3780335245880269,-65.64665328577711
0.5131522960232822,1.686522678551356,0.09702999585722355,-47.62192701041045
1.038343070342613,0.01116451488971393,0.4579251592245107,-71.53019459281688
1.774305667240681,3.007128026548855,0.04144952584626838,-102.1570020550916
0.1615777125434816,6.722773970173719,0.004759472995908842,-41.81371756368739
5.840566125974614e-16,6.442953099028607,0.005569665800697121,-20.07111552960564
3.17603086687411e-16,6.442789517212212,0.005570178689998317,-24.0686473528787
0.9056720986031063,0.07091309484709996,0.3950059627492264,-109.8496314106356
0.1772435678150848,5.818916204815523,0.007927355701288108,-35.200846727425
3.17603086687411e-16,7.985998395593366,0.002357024587443191,-11.90222978847833
1.028145822447522e-15,6.443024187051272,0.005569442928643809,-20.46216047333672
0.1722928964181096,6.081740359393205,0.006829307343732327,-15.22580916468888
1,0,1,0
1,0,1,0
1.455523611278795,1.120708780937036,0.1448829431621694,-76.04138965856809
0.2502424655850595,3.216325530846103,0.03645355895268593,-14.64997699537142
0.5110636445356768,1.709809540928731,0.09550504175987978,-39.33265208270078
0.2038843424644365,4.62464071537336,0.01575793057723723,-22.16133076372812
3.17603086687411e-16,11.742259450875,0.0003054840327290642,-25.74497278573715
0.3994226829930586,3.51027489384856,0.03049466760634417,-94.32057051925999
4.11416966347981,28.82475918906965,3.961587213829887e-08,-192.1407775139651
4.004733053112191e-17,8.114739143641106,0.002195339517423456,-12.57182935074348
1.547212042056282,1.816942967520419,0.08883879753672141,-81.6665208287758
0.5008845055219194,1.218018578384715,0.1348749288169941,-37.96833617932659
0.1290843131580892,9.388538007372638,0.00109173130027318,-21.81401902651102
0.1869906890113076,5.33336150519402,0.01046049859515047,-40.71641382744711
0.374185380682822,2.752559075867367,0.04854945301677466,-42.86562494762699
0.4078397364291222,2.217550943104769,0.06822467856895525,-35.84085622900915
0.3744336541292169,2.748021210873986,0.04868743572550943,-70.32131402994385
6.728744545674702e-16,12.01029501111718,0.0002645374103676934,-55.82561726645127
3.17603086687411e-16,11.45496809754576,0.0003565155659550068,-11.43139745838069
0.1362958291108634,8.674325949614428,0.001613620991106957,-22.57058738961067
1.448441246337098,1.093445287333054,0.1478545517254432,-133.5012760280037
0.1365945754230614,8.646069948247863,0.001638837987907704,-21.89214977522901
3.17603086687411e-16,14.30274839028451,7.781873797263472e-05,-31.64743478605713
0.3331421339820811,3.607156800186729,0.02876569884616031,-51.46418395359308
3.17603086687411e-16,10.68565605030488,0.0005398471881612465,-11.29513243632144
0.1701460968760755,6.204214022820395,0.006372326367161119,-37.08292719093708
0.5382222509767175,1.904874867646797,0.08376683990305267,-50.35135460974494
2.932566572024871,14.95501547039134,5.50524973355615e-05,-134.3068487014012
1.242826898897962,0.175637361397051,0.3375747725077954,-50.18114758265328
5.840566125974614e-16,11.45492724326808,0.0003565234040545096,-25.78982854761355
3.17603086687411e-16,15.03256524819336,5.283595566119015e-05,-26.31069161340267
2.731941657024047e-16,14.30148626442269,7.787093157329839e-05,-12.88846232785895
0.3147705694520243,6.117711948371344,0.006691696054463958,-28.65326342789157
0.344770211637393,3.336484317641123,0.03387962159439306,-35.88160901912178
5.840566125974614e-16,7.9859983955727,0.002357024587470058,-25.67307213760128
1.251029782796141,0.2324585405595911,0.3148534098429015,-45.08874820960386
1,0,1,0
0.512978587234134,1.688451402891928,0.09690261712920845,-30.65437327562788
0.9740629544830256,0.002087056819675581,0.4817809319912856,-75.26345304498808
1.195954808600924,0.2109028204781964,0.3230303505516993,-65.0086127999909
1.224883604529637,0.2687785072697011,0.3020761696377707,-103.9248338845064
0.1664884372015354,6.422168104616119,0.005635224141832929,-57.63254947967344
3.17603086687411e-16,14.45909965998489,7.161808138306247e-05,-20.66883460460735
0.6471120571239407,0.878971352738219,0.1742417862361457,-52.87049017062913
1,0,1,0
1,0,1,0
0.684869004559999,0.6516677171513976,0.2097585287818328,-45.52251655524258
2.509897052099161e-16,9.805672684309929,0.0008698719384858111,-12.44664379400165
5.840566125974614e-16,11.45484520416986,0.0003565391441955335,-31.17152598776366
1,0,1,0
0.1708508496709656,6.164010381499544,0.006518764481405204,-24.43041306595314
3.17603086687411e-16,14.45922027523991,7.161349527712302e-05,-25.60071121243756
9.555848176237971e-17,11.59854768322794,0.0003300167145324773,-12.43811437491904
1.028145822447522e-15,6.154879922418431,0.006552500660793825,-55.60881085939616
0.6836892956302509,0.6580244682515115,0.2086291239160942,-62.56128907563471
1.022649645649793,0.002981301296273386,0.4782280539567539,-65.73696360666959
6.728744545674702e-16,12.01029501116275,0.0002645374103612541,-58.31584495213669
0.1397743175771055,8.362929824832257,0.001914763170074441,-26.35201902171719
0.5010718583585151,1.216536370540226,0.1350207316578991,-35.49723253559719
9.555848176237971e-17,12.46968900757419,0.0002068044739146346,-13.2449193583346
4.730343101349462e-16,9.805616051378095,0.0008698987266175795,-26.16384996738164
1.286656862125301,0.4670442687518914,0.2471750475056817,-78.84679122712862
0.2098247862757183,8.806691697840691,0.001500638677726485,-19.81747135879778
0.349118694799916,3.242242808971596,0.03588116903577154,-40.09326752818876
0.700965888703865,0.71182223790602,0.1994197680405416,-50.74268832749878
0.3447665819465893,3.336601620918159,0.03387720601812638,-35.85685904156471
1.448790142899961,1.09477942541875,0.147707331847146,-80.3156561622046
0.8320237715387861,0.215545837726296,0.3212274641550686,-63.84146718996367
0.4296872760146394,1.927927178570854,0.08249270027357797,-32.51837408394267
0.1329583807066824,8.996947557434851,0.001352154604806699,-35.04112182606345
3.17603086687411e-16,11.38729748666141,0.0003697401774528375,-11.7268630759707
0.8793879567351175,0.08600749642758387,0.3846577586773648,-49.73931744508646
0.3510765723097016,3.201679235814154,0.03678135119622256,-46.67287419103864
0.2464102246750556,3.310947461938362,0.03440990170394942,-31.02617872737077
0.1616085635499668,6.720696324201406,0.004765020590338953,-31.71089992155069
0.8554861860541288,0.1281581356095103,0.3601747215357032,-48.5386227472113
2.00945590690963,4.684938342845356,0.01521407778948303,-103.1220690141865
1.706409633621773,2.402447100706695,0.0605728059443798,-133.5825166735993
1.011759385265439,0.000815459975711974,0.4886092487209771,-107.1049116258509
1.786431968205176,3.071122231328957,0.0398472195997685,-93.99987307077662
5.840566125974614e-16,12.28844479838341,0.0002278856844117882,-19.42748795879423
0.5172355576031713,1.641275377869633,0.1000752855340801,-59.34815419254242
3.17603086687411e-16,11.70036490188106,0.0003124392122179076,-12.00719510106611
0.1708184499370095,6.165850120439046,0.006511988462424234,-16.08770515088813
2.731941657024047e-16,12.2884249718126,0.0002278881053274229,-26.72756156935519
5.840566125974614e-16,6.442755660828752,0.005570284848295082,-55.87713089125849
3.17603086687411e-16,11.70036490187785,0.0003124392122184627,-20.2860640147199
1.168751315763579,0.1614934039223783,0.3438926408515497,-87.86333836365029
1.687093811685045,2.076678484267774,0.07478266278134565,-107.1455783862417
4.004733053112191e-17,15.03316162485027,5.28192626366164e-05,-15.41262295298109
0.1602961292869837,6.807485682674354,0.004538824802503005,-35.77233114784509
1,0,1,0
0.172297161373626,6.081376958440686,0.006830712307093478,-32.791245195621
1.079427045152291,1.4210854715202e-14,0.4999999524423742,-4.365972830987618
1.137157793905273,1.56319401867222e-13,0.4999998422691992,-4.453504116996164
1.503755633450176,1.509903313490213e-13,0.4999998449811057,-5.09141046843696
9.682324783204268e-17,11.70036494402102,0.0003124392051421232,-29.18236478974656
6.728744545674702e-16,15.48650225431082,4.154826084562524e-05,-40.97237366653103
0.3550734841571302,3.120748923348486,0.03865062401111441,-70.182344624138
3.17603086687411e-16,12.01029470207204,0.0002645374542331602,-16.02450724260826
3.17603086687411e-16,9.805698955183662,0.0008698595122961228,-13.09071090928861
0.9003836649034962,0.03415207802976283,0.4266918524755327,-71.08503446455721
0.1722694711899818,6.082827013829004,0.006825107945342468,-47.00647675446223
0.5985502281186025,1.310410799645084,0.1261601456926634,-53.96278181398498
0.6730165526215941,0.7178820955904257,0.1984197500650899,-44.2574525714338
0.5039167309314162,1.79288529395042,0.09028750678506886,-62.78991774018068
0.7028854464659606,0.5599040585050261,0.227149450738087,-64.59267271923726
3.17603086687411e-16,11.70036490190083,0.0003124392122145769,-20.90971218521065
0.1755201047783256,5.90694722981878,0.007540642462243508,-15.6735729067693
5.840566125974614e-16,14.4626651194755,7.148263808098854e-05,-51.93529843759656
0.9372501851404366,0.02140376806524102,0.4418421776297056,-59.09244414674481
3.17603086687411e-16,12.28843454015396,0.0002278869369856107,-19.4936700746047
0.1665032951132264,6.421277332665397,0.005638051373932751,-43.12143155051348
1,0,1,0
0.5006813113278543,1.219633922378826,0.134716253458075,-30.07342194733999
9.555848176237971e-17,11.7422594376445,0.0003054840349006605,-18.63163306392832
0.5612976250367581,1.22177011654837,0.1345067727735144,-47.20269920040928
9.555848176237971e-17,15.48653055160565,4.15476388407332e-05,-26.27336327316515
0.6848592396822297,0.6517193992989689,0.2097493097471283,-46.11198220883017
0.374187327175253,2.752533558856086,0.0485502277188502,-25.23092949708904
0.3211893336778995,1.953433643050424,0.08110866153164126,-25.63622713554102
0.1397534799958749,8.364840145116311,0.001912751356638542,-20.89135097737044
0.6494962248483866,0.4318497980355573,0.2555413368811416,-55.78499100350188
5.840566125974614e-16,12.4696890463748,0.0002068044696189597,-23.60418410498453
0.1709915692963325,6.156046150524702,0.006548181579250412,-38.03894695856417
3.17603086687411e-16,14.45933588682108,7.160909970138629e-05,-20.67253546425703
6.728744545674702e-16,6.222599085487516,0.006306491138385051,-35.92136576532103
0.134379101003681,8.859061773510689,0.001458187175075509,-28.35964175616211
1,0,1,0
2.224395576155055,6.457444911467888,0.005524420381814554,-119.4486253606526
3.17603086687411e-16,12.01029501434934,0.0002645374099089493,-39.90260816428764
1,0,1,0
0.3511622638442031,3.199863925808373,0.03682219863601244,-41.9717389700994
0.3102513232874657,2.10270338581369,0.07351948168865902,-17.07653515866366
0.2146951724041454,4.23425909914387,0.01980795538629043,-45.77072375922861
0.13975695613362,8.364468940880926,0.001913142114148503,-26.64072128875539
5.840566125974614e-16,15.03328037245771,5.281593943678997e-05,-26.32754739954242
1.028145822447522e-15,6.152842766513558,0.006560052217676249,-35.06140062956214
0.2038729765100018,4.625093416511469,0.01575377276466916,-16.04586545036745
9.555848176237971e-17,15.03161250582887,5.286263464349128e-05,-24.00110460841378
5.840566125974614e-16,12.46968904627509,0.0002068044696299509,-28.39936892146261
3.17603086687411e-16,11.38731679803,0.0003697363336572779,-12.24027623919405
5.840566125974614e-16,12.46968904640335,0.0002068044696157956,-20.62299637380071
9.555848176237971e-17,15.03328037658935,5.281593932116024e-05,-28.43217754112983
5.840566125974614e-16,9.805587169185898,0.000869912388601346,-18.93264259730804
9.555848176237971e-17,11.38729752211959,0.0003697401703950942,-11.72760028828429
1,0,1,0
9.555848176237971e-17,15.02900012442026,5.293585692001113e-05,-14.3816180874614
3.17603086687411e-16,15.03280231214481,5.282931942979241e-05,-36.78948846806838
1,0,1,0
1,0,1,0
1.028145822447522e-15,15.02626074925595,5.301274834024206e-05,-79.60378907646526
0.1048479340481333,12.54993078998594,0.0001981104882289308,-16.42389419486735
0.510884259177766,1.711823539230991,0.09537447325917048,-39.47369216608717
0.1616946931115367,6.715414485018108,0.004779153657738566,-16.10148269488325
9.555848176237971e-17,14.45969221491547,7.159555374397497e-05,-12.23491041110604
1,0,1,0
2.287852447174094e-16,7.985998395005439,0.002357024588208578,-23.86858856986676
1,0,1,0
6.728744545674702e-16,7.985998395462801,0.002357024587613166,-25.67495745187643
9.682324783204268e-17,11.90830885479708,0.0002794205607255518,-32.71912085383524
3.17603086687411e-16,11.90844905047662,0.0002793995318164932,-12.64892375173685
5.840566125974614e-16,6.442932610863487,0.00556973003599337,-19.37619918061911
1,0,1,0
0.1744532808605939,5.962963265181358,0.007304733335062652,-41.33496689517322
0.3102323676931586,2.102981509241687,0.07350611302978755,-43.60009955424523
1.028145822447522e-15,15.02911495026967,5.293263632971668e-05,-79.39850484559597
4.730343101349462e-16,8.114671970854559,0.002195420866219322,-15.27773288797966
3.17603086687411e-16,14.46076115403243,7.155493306604255e-05,-19.41552545177139
0.2503021174650149,3.214898793581305,0.03648535191184199,-16.93157777645083
4.004733053112191e-17,12.46968900758958,0.0002068044739129138,-11.85470976355978
2.804502661847769e-15,12.46968904593916,0.0002068044696671434,-85.9350814987215
3.17603086687411e-16,12.36787371027032,0.0002183923772851037,-20.03144173141123
0.3251008965240866,1.902804175991449,0.08388238908918072,-40.07012004035582
9.682324783204268e-17,10.6857002513022,0.0005398342894724073,-12.3551659916916
9.555848176237971e-17,15.48664388844007,4.154514766935291e-05,-13.65582261118085
4.730343101349462e-16,11.70036490191687,0.0003124392122119124,-17.50738747020463
5.840566125974614e-16,6.443065228298664,0.00556931426209023,-14.64928952377154
0.1723662954270023,6.077653706572129,0.006845124103386946,-17.05379449020997
0.1603223705647639,6.805769876032855,0.004543188372925944,-32.13755422627264
0.1755544567528353,5.905090367983014,0.007548595564801808,-24.76438584942636
9.682324783204268e-17,12.36773197105411,0.0002184089574771564,-32.24315990171193
3.754977620386636,24.64890013887037,3.439199934840431e-07,-150.8840578550971
9.555848176237971e-17,11.38729751452386,0.0003697401719069959,-11.72744132081876
5.840566125974614e-16,11.70036494400109,0.0003124392051455094,-34.67155310199086
5.840566125974614e-16,11.59818058813157,0.0003300818634962566,-43.80128017271147
2.287852447174094e-16,10.68557396859131,0.0005398711419880575,-24.5475331350104
0.340219187532558,3.439498226619392,0.03182751113919463,-28.8036834244032
1,0,1,0
2.731941657024047e-16,9.309625522598925,0.001139765345541888,-14.39890096618791
0.1702295081438058,6.199433323115642,0.006389561041161396,-22.4517228131889
0.3511605287211768,3.199930612016701,0.03682069722632458,-22.46941357272869
0.1744720773261521,5.961904819628906,0.007309119760022298,-18.67102876684452
9.682324783204268e-17,10.68555649189636,0.0005398762423338144,-29.67678600998782
0.1048359127791912,12.55188852269186,0.0001979030444182461,-14.56161268768909
9.682324783204268e-17,11.5984914747285,0.0003300266891041459,-26.91060863472006
0.3417311601381094,3.405249756944102,0.03249463765719174,-38.88278359063452
5.840566125974614e-16,6.44302388964087,0.005569443861052792,-27.66000974383872
9.555848176237971e-17,9.805701057240089,0.0008698585180259011,-12.85248685705156
0.3417488843012472,3.404855166306,0.0325024102729275,-21.94153649678544
0.1601412673010688,6.815473350665997,0.004518567306778243,-37.83852182220229
0.3424988389825825,3.38752070704254,0.03284582916639056,-43.9620463611255
0.1332789685685394,8.965685980781288,0.001375486947911619,-36.36319245995963
9.555848176237971e-17,10.68557413734691,0.0005398710927391748,-17.5560016896985
2.287852447174094e-16,11.45493037769435,0.0003565228026928269,-30.91745646495244
9.555848176237971e-17,9.805729370679874,0.0008698451259142037,-13.54522128793604
0.1723355307146161,6.07934651058406,0.006838567800241668,-32.43770018488435
2.287852447174094e-16,11.90819530575679,0.0002794375938940941,-38.80745494548934
2.804502661847769e-15,6.155183201176413,0.006551377197727026,-66.78286718200032
0.1744535455721302,5.962852476130877,0.007305192341597488,-34.26435625700621
0.1870372925095786,5.33122031470883,0.01047335697435076,-24.02936260309195
3.17603086687411e-16,14.30178498416445,7.785857521697137e-05,-11.49612321520732
0.1364205500771518,8.66332792705893,0.001623388939423265,-16.68885074004081
0.3491007252704623,3.242666408247239,0.03587189415670267,-29.73443397545559
2.731941657024047e-16,11.59837773475152,0.0003300468739502738,-24.82582139643265
2.449231293967717e-15,5.844573756455887,0.007812579208646087,-39.80705452801776
4.730343101349462e-16,11.59823607795866,0.0003300720147930702,-29.97911829688751
0.1871124775749969,5.327753849440153,0.01049420864618728,-14.74950688630014
1.028145822447522e-15,10.68460077596558,0.0005401552298012202,-143.4332526357844
0.340564407254773,3.431652243564805,0.0319790425030797,-30.12233900521802
1,0,1,0
1,0,1,0
1,0,1,0
0.2039142329637138,4.623408354006131,0.01576925494387388,-50.76134147134288
2.449231293967717e-15,6.158943821556562,0.006537462829742824,-55.73837331156096
4.730343101349462e-16,12.36767490056598,0.0002184156337557419,-23.73082166447841
2.287852447174094e-16,11.38726877321754,0.0003697458927416353,-32.5533305961583
1,0,1,0
2.731941657024047e-16,11.70036494403097,0.0003124392051404579,-13.03004146549835
3.17603086687411e-16,7.985998395644128,0.002357024587377077,-13.04768902926859
1,0,1,0
0.1603519379464863,6.803842344233175,0.004548095517969364,-37.7418661962393
3.17603086687411e-16,11.4549888162431,0.000356511591034836,-12.13291915375717
0.6482351743949369,0.4360171436879909,0.2545255508056471,-75.79286499424694
6.728744545674702e-16,6.221065679622242,0.006311955309813544,-41.73629769278584
0.5110253311901374,1.710244389883869,0.09547683264971812,-42.02041923740916
9.682324783204268e-17,6.153755119221316,0.006556669101239421,-28.37081725736734
1.028145822447522e-15,6.223015492567384,0.00630500814379592,-26.13817178989985
1,0,1,0
9.682324783204268e-17,11.59846265381706,0.0003300318036844607,-18.28356312313465
3.17603086687411e-16,11.45494757537599,0.0003565195032151913,-11.02571892424116
0.1397549734427666,8.364717750123134,0.001912880189845867,-22.35552740439842
0.170916916222695,6.160265385996524,0.006532580232932905,-33.90143485363021
1.028145822447522e-15,6.219263642465748,0.006318382946146894,-49.99985556571053
4.730343101349462e-16,12.36770360115646,0.0002184122762479701,-24.25887072290328
0.2502178898449857,3.216914948207183,0.03644043324006324,-14.92857298468338
2.287852447174094e-16,11.90805214184816,0.0002794590709989109,-43.78025070375973
3.17603086687411e-16,12.36772997133374,0.0002184091914070319,-18.19685997478694
9.555848176237971e-17,8.114896019045464,0.002195149547302544,-12.57294202843484
0.517261436686677,1.641010967974552,0.1000934078971838,-35.92314790737498
5.840566125974614e-16,11.74225945104455,0.0003054840327011976,-41.00747126200537
5.840566125974614e-16,10.68572079712697,0.0005398282939174104,-19.5549212074689
1.215686378430133,0.2497882559583502,0.3086121062160314,-75.97483077989148
6.728744545674702e-16,5.844341102343826,0.007813612233803113,-25.85805521808934
6.728744545674702e-16,7.985998395591082,0.002357024587446133,-19.13502301494436
1,0,1,0
0.5610683227116056,1.223642666214801,0.1343234801114826,-77.15988962103468
0.3407042141122011,3.428483043876085,0.032040468001728,-30.5997589224398
0.2796652135279091,5.198912242203363,0.01130051353354444,-26.74461060658742
1.037364206764953,0.01061473779563471,0.4589704338877725,-89.6092389058899
2.804502661847769e-15,6.442901212887605,0.00556982847762999,-38.19504703647878
4.936130869128893e-15,5.885681068077361,0.007632246252325781,-78.13823819728195
9.555848176237971e-17,10.68561512706777,0.0005398591306154388,-10.60214150438608
0.8630971618354299,0.1136364991382948,0.3680207088923447,-59.39077036071448
1,0,1,0
9.682324783204268e-17,12.46968904638001,0.0002068044696183491,-30.01265666391105
0.5614892133701593,1.220169779970547,0.1346636676323591,-57.87890557012469
1,0,1,0
1.587598308365794,1.653821379626947,0.09921980899301575,-73.1097327429121
9.555848176237971e-17,14.45957617758956,7.159996466682417e-05,-31.56276719809994
4.730343101349462e-16,11.59846447536534,0.0003300314804287607,-25.79520384370425
2.449231293967717e-15,15.03185402709875,5.285587020864568e-05,-104.8214206553206
5.840566125974614e-16,12.2883674119655,0.000227895133797007,-32.04333409890869
1,0,1,0
5.840566125974614e-16,11.45494760517597,0.0003565194974978758,-11.02620387524045
1,0,1,0
0.2502840874544036,3.215334479493862,0.03647564007190313,-25.93371714961878
1,0,1,0
1,0,1,0
3.17603086687411e-16,12.28841586389998,0.0002278892174542024,-25.61575926253756
0.647336402216079,0.8774546368215823,0.174449891435447,-54.97706634017806
0.3447765875987048,3.33639480712543,0.03388146497006977,-34.70834398993587
0.5120302163548807,1.698988993990696,0.09621012389957639,-95.87684023115324
1,0,1,0
1,0,1,0
0.6985071922217337,0.5812443430194065,0.2229124955910303,-37.56597426733106
0.1290579999527614,9.391193961970743,0.001090150825499903,-21.69002438110348
0.170221006286447,6.199919873178885,0.006387804815093434,-48.58316922476434
1,0,1,0
0.172327528896862,6.079732497721999,0.006837073759872914,-22.99191557023441
9.555848176237971e-17,15.0325636138235,5.283600141575695e-05,-13.29151773047239
2.731941657024047e-16,11.70036494403097,0.0003124392051404579,-19.57115206437551
4.730343101349462e-16,7.985998395550482,0.002357024587498979,-11.49578234100419
0.3232899010554918,3.849688512427875,0.02487761508406527,-43.45540011252444
9.682324783204268e-17,7.985998395587913,0.00235702458745024,-38.97837443390957
0.1664740981012711,6.42302697987482,0.005632499524741097,-57.79007146892212
5.840566125974614e-16,10.6856559759656,0.0005398472098551155,-19.16434577765177
9.682324783204268e-17,7.985998395562802,0.002357024587482937,-32.26255160791008
9.682324783204268e-17,8.115560479269718,0.002194345096910855,-26.96988157208182
0.3492214045350719,3.240137663057553,0.03592730021258073,-36.65103947266826
4.730343101349462e-16,11.45498878222293,0.0003565115975616706,-12.12939372643965
0.3210197401707688,3.910051270985335,0.02399906648407424,-35.75274114310294
3.17603086687411e-16,10.68559459117977,0.0005398651236169782,-17.37337723172255
1.028145822447522e-15,5.844096324476446,0.007814699242497503,-20.34097800949978
0.3448462994862964,3.334918302654785,0.03391188751722352,-26.30897113631925
5.840566125974614e-16,14.30187960277482,7.785466178872325e-05,-26.14429805271297
1,0,1,0
0.6990203543005333,0.5787137325752383,0.2234084694158316,-40.04625509490913
1,0,1,0
0.8097867001222206,0.2385775450879919,0.3126176897536111,-49.71894978094578
6.728744545674702e-16,15.02828106953595,5.295602917382292e-05,-59.85887346343853
0.17020267918086,6.200969585296043,0.006384017517763962,-28.60526904040358
0.3743141645008942,2.750248994591473,0.04861964223438969,-57.85500853886192
1.038263951005382e-15,6.163741456139149,0.006519755578576814,-71.78709752024248
0.1744581770997862,5.962737837285083,0.007305667329352006,-16.19021065968034
0.2464617737930626,3.309674061100061,0.03443657557109975,-22.16210503225214
3.17603086687411e-16,11.70036490187485,0.0003124392122189623,-15.35063394107409
0.4035956158215628,3.417295337455286,0.03225831662004819,-55.54905947072569
0.7027367809522479,0.5608211269716605,0.2269647935893568,-52.5490824631698
5.840566125974614e-16,7.985998395641225,0.002357024587380852,-20.04732769133094
0.6207701525947545,0.5355201485761967,0.2321476376308778,-28.60768107580203
9.555848176237971e-17,11.38732638705244,0.0003697344250431223,-12.64502287626149
1.028145822447522e-15,6.224138547473153,0.006301010275761743,-16.70193210444208
0.1602984155063701,6.807339433476294,0.004539196570218618,-16.91432173599019
9.555848176237971e-17,11.38725009751028,0.0003697496101096043,-30.80450280266639
3.17603086687411e-16,7.985998395593359,0.002357024587443191,-11.9025435082315
9.682324783204268e-17,8.114919615358271,0.002195120974517295,-14.58283217458246
1,0,1,0
0.6813289443263681,0.6708722852011419,0.2063738270042623,-56.28213516798042
6.728744545674702e-16,12.46968904640234,0.0002068044696159066,-16.00970687843247
3.17603086687411e-16,15.48647187653598,4.154892859214998e-05,-18.35422216711565
6.728744545674702e-16,8.115898565991841,0.002193935896435906,-28.98000042679357
0.6426119428142233,0.4551457097261959,0.2499507070144932,-59.34670661890226
0.1701638576129019,6.203181097289807,0.006376046067646302,-28.09124685946754
0.3247062044502116,1.907630237982659,0.08361336673933367,-72.8569522325477
0.6807701626663807,0.673935908096027,0.205841363363616,-62.97149967236629
0.1702164878367749,6.200188343911421,0.006386835969350968,-15.20801941085152
5.840566125974614e-16,9.310471384773599,0.001139239264837166,-14.33672225633143
6.728744545674702e-16,6.155374943933779,0.006550667009780797,-17.79753085515474
9.555848176237971e-17,15.03304069355608,5.282264716405249e-05,-14.3935901839065
1,0,1,0
0.1755192040134349,5.907004041948415,0.007540399266993625,-15.66568862073642
0.129058998932225,9.391070147792668,0.00109022445181417,-28.23033387264239
0.203917372372208,4.623305591628522,0.01577019962728721,-22.34359845742305
1,0,1,0
1,0,1,0
9.682324783204268e-17,12.28840623813161,0.0002278903928200626,-25.32872404741593
3.17603086687411e-16,9.310471159746818,0.001139239404758963,-30.61055538170122
2.626418336549683,9.84783771301295,0.0008501574936045087,-132.4401678010325
1.35146710020261,0.8207933973892807,0.1824741486194776,-99.88497945659091
379.1435874534459,23.00408022062513,8.0828967174984e-07,-21.59351705993051
1.01419015703621,3.730349362740526e-14,0.4999999229478397,-4.533685314725475
0.6149554758240301,0.7298051676682036,0.1964731742843236,-62.17752063471004
1.028145822447522e-15,6.034601543609568,0.007014058455869332,-40.43269458473108
3.934232203088452,14.07830832643259,8.767722926111832e-05,-149.4861279978709
9.555848176237971e-17,12.28840566938837,0.0002278904622672884,-25.74574750947347
0.1397702079477968,8.362591539838618,0.001915119652037167,-24.96304142586063
0.1363632885291096,8.668624372473211,0.001618677396235835,-13.03742091886055
2.287852447174094e-16,12.2882514033362,0.0002279092999462606,-57.22641965081603
9.555848176237971e-17,11.38733599751987,0.0003697325121704842,-13.33911859809399