dN/dS,LRT,p-value,Log(L)
1,0,1,0
0.9968320122067367,6.092214459840761e-05,0.4968861818363597,-87.52954736302475
1.147558577791461,0.1445262593508403,0.351911062943168,-78.40571246872801
0.3605656908551541,4.511474994431211,0.01683409749063108,-28.72529147021562
0.2880831835821253,2.450906572221768,0.05872850672150182,-34.73151946122666
1.519457847735253,1.525762410196137,0.1083747736383259,-79.5990810075163
0.7583904004358754,0.419434097358149,0.258609776921243,-57.57743481419443
1.425779599461018,0.5599631346528895,0.2271375482997454,-89.93615185268654
1.028145822447522e-15,6.934757781765526,0.004226825523081124,-36.80623323509838
0.6702865000626618,0.5498991840910605,0.2291794452123101,-60.68984269982601
0.1514727136352562,7.419349237860651,0.003226307448749244,-16.13500984400237
0.7243174313810857,0.464004248133989,0.2478792522272151,-40.03251673027511
1.003698032572017,9.422901024436214e-05,0.4961274631415908,-62.16948978627673
1.062410719319891,0.02509165853166451,0.4370694407888506,-70.97052260149103
0.8605500354408706,0.1420957553332585,0.3531031867271347,-73.19302970242528
0.7671173756652583,0.3837654155472165,0.2677974535445652,-42.52792299511668
0.8600388340943651,0.1432514678963059,0.3525348864379807,-85.96012185964719
0.1446918269533373,7.944552348230467,0.00241161738011364,-15.9136593992812
2.731941657024047e-16,13.19384878068395,0.0001404347406848694,-13.41727903951152
1.028145822447522e-15,6.586261630909128,0.005138437779597382,-20.07941133285609
9.555848176237971e-17,13.91169679776424,9.580119113017371e-05,-6.387886355261426
0.1201706321562744,10.38846668304411,0.00063402441026017,-13.92255124786448
9.555848176237971e-17,16.95683069538396,1.911974245105696e-05,-12.8819539746887
0.2237020466482187,3.939116134379347,0.02358777894777392,-20.15238737860039
0.15000943688141,7.530627928306892,0.003032938081575176,-29.09341682227255
0.2863771572171768,4.958676979421199,0.01298003090074046,-75.54049632794327
0.1532470629642337,7.287912852934895,0.00347100397579797,-28.7845724996934
5.840566125974614e-16,13.03958225928336,0.0001524880573992027,-25.76444755253756
9.555848176237971e-17,9.115475741002879,0.001267280157678408,-14.91728718358885
0.1515275111769238,7.415301536456248,0.003233573747120244,-30.78838286639005
0.2898204737676625,4.839352590330257,0.01390866821242753,-26.06102783298834
9.555848176237971e-17,13.17899566964966,0.0001415522212309672,-18.78200534544544
0.1514691603264046,7.419613984118527,0.003225832766317827,-40.20731928478887
0.1448373652744201,7.932680144210245,0.002427491557565997,-21.53399601636711
2.731941657024047e-16,13.17899561944525,0.0001415522250232115,-12.71775403473214
1.212254299292064,0.2775745531069163,0.299147682526519,-86.64819699257963
1.028145822447522e-15,6.92791355869484,0.004243031515436646,-50.83404008374841
0.3127463536931878,4.132913638922389,0.02102844026584333,-41.80917799428573
0.4980423323365466,1.860617648323057,0.08627676589321293,-40.0439883235448
0.1534060383887539,7.276386709438746,0.003493346711872458,-19.20685197778385
9.555848176237971e-17,13.20902451235105,0.0001393021713873011,-11.98390671764598
0.1514727106526534,7.419349458375649,0.003226307053342481,-16.13457721912357
9.555848176237971e-17,13.20902312713376,0.0001393022743451655,-18.75214909919486
5.840566125974614e-16,13.19384878068591,0.0001404347406847029,-12.31463562915342
5.840566125974614e-16,13.33204727438562,0.0001304542550483734,-47.47237402363543
0.191167349667861,5.147514550232373,0.01163983582068384,-40.18884417897085
0.9093401056364838,0.05583441669048739,0.4066026305844991,-64.24461575807193
1.074130520471159,0.03486600527946848,0.4259383581584719,-104.086701273199
1.261829116687498,0.4003309590863751,0.2634591926794717,-100.5568608081383
5.840566125974614e-16,6.93373024807989,0.00422925450693945,-28.25182021546334
0.3122805036828721,4.146023713941112,0.02086620695403901,-29.17999131014236
1.599128163495904,2.07957082898028,0.07464107186615526,-106.1275169164076
1.000026300140906,4.138570375289419e-09,0.4999743353563916,-84.60899556987394
0.3002227108722081,4.505209221413011,0.01689588099370359,-60.23544675625156
0.7674256844823447,0.3825274537371683,0.2681268401365405,-85.2174738753737
0.9484977649060914,0.02272423560955872,0.4400882007248582,-99.03817146209599
0.1663361973150339,6.424699013446286,0.00562719919584026,-33.68195741392947
4.936130869128893e-15,6.929973147928649,0.004238148070764058,-73.27049500617198
9.555848176237971e-17,13.9114986314992,9.581129194080606e-05,-13.40659645535587
0.6658169810735769,0.7595510954919007,0.1917345213620545,-38.718179754712
0.2883986419405953,2.445390990818098,0.05893525601327582,-37.97497663856005
0.8657301019588375,0.1524779028905812,0.3480892718187166,-65.16396651242275
0.117937660281688,10.67023774690779,0.0005443656162640309,-31.04411066105222
1.061177609147484,0.02414748867349203,0.4382551116887421,-74.68995156072545
0.8606873807554756,0.14178582686732,0.353256036904193,-52.16554378279314
0.1482925646243306,7.663970074472708,0.002816720417147256,-18.04948385698003
1.028145822447522e-15,7.003139127523355,0.004068345440310095,-52.91493792003921
0.1500017760760887,7.531400399732952,0.0030316379215235,-16.16751616065641
1.028145822447522e-15,7.002912189894687,0.004068861210246522,-40.90427415567672
0.3538511683429795,4.716525586052043,0.01493702334553215,-51.84162275430846
0.831723812992514,0.1802069484383111,0.3355977263294038,-47.00519394799951
2.287852447174094e-16,13.91679743532221,9.554157334318303e-05,-33.93241260020913
0.921584837431906,0.04102008954131975,0.4197495745093359,-65.96605471523365
0.154876120226006,7.16980391462674,0.00370704392447313,-35.54681996819687
5.114956077737342e-17,13.96767778668085,9.299028776471596e-05,-13.06135834370641
0.1178603166803258,10.68005197518829,0.0005414850915041458,-41.3467986606128
1,0,1,0
9.682324783204268e-17,12.89813615254631,0.0001644547535254448,-40.70989422253382
0.2881700419356501,2.449304894241109,0.05878846224354262,-46.96396540146667
3.17603086687411e-16,16.32990213548379,2.660877408594553e-05,-53.95203633590879
0.1532397236680141,7.288321269309719,0.003470214968471608,-34.125745876076
1,0,1,0
0.1561366945210705,7.083791129871983,0.003889213684847792,-51.67338001339412
9.555848176237971e-17,13.91684372388156,9.553922054578168e-05,-13.62035222223197
0.4684295247095078,2.253822785955549,0.06664238953512625,-52.12822287633465
1.539580072318839,1.132073808765071,0.1436667118717657,-61.3210906606591
0.4717451449313365,2.208442925497991,0.06862857339635076,-46.54807589996172
0.5740147950039155,1.120522397032815,0.144902998111198,-57.59530808853314
0.3030402493009988,4.417447671443249,0.01778660428389223,-23.76543219954045
1.149530267168751,0.1480697469140182,0.3501934220473239,-94.05462901460774
0.7993216004022651,0.3783019644775152,0.2692567000413877,-70.79829402153317
0.4380633582807869,1.826846464485072,0.08825023999957354,-41.00494701652397
4.936130869128893e-15,6.148849771113213,0.006574879865016203,-4.561189926374847
0.1911372594096714,5.148850019923373,0.01163088683978342,-35.35798516363087
9.555848176237971e-17,8.947394429041076,0.001389328168635739,-17.43802717521517
0.1548989957013213,7.167096771049529,0.003712642396980548,-29.85463151620301
5.840566125974614e-16,13.20902452806057,0.0001393021702196795,-27.66785857013883
4.730343101349462e-16,12.80010392539073,0.0001733000483552516,-26.03184533112471
0.4546747777925623,2.463042358559889,0.05827641767606528,-39.91334961398374
1.721570052025504,2.229189499445994,0.06771243546806199,-87.17917755769422
1.029452105223769,0.007495922852399417,0.465503080285097,-70.48409164039317
0.4378608725711376,1.829222046097748,0.08810973061166721,-24.93829815183789
0.7231562562790721,0.5857053182763394,0.2220423336916068,-47.43418936860917
1,0,1,0
9.555848176237971e-17,16.32642812758811,2.665759728509576e-05,-20.12383721223029
5.840566125974614e-16,13.19384879635376,0.000140434739510642,-39.16007149524248
9.555848176237971e-17,13.9168251968884,9.554016224577744e-05,-20.15935332019781
3.17603086687411e-16,8.947394430611983,0.001389328167440973,-12.62556504015423
1,0,1,0
9.555848176237971e-17,16.32677446141311,2.665272592022871e-05,-29.34882779838827
0.7245930164681915,0.5781351567081572,0.2235221048600303,-68.26060265697137
9.555848176237971e-17,11.05619769932585,0.0004419561386007076,-19.45703078010533
0.4651417042015039,2.301866914175065,0.06460930123167752,-79.1607384699776
1.313112315049543,0.609453209111507,0.2174968804575462,-81.17768167182021
0.4470923948955924,1.723366617483961,0.09463013181324437,-25.4995887842072
9.555848176237971e-17,12.80008137812857,0.0001733021369901278,-24.17765928619223
5.840566125974614e-16,12.79984586166957,0.0001733239552536014,-59.86881972705262
6.728744545674702e-16,6.931840014001708,0.004233726556904016,-54.52301448086909
0.1231293374622594,10.04139251165027,0.000765307272314053,-35.74914674852268
0.15610639162661,7.085841554308573,0.003884766233098913,-50.52419134654824
0.279188968098295,2.60791423072763,0.05316576640977927,-29.72975606181312
0.5709590182708386,0.7630085544990237,0.1911943200781818,-53.60619860203812
0.1139162345364489,11.19999240939652,0.0004089883329763122,-27.74093679474363
9.682324783204268e-17,9.131519825217314,0.001256214597409488,-15.61191930160464
0.3023246408587179,4.439219027120004,0.01756115520660401,-36.86118528589414
5.840566125974614e-16,9.1325475362285,0.001255509138999023,-20.70398390299745
0.4383461189755531,1.823524684299898,0.08844714810080462,-38.13565772380231
9.555848176237971e-17,11.05529542224538,0.0004421712686618062,-6.114820028682724
0.9388605789930222,0.02432948939424762,0.4380247353547961,-47.30756314866074
0.7127798083981485,0.7711098731859067,0.1899369615428193,-103.0390199808703
0.1808483781269354,5.633236654908117,0.008811531413544016,-17.04483625637731
5.840566125974614e-16,12.79988494181758,0.0001733203346738765,-33.58045453460704
1.441022976933869,1.418158228584389,0.1168533938347489,-107.7414598083338
3.17603086687411e-16,11.05608916585741,0.0004419820106528749,-24.6784193848778
0.1482513816277891,7.667163323703505,0.002811739788589285,-44.83948739210422
0.3325311553451453,3.617483013598928,0.02858765637092392,-45.77122084782262
0.7580105317242605,0.4210290843511189,0.2582119987026415,-41.92935904219348
0.5708104753711427,1.908917570600593,0.08354177315662553,-53.97723792014311
9.555848176237971e-17,9.127726814257537,0.001258821743125083,-6.388341279828812
4.936130869128893e-15,6.148061270414349,0.006577811966423652,-4.561189926374847
0.2968736598511052,4.611987998666208,0.01587460321813355,-33.16077403905174
1.231679167090025,0.3235046694742323,0.2847545201043653,-87.8923681094322
0.3004568414106797,4.498068834543567,0.016966577565031,-30.30091276848447
2.287852447174094e-16,13.7978313104427,0.0001017855393907197,-39.95756767624961
1.048574436552135,0.0110529254854157,0.4581351789890346,-116.7576664903915
0.9243088244772932,0.03807001824651479,0.4226513044880586,-75.21986802234922
0.3322945082302154,3.623171848002912,0.02849007080509747,-32.99917921545126
9.682324783204268e-17,16.96289231098301,1.90587929202457e-05,-36.1422947692995
1.21210857780203,0.2772407384062774,0.2992577320164646,-77.02195643220416
9.682324783204268e-17,13.19384879639097,0.0001404347395078664,-56.27866393992657
0.429753883834211,2.889665898149929,0.04457470559085458,-49.18329874852652
2.731941657024047e-16,13.96767773994866,9.29902900762003e-05,-12.8427636913428
1.028145822447522e-15,13.91670435480499,9.554630470182124e-05,-45.90770787664959
1.189871570182392,0.2280471124975918,0.316487830547418,-71.05208203903244
0.7508591465616435,0.4520164136835518,0.2506894719497994,-48.63604359630506
1.004044506896546,0.0001127460240013534,0.495764033442794,-66.67023197851898
0.1223686087451846,10.13014618709946,0.000729319193204625,-55.03726425460135
1.004513746227709,0.0001404552687205296,0.4952720930905138,-63.06124525558241
0.8306560149079896,0.1828069431712436,0.3344860065471272,-71.03009184360815
0.7989534673205266,0.3799139642134435,0.2688246424372928,-71.49650455790426
3.17603086687411e-16,11.05622480361058,0.0004419496777591791,-19.45522267109626
0.2234652447202075,3.946471305915331,0.02348488152770589,-23.93172165904842
0.332785069433935,3.611375518769023,0.02869281871819501,-34.2298058814662
0.1531777315973996,7.292881277810878,0.003461418056975862,-18.96317191196685
0.30329601824441,2.205534460824865,0.06875811295114992,-61.72773204604681
0.1204439048980319,10.35004491065216,0.0006473576760550603,-40.21971225969085
1,0,1,0
0.2881353665830872,2.449888059995914,0.05876662480499406,-62.87373830721899
0.4543048299802843,2.46890045473404,0.05805956538258072,-48.39722563210132
0.4990393674022769,1.848528162919266,0.08697733743453451,-41.80327702406713
1.001069437383841,6.833325471689022e-06,0.4989571409255368,-91.78652431772805
2.978362081379658,20.439558826113,3.077219956126864e-06,-209.3628689618483
3.246702579220962,20.31220095813171,3.288989095351358e-06,-176.6640136343414
0.2189177881424948,4.092728592614677,0.02153403090975514,-29.63896433953485
6.728744545674702e-16,8.947394430355203,0.001389328167636261,-44.11007824422762
1,0,1,0
0.3324879484364769,3.618522906076279,0.02856979171335816,-63.6769441565575
0.1570924778777008,7.023851482129622,0.004021552132620454,-27.0110042022924
1.147771406207096,0.1811551491204568,0.3351911987034837,-90.66003481037296
1.670130825389406,2.225562232094745,0.06787161766977023,-104.8460500406955
0.1911427370674111,5.148608889462395,0.01163250212684885,-35.87856298221456
3.17603086687411e-16,8.9473944306269,0.001389328167429649,-13.31951996623048
0.1548585790912298,7.174248737581891,0.003697870573914797,-62.33244134323136
3.17603086687411e-16,13.03969073831671,0.0001524792251351159,-11.99245022497819
0.144672091664471,7.945858515612649,0.002409877389479176,-31.64210452049583
0.3323474101987837,3.62193346339054,0.02851128374988843,-28.93362369344533
1.181908367189838,0.2638562581788051,0.303741572799259,-102.8584728768853
9.555848176237971e-17,12.02634557608963,0.000262269087881184,-12.24561444949969
0.7820600326544653,0.327724332169808,0.28350108312883,-51.90643755045049
0.7577678022328107,0.4220494496216531,0.2579580881572511,-88.70497957467207
1.028145822447522e-15,12.70711067957936,0.0001821339039494441,-74.5546388036073
5.840566125974614e-16,13.20902452795896,0.000139302170227229,-49.21310832656528
1.028145822447522e-15,6.934851790637026,0.004226603367072757,-36.45135248424068
4.936130869128893e-15,6.14428730323305,0.006591864384281776,-4.561189926374847
5.840566125974614e-16,16.94391087972919,1.925030583216358e-05,-34.60702565857801
0.4656127400648906,2.295802917682025,0.06486205629554276,-44.16585011992701
3.17603086687411e-16,13.31894314012423,0.0001313691118336457,-23.98671540278809
9.682324783204268e-17,13.33258534786218,0.0001304168273475459,-33.86131008763665
0.1482413051467675,7.667940275432677,0.002810529307430976,-26.11535634789944
1.147034043316322,0.1077060742996707,0.3713855026364862,-80.62469201555901
0.4549901720956802,2.458060177861725,0.05846154975406193,-48.33979027365148
1.26849242698509,0.5743947692446625,0.2242589090098182,-93.92994277367032
2.164360729225868,7.005823449255217,0.004062249749846703,-132.9005341356782
0.1447687780193798,7.938184965724147,0.002420117935010679,-43.16279869746159
2.287852447174094e-16,7.155478576917226,0.003736767551072273,-20.31093412355887
3.17603086687411e-16,7.157024783428078,0.003733547635596746,-24.30684659607132
0.7998706142049499,0.3758790157968122,0.2699085056062214,-110.3252415546227
0.4725407742069992,2.197150402091196,0.06913306518744117,-60.24811687216345
9.555848176237971e-17,8.94044415946594,0.001394624445274828,-12.14140848123825
1.028145822447522e-15,7.15780688142074,0.003731920026832036,-20.91134694330556
0.1533456041239624,7.280877308102546,0.003484624538915848,-15.61163664482011
1,0,1,0
9.555848176237971e-17,13.79802364996321,0.0001017751195810379,-5.573644733857621
1.735873288485701,3.054445045653551,0.04025824829310937,-101.92776386225
0.22346079231831,3.946611008689977,0.02348293169989629,-20.84901670817391
0.9092365898146725,0.05597052206955766,0.4064909697472532,-58.35036234382743
0.3616601399467803,2.988509792522883,0.04192865315769889,-29.37158795168726
9.682324783204268e-17,13.20902452800173,0.0001393021702240649,-32.09415759533322
0.5909581864546977,1.658853967584832,0.0988790649858004,-94.43227793059113
3.783074424215713,27.2641883571348,8.873402723708068e-08,-201.6068399276495
9.555848176237971e-17,9.131581049507247,0.001256172559551072,-12.87182379122525
1.861525384669192,4.745538193670171,0.01468718200403746,-104.4325466566882
0.4470063163716253,1.72431783011578,0.09456909647548156,-38.49472113462469
0.1139321805188258,11.19803565091581,0.0004094198445249164,-22.23537892643369
0.1661252839489546,6.437620358056478,0.005586410896693983,-35.92174590253988
0.3327852274892443,3.611405252231393,0.02869230575656873,-43.60883187767062
0.5426748571010157,1.386992548444496,0.1194568217520368,-43.46340195559038
0.3327968051448931,3.611037680296903,0.02869864779070974,-66.19846595519641
3.17603086687411e-16,13.4868541569987,0.0001201203134293949,-61.3093001315525
9.555848176237971e-17,12.80014292325479,0.000173296435901249,-11.67627958797493
0.1200838213711334,10.3985045502872,0.0006305870524777046,-22.79291704808367
1.292611229655092,0.5439884731419511,0.2303922290655166,-135.6777090694104
0.2411580930425452,6.884433593844669,0.004347480816746574,-31.53826281137983
3.17603086687411e-16,16.23015040220277,2.804711301979124e-05,-37.72446312438751
0.2966280094930298,4.619570081455038,0.01580457987960721,-52.13274308543044
3.17603086687411e-16,12.02632612386678,0.0002622718250210876,-11.55481457646126
0.1512541287912797,7.43553493768448,0.00319741762270298,-37.76239968014573
0.3558910834959589,4.653767741780811,0.01549273266363826,-44.00780493255257
3.650924810697061,28.32764586251017,5.121136825714245e-08,-177.7821757674632
1.399993521083446,0.5062994749550001,0.2383725939923272,-64.45560966261876
3.17603086687411e-16,12.79461065674258,0.0001738096608814299,-26.03004793694654
5.840566125974614e-16,16.96242654615959,1.906346924962499e-05,-26.84226034674217
9.555848176237971e-17,16.22911382268583,2.806246302494708e-05,-18.56248663904794
0.2785636831534054,7.859036345494658,0.002528366820115369,-29.04351526510444
0.306626866500533,4.308857326709884,0.01895721032782027,-36.45298679805504
2.449231293967717e-15,8.947394430561602,0.001389328167479276,-33.83646862948369
1.786994955560443,2.235340258232284,0.06744346402648421,-63.5185614904379
1,0,1,0
0.4548388312251304,2.460453474991276,0.05837253664457936,-31.34874436986678
0.8645458089403257,0.06665826476950087,0.3981329856642644,-82.85052697809546
1.214792169438792,0.2834521976319877,0.2972236999991391,-72.15781740378667
1.095853653007889,0.05666884755879664,0.4059203059005296,-106.4413893641902
0.1482568630568464,7.666737620345089,0.002812403254597362,-66.16634392638457
3.17603086687411e-16,16.32677576492368,2.665270758733795e-05,-21.00030622185346
0.5790030949736031,1.442329793768366,0.1148813505222249,-53.66339187695553
1,0,1,0
1,0,1,0
0.7590841433922851,0.416532770837776,0.2593361070639717,-52.65800809567868
9.555848176237971e-17,11.05625203678362,0.0004419431862907053,-12.73034060213383
9.555848176237971e-17,12.80002546225928,0.000173307316789939,-31.40984416712238
1,0,1,0
0.1515035303106515,7.4170710407559,0.003230395138879627,-24.89215191221824
3.17603086687411e-16,16.32689206557049,2.665107196037075e-05,-25.91230330514942
9.555848176237971e-17,13.03536987773094,0.0001528314248679385,-12.68672831156611
2.804502661847769e-15,6.934668605032897,0.004227036271117757,-68.31290971931354
0.7605071959520179,0.4106266823311273,0.2608257987439555,-81.4206474233127
0.9086259482198088,0.05677647623940629,0.4058326840005568,-72.58958749389815
3.17603086687411e-16,13.48685415497505,0.0001201203135589579,-58.87167335498657
0.1231674510958784,10.0369634078991,0.0007671496011983359,-26.77106356519407
0.4471509008650637,1.722727055853099,0.09467119560692988,-35.99854836381443
9.555848176237971e-17,13.96767773995133,9.299029007608928e-05,-13.53731159646201
3.17603086687411e-16,11.0561978270699,0.0004419561081501211,-26.47253477109867
1.004581831272176,0.0001447281881894469,0.4952007192876574,-82.79708989898178
0.2786048791025148,7.856725709479079,0.002531600088312991,-28.37228432629739
0.3123819310230754,4.143093655118363,0.02090235108970279,-40.58352609723109
0.7414655488624207,0.5935504287462976,0.220524732390523,-58.55069876090048
0.3067440849043768,4.305445094162437,0.0189952763692427,-37.05760248431127
1.292889049948821,0.5448601960579822,0.2302127269475329,-81.80318842226004
0.7378487905946438,0.6141922578775905,0.2166068516323181,-64.86524942161725
0.382485336107926,2.610362124058682,0.05308375827715373,-33.11969096272254
0.1178203984431991,10.68511779831493,0.000540004285309037,-35.47996535799491
3.17603086687411e-16,12.89829357500316,0.0001644409219968002,-17.87292215055273
0.7763268893013678,0.3485010584266206,0.2774814367174806,-51.42590773018081
0.3099264590327144,4.214123763879073,0.02004438323798458,-47.24076798676033
0.2189554030268464,4.091503456616714,0.02154964435370266,-31.4755127903353
0.1446809288849072,7.945229225386228,0.002410715528991192,-32.4041744880676
0.7585314967691181,0.418842391094131,0.2587576172484244,-57.0932634438614
1.642086071841965,2.305361468117411,0.06446414234963355,-100.4567324793864
1.820989987996664,3.555347882196202,0.02967693266701343,-154.2786814936835
0.6019792213723639,1.227389045227113,0.133957704098435,-89.91457424203219
1.744614335705372,3.10397594016564,0.03905066718962563,-100.7131453091091
5.840566125974614e-16,13.91682695484258,9.554007289114264e-05,-19.73047937327448
0.4599875146897814,2.379633036340522,0.06146320996309862,-59.96264788137766
0.1514696310539834,7.419607970817282,0.003225843547202789,-20.08041882673171
0.1514781961002358,7.418943415984245,0.003227035214145968,-16.52348319759659
9.682324783204268e-17,13.91677888242295,9.5542516383329e-05,-40.75656258095364
1.028145822447522e-15,7.16311250350185,0.003720897731733841,-56.36449273871519
5.840566125974614e-16,13.19384878068298,0.0001404347406849249,-20.59136482464299
1.040110556785165,0.01067200916864408,0.4588602882681026,-85.94249500927286
1.33157174585613,0.5958096229390435,0.2200906630344664,-103.590843843178
9.555848176237971e-17,16.96300789504772,1.90576326223324e-05,-30.58058520632438
0.1431009842083124,8.077923994020935,0.0022403873978869,-36.48352930023084
0.1200327810261625,10.40532622985386,0.0006282618126320361,-12.87653849536582
0.1532431081452008,7.288129657421905,0.003470585114905556,-33.20930043968279
0.9304459780250099,8.704148513061227e-14,0.499999882300881,-4.360103938786405
1.498568447668998,1.545430450278218e-13,0.4999998431679576,-4.468477610996593
0.997471647684133,5.506706202140776e-14,0.49999990638272,-5.084203033298058
3.17603086687411e-16,13.1938488309379,0.0001404347369191039,-29.56736639695272
3.17603086687411e-16,17.54581214659048,1.402339090755822e-05,-47.23492078081218
0.1572946806109583,7.01006600159343,0.0040526345969919,-68.67872406693547
5.840566125974614e-16,13.48685377415558,0.0001201203379376792,-16.35083526156199
3.17603086687411e-16,11.05627381346655,0.000441937995534547,-13.345701754473
0.8119479162505305,0.1394422245911073,0.3544180736483647,-71.98140097216124
0.1532506740765336,7.287216577731215,0.003472349511478179,-64.80080934251949
0.7769169517167289,0.4299475833985014,0.2560073347140406,-68.76997349644857
0.6010607299958304,1.235533005214378,0.1331668463342469,-50.83989300971299
0.4484486423960883,2.565083662290988,0.0546233889757452,-61.25312960277304
0.6205563288121334,1.072183447293497,0.1502263885906292,-66.16555494722482
0.1516296027426848,7.407795142467549,0.003247093228046671,-31.67590811854027
0.154947085652385,7.168654422781827,0.00370942006109215,-16.10332392680548
6.728744545674702e-16,16.33036605799131,2.660226099604479e-05,-45.09451251169846
0.8325534363753397,0.1781952049846041,0.3364644312719662,-66.0826022687562
9.555848176237971e-17,13.91681592350123,9.554063360200926e-05,-19.75443285984807
0.1482683828282399,7.665847785547868,0.00281379059314224,-52.35189492513774
1,0,1,0
0.446950277882568,1.724938516693761,0.09452929433373586,-30.53825091000192
5.840566125974614e-16,13.20596004632278,0.0001395301290733619,-31.4920725949936
0.66511584847634,0.7637743328432407,0.191074964922323,-53.85192967237496
0.1139558771370853,11.19471239585872,0.000410153755492193,-38.49237510350244
0.9133157569095014,0.05075095699537258,0.4108808335526573,-62.38363561931083
0.3328107989249519,3.610778236052845,0.0287031251010802,-25.77599456951609
0.285723000750211,2.491623472714608,0.05722680391485829,-26.40467874839606
0.1232941667429346,10.02241917784852,0.0007732310689331223,-21.30856190417347
0.5771326682411857,0.7311700845886406,0.196252090666805,-56.94096038016235
9.555848176237971e-17,13.95146115031903,9.379589659852527e-05,-23.97358805975427
0.1517904778558045,7.395935339738998,0.003268571195324532,-45.71236499333243
3.17603086687411e-16,16.30816761599209,2.69157129650921e-05,-28.17331730351061
1.028145822447522e-15,6.995067484812552,0.004086731354248807,-43.77045961333963
0.1186999499862525,10.57409727475035,0.0005734162879386107,-28.98149663753781
9.555848176237971e-17,13.02004977411461,0.0001540868121751582,-5.451567454238185
2.131388500466129,6.308784506135964,0.006007058889648087,-133.2708761538771
9.682324783204268e-17,13.47113563366023,0.0001211308169005165,-60.18425359963382
3.17603086687411e-16,10.44603466414923,0.0006145651845733124,-12.79692990262455
0.3103557226546692,4.20180326810376,0.02019050864481708,-42.51627346844348
0.2793522845453709,2.604946056052192,0.05326539120789547,-17.45757073884305
0.1913471300954861,5.139574356791798,0.01169319066363533,-51.82568547011439
0.1234083231294357,10.00341871779823,0.0007812494763888012,-35.3173234900887
9.555848176237971e-17,16.94334877649779,1.925600656199622e-05,-26.69898281522877
1.028145822447522e-15,6.924589203941864,0.004250925967606067,-35.70564655033588
0.1810138964701871,5.624956104782321,0.00885325461455222,-16.41733484522064
9.555848176237971e-17,16.9417238407531,1.927249585548241e-05,-25.85047714606934
3.17603086687411e-16,13.95139415974077,9.379923909108578e-05,-28.76537752505172
2.731941657024047e-16,12.8833372555268,0.0001657602743463382,-12.54493326672438
5.840566125974614e-16,13.96224381822588,9.325945659616197e-05,-20.96213784684343
2.731941657024047e-16,16.95652513497217,1.912282004234989e-05,-28.76331771531465
3.17603086687411e-16,11.0517893311327,0.0004430082318652717,-24.85589599556127
9.555848176237971e-17,12.8933118890464,0.0001648791946515793,-12.03181993634552
6.740639792367023e-18,12.79519933644409,0.0001737549766286928,-5.193971352970119
9.555848176237971e-17,16.95212216062108,1.916722193551212e-05,-14.89316717851913
2.287852447174094e-16,16.96172697250871,1.907049521227e-05,-41.8071661970321
1,0,1,0
1,0,1,0
9.682324783204268e-17,16.94943549613183,1.919436656128148e-05,-85.60392064127181
0.09279659191680591,14.77984481571506,6.040998766548844e-05,-16.57901876112839
0.6056154489467223,1.195441801380184,0.1371173111933395,-46.85887198592427
0.1447496901895971,7.939816675440959,0.00241793667248591,-16.47307643732144
9.555848176237971e-17,16.32735311257879,2.664458888856913e-05,-12.54853404030472
1,0,1,0
5.840566125974614e-16,8.947394430101355,0.001389328167829329,-24.44944119422251
1,0,1,0
0.2234356931818493,3.947388691313449,0.02347208072428014,-44.16805057399597
9.682324783204268e-17,13.332373937627,0.0001304315314812898,-38.08393412076476
3.17603086687411e-16,13.33261410180083,0.0001304148275650951,-19.42062521833467
5.840566125974614e-16,7.163267916916702,0.003720575366393919,-19.61947406355071
9.555848176237971e-17,13.03974497579755,0.0001524748093622574,-5.453883979596515
0.3122273363095917,4.147516842879597,0.02084781352563797,-48.89649662127243
0.2790107796045276,2.611253306573744,0.05305393676925579,-57.23221844567912
1.028145822447522e-15,16.95847833642634,1.910315605990753e-05,-81.40819386549745
9.555848176237971e-17,9.131519811686402,0.001256214606700223,-15.61197554074518
3.17603086687411e-16,16.33199779484904,2.657936548705608e-05,-26.90530022030351
0.2233898223175117,3.948813360720415,0.0234522160791597,-17.31975885898791
3.17603086687411e-16,13.96767773996551,9.299029007536763e-05,-12.14695962347664
2.804502661847769e-15,13.96767778624735,9.299028778614327e-05,-86.4565732250468
9.555848176237971e-17,13.81355203555789,0.0001009374199847923,-20.30606432370321
0.2885068202519411,2.443688328384297,0.0589992420290158,-41.0877201272058
5.840566125974614e-16,12.02638233416216,0.0002622639156982798,-12.81563578502629
9.555848176237971e-17,17.54602918390948,1.402179032472528e-05,-13.95390392931182
5.840566125974614e-16,13.19384878071901,0.0001404347406822604,-24.98160657453858
3.17603086687411e-16,7.163410488868696,0.003720279662486226,-15.09433244061073
0.3066977669961088,4.306893404541604,0.01897910959367466,-23.80568084946906
0.1431151734057003,8.076735854188271,0.002241856810677623,-32.61080235343508
0.3101413545045303,4.207963565391225,0.020117306094524,-35.06014149169668
9.682324783204268e-17,13.81341640643784,0.000100944706525774,-32.54318163858434
4.820187725690568,46.57972019646206,4.398315045506251e-12,-186.2882280516602
9.555848176237971e-17,12.8983307840791,0.0001644376528862068,-12.03243992357762
9.682324783204268e-17,13.19384883090913,0.0001404347369212133,-43.06053270193116
1.028145822447522e-15,13.03937001264525,0.0001525053398190868,-44.14292747516131
3.17603086687411e-16,12.02624765757853,0.0002622828663763066,-24.80207358204105
0.3024349525264717,4.435850958397332,0.01759583621534905,-29.37349195640419
1,0,1,0
9.555848176237971e-17,10.45739463508026,0.000610797251065498,-14.7255948559631
0.3027289341006426,4.426906172944257,0.01768828889928326,-42.67505851401921
0.3099926647386306,4.212242539625997,0.02006662321833097,-23.02290566815415
0.1561213822974286,7.084904638612599,0.00388679779476353,-19.04084560367096
0.1661025213324801,6.438836550321014,0.005582587445250531,-43.6838104725163
0.09278719176979276,14.78182504356489,6.034658197340281e-05,-14.68944367401818
2.287852447174094e-16,13.03922968455062,0.0001525167672755678,-50.60662804136479
0.3030227254789375,4.417985806422649,0.01778099538823591,-39.4739696260552
1.028145822447522e-15,7.163379752781175,0.00372034340918731,-28.12194075052603
9.555848176237971e-17,11.05627917811265,0.000441936716810698,-13.13604083946477
0.3030390192126837,4.41749580719619,0.01778610249718821,-22.48944200303015
0.1429625265377988,8.087288355198254,0.002228840444853442,-38.29865099575571
0.6087748033010177,1.16837601590133,0.1398675884876293,-63.61080121541017
0.1180669064271172,10.65396280294463,0.0005491766010986554,-36.8286737703411
9.555848176237971e-17,12.02624787482365,0.0002622828358060936,-17.81397052219744
5.840566125974614e-16,12.80006189331448,0.000173303941959746,-36.80540893843654
9.555848176237971e-17,11.05630627418372,0.000441930258213985,-13.82874871886232
0.153273481390786,7.285911003361775,0.003474873940051415,-44.57798188354307
2.287852447174094e-16,13.33245619982658,0.0001304258097319932,-39.1197033056355
4.936130869128893e-15,6.93495476538908,0.004226360037155819,-67.68415095189521
0.1561075405873487,7.085777843199139,0.003884904346706575,-41.1160653937676
0.1661565250256837,6.435707823623027,0.005592428936902705,-24.4255907618731
4.004733053112191e-17,16.22882279853445,2.806677412353631e-05,-11.79417795564523
0.1201811854183481,10.38724367349619,0.0006344445104631835,-16.89948774818776
0.3123737235677704,4.143374265825095,0.02089888673177098,-30.44053096162696
3.17603086687411e-16,13.03955524457531,0.0001524902569923214,-25.07182943980206
9.682324783204268e-17,6.589109039109772,0.005130225462051774,-40.233935051074
1.028145822447522e-15,13.03939255925626,0.0001525035038423272,-37.4558178492319
0.1662220822935817,6.43177639570326,0.005604820591856852,-15.14940185462142
1.028145822447522e-15,12.02488719994659,0.0002624743772883242,-185.2096055692892
0.3027193598882287,4.427200217349942,0.01768524161315405,-30.69941413993859
1,0,1,0
1,0,1,0
1.18952466924124e-18,16.95709972863931,1.911703317186708e-05,-7.038562403830562
0.3617630642499008,2.986439720126228,0.04198229350985977,-60.16219854220193
1.028145822447522e-15,6.938619446528065,0.004217709701071437,-57.16431582745183
5.840566125974614e-16,13.81336183473753,0.0001009476384861152,-24.01883434171592
1.028145822447522e-15,12.89830710055107,0.000164439733663202,-32.85489530422688
1,0,1,0
5.114956077737342e-17,13.19384883094498,0.0001404347369185488,-13.34552427862607
3.17603086687411e-16,8.947394430626879,0.001389328167429649,-13.31741007831961
1,0,1,0
0.1431388104728879,8.074735224557628,0.002244333274882437,-38.23931458032438
3.17603086687411e-16,12.80010411217297,0.0001733000310530364,-18.16757359348778
0.5754730692106275,0.7395656382505251,0.194900027623477,-82.98468893625852
1.028145822447522e-15,7.001557130776263,0.004071942297922793,-49.28375106841656
0.4542194452091473,2.470254408115352,0.0580095722269276,-42.74731313186948
5.840566125974614e-16,6.933568122624379,0.004229637885265758,-29.0312559762555
3.17603086687411e-16,7.003144004263682,0.004068334357487602,-26.79050503289492
1,0,1,0
3.17603086687411e-16,13.03963651081201,0.0001524836402246876,-18.53085016341334
5.114956077737342e-17,12.80012331028496,0.0001732982526823079,-11.27057166339815
0.1231494948442725,10.03907658680427,0.0007662700442043757,-28.85236958703693
0.1515583827911998,7.413024052190863,0.003237669553638411,-47.06558898939085
6.728744545674702e-16,6.999637848299287,0.004076310382179538,-50.79364756811195
0.1446758936103649,7.945703545435208,0.002410083763714155,-34.81325061827842
0.2233245168109029,3.95084644268313,0.02342389882575474,-22.31292554400619
1.028145822447522e-15,13.33231891084718,0.0001304353590115825,-51.33941102972842
3.17603086687411e-16,13.81341118219805,0.0001009449872034773,-18.42959512399665
9.555848176237971e-17,9.131731925482317,0.00125606897109376,-12.87292281154417
0.6137736315586491,1.126610687809105,0.1442497208421358,-45.18920946026157
0.1513663770852884,7.427221648238259,0.003212222861208425,-51.18827472527698
5.840566125974614e-16,12.02365583068666,0.0002626478381960173,-20.02409449890457
0.7712088108443714,0.367869184365162,0.2720840211645161,-63.29174920199311
1.028145822447522e-15,6.590797888402591,0.00512536094648347,-34.15766937469937
5.840566125974614e-16,8.947394430566327,0.001389328167475723,-19.3751451205863
1,0,1,0
0.498457812862703,1.855451092701315,0.08657536439626817,-81.72908860938387
0.3028262392958388,4.423959103452859,0.0177188607799067,-38.34422970761142
0.2464217803935816,6.620121158499103,0.00504164870373125,-33.07557535007916
1.266106085701443,0.5656283016250825,0.226000680695091,-118.5581806143676
1.028145822447522e-15,7.163253744247925,0.003720604762783852,-38.67573134795408
4.936130869128893e-15,6.631074956965335,0.005010738442220997,-95.55892422339205
9.555848176237971e-17,12.026287016891,0.0002622773278863066,-10.86194106953996
0.9220219814140233,0.04053916801319701,0.4202150313427128,-68.70172141697932
1,0,1,0
9.555848176237971e-17,13.96767778665912,9.299028776582619e-05,-30.38242846670921
0.4988218509401001,1.85113661795576,0.08682562844124586,-58.77058120434358
1,0,1,0
1.400192923537501,0.9120265671877519,0.1697886410380018,-73.79809453939284
3.17603086687411e-16,16.32723985484704,2.664618132974805e-05,-31.87031518198868
9.682324783204268e-17,13.03955973365757,0.0001524898914798123,-32.0074662621947
1.028145822447522e-15,16.96173407496408,1.907042386772861e-05,-105.6342112204431
9.682324783204268e-17,13.91673376792694,9.554480958334777e-05,-38.69018871332791
1,0,1,0
9.682324783204268e-17,12.8001033554559,0.0001733001011500757,-17.75736163174728
0.1808893660408971,5.631188125416074,0.008821834407037987,-16.35068760069686
0.2233769103345234,3.949220077610391,0.0234465483419164,-26.32862862204674
1,0,1,0
1,0,1,0
3.17603086687411e-16,13.91678962785208,9.554197019417954e-05,-32.94152865851569
0.5794640938649193,1.437695568640493,0.1152563059385914,-62.93992264824376
0.3066345906346243,4.308685935248661,0.01895912042138709,-35.24848206611637
0.6058219193762275,1.19366509926266,0.1372957535617476,-112.9577549162424
9.682324783204268e-17,13.91680835346564,9.554101838049611e-05,-19.03678985955163
1,0,1,0
0.6250045670482873,1.037615637363658,0.1541883303616911,-44.80478266156876
0.1139113630171168,11.20078299825268,0.0004088141198210771,-22.08321009711638
0.3027141714564155,4.42735869684067,0.01768359946192344,-56.25019496921939
1,0,1,0
0.1532660038132447,7.286524713067124,0.003473687051658791,-23.38978552438147
3.17603086687411e-16,16.96242481670454,1.906348661567803e-05,-13.80522582294793
9.555848176237971e-17,13.19384883094498,0.0001404347369185488,-19.88528331284711
4.730343101349462e-16,8.947394430527869,0.001389328167504922,-11.73644153758884
0.2894194132486013,4.852748822648749,0.01380105552585137,-56.12349987071629
6.728744545674702e-16,8.947394430590634,0.001389328167457182,-32.97622829512724
0.1482456615396683,7.667602275886196,0.002811055841208498,-66.62084974953068
3.17603086687411e-16,12.02632619096786,0.0002622718155791959,-19.42525456668185
5.840566125974614e-16,8.947394430566895,0.001389328167475279,-26.24801236367876
9.682324783204268e-17,9.13238100072553,0.001255623427751873,-27.28631634570875
0.468727607821911,2.249525254421485,0.06682770078699313,-47.53144377520113
9.555848176237971e-17,12.80016266765067,0.0001732946069653574,-12.37325139953275
0.2865961311331679,4.951079816782226,0.01303718892634681,-36.34400578279524
9.682324783204268e-17,12.02624781525746,0.0002622828441881109,-24.80569669957842
3.17603086687411e-16,6.588928459204524,0.005130745879534271,-26.28731596016887
0.3066868455536234,4.307207527000827,0.0189756051026328,-26.86471430285107
2.731941657024047e-16,16.23080757624724,2.803738574747028e-05,-27.53281014858731
0.1562194132994949,7.078215099561355,0.003901334663952483,-13.65656347655119
0.7821466307738131,0.3274156447774743,0.283592413664598,-45.90024677760103
1,0,1,0
0.7248452032746614,0.5768251862884028,0.2237797220859277,-50.31057349279477
5.840566125974614e-16,16.95825189845017,1.910543469690884e-05,-60.44380603335011
0.1512986153279683,7.432231079189648,0.0032032931456627,-42.17199128533521
0.3325260224306979,3.61754904174299,0.02858652169901327,-69.14398229356844
1.028145822447522e-15,6.94346524146863,0.004206299200304853,-73.14656164524501
0.1561114119194297,7.0856180120429,0.00388525085245145,-22.36763531849819
0.2189956053646234,4.090199838900588,0.0215662710637497,-22.57903013410527
0.1514753821422244,7.419157497047536,0.003226651279040538,-31.91542032215725
0.4748320426419166,2.885097096427188,0.04470130846482823,-75.4725884813509
0.7756932476823684,0.3510029091424087,0.2767729779564984,-59.43675768978087
5.840566125974614e-16,8.947394430624136,0.001389328167431703,-20.32971475393239
0.5582999791850265,0.8317250203256066,0.1808870976518874,-29.30636772280797
9.555848176237971e-17,12.89832384465321,0.0001644382625645147,-18.85815055933445
9.682324783204268e-17,7.0043759124327,0.004065535726511305,-17.3267903482192
0.1430958201193806,8.0783600135263,0.002239848403801703,-17.52597773297898
2.731941657024047e-16,12.89832318875613,0.0001644383201898636,-25.95337654354334
2.287852447174094e-16,8.947394430510798,0.001389328167517911,-18.27643514233156
3.17603086687411e-16,9.131761470988735,0.001256048686749167,-14.91696197633932
0.3031238135755225,4.414922023239811,0.01781295345740924,-21.66871310646234
0.6057332620231997,1.19442611401648,0.1372192856918421,-57.65612115296797
9.555848176237971e-17,13.96767778667997,9.299028776477147e-05,-16.35435608947364
9.555848176237971e-17,17.54586121843371,1.402302900188612e-05,-18.62232477475706
9.682324783204268e-17,9.132713062328229,0.001255395553434346,-29.33063621736052
0.5709816548022965,0.7628989863865741,0.1912114061344638,-60.55704000972793
0.1512661687956014,7.43462662155985,0.003199031858506896,-28.52671895459843
0.2881921962372644,2.448853290924603,0.05880537930868635,-78.60822810178347
0.6052035951430484,1.198979342000413,0.1367628852277943,-63.80324300436308
0.1513089693983296,7.431474398390197,0.003204640363804245,-15.67012968081847
3.17603086687411e-16,10.45822530066293,0.0006105226505572769,-14.67332514091072
5.840566125974614e-16,6.935142921682001,0.004225915459804608,-18.63449941164187
9.555848176237971e-17,16.96265817588715,1.906114351790666e-05,-14.90680765848525
1,0,1,0
0.1549465813083111,7.168699566397464,0.003709326714498862,-16.11023143664266
0.113912286535383,11.2005948417811,0.0004088555749401923,-35.15973110165894
0.1808379046437662,5.633618219553853,0.008809613722581544,-28.68542291518074
1,0,1,0
1,0,1,0
9.682324783204268e-17,13.91678981060722,9.554196090477696e-05,-25.6453147024679
5.840566125974614e-16,10.45822512821768,0.0006105227075510755,-31.72657312507346
2.281155322008054,7.122701308757485,0.003805696907160483,-131.9938149329155
1.437480096489979,1.40212155357537,0.1181843381362637,-114.5610835348067
316.9057034104497,22.80446599312938,8.967422724937002e-07,-21.03497323868056
0.9965289370850183,4.440892098500626e-14,0.4999999159292007,-4.532763485558994
0.5383955218050034,1.230233243165642,0.1336808413435266,-62.95403414996432
1.028145822447522e-15,6.815063101904755,0.004519605478467026,-54.13509200938536
3.519508678891473,12.1251195611141,0.0002487357088238329,-156.1797875177221
3.17603086687411e-16,13.91680668827639,9.55411030208464e-05,-19.46930895937264