dN/dS,LRT,p-value,Log(L)
1,0,1,0
0.5695766004622563,1.154459250607161,0.1413088071074329,-32.90449787759707
0.1941824576757517,5.017761212955563,0.01254429340759655,-31.84120420218605
0.1896930192919482,5.210141178083049,0.01122775561129868,-16.27294167933394
0.8786445752804773,0.05235269900555295,0.4095094156033777,-39.74482555705656
0.3981431241403267,2.357975062659008,0.06232194485187903,-33.77687984739962
0.1709190448043965,6.158005621532912,0.006540931341248335,-13.75888472786725
9.555848176237971e-17,11.68703268528319,0.0003146859532092705,-12.04829599509114
1.267840814712568,0.3118915791610988,0.2882608749499846,-58.51423557390601
9.555848176237971e-17,9.16551570506023,0.001233090640305301,-12.51730920117969
0.4991885255576309,1.847518100243335,0.08703616509556633,-40.90339074149609
0.2858835753097831,2.48842402719356,0.05734325709789173,-47.61511064351578
0.9688435234383146,0.005052345955391502,0.4716671000266964,-61.53685278138935
3.17603086687411e-16,8.914861801846769,0.001414296082551225,-28.802038373702
1.159218963337414,0.1728993142236277,0.3387739228526981,-68.46942338006868
0.8444982328739418,0.1207252362484468,0.3641246198395215,-52.84809950211289
0.6546555616394839,0.6217624069808352,0.2151965588178125,-45.3188169746435
0.1734041533122846,6.020778357038154,0.007069204932215134,-40.24228328671111
0.4047529041872069,3.391656452396965,0.03276354416098232,-29.60167176421418
0.9122313757225224,0.04343401463623309,0.4174550926450774,-103.0772135582275
9.682324783204268e-17,10.54682403754247,0.0005819395241895009,-23.69086274606762
1.028145822447522e-15,5.010978333261114,0.01259353473599834,-25.02342359732792
0.9365845563435814,0.02285798777805326,0.439913477919224,-49.40893582884471
1.028145822447522e-15,5.010677477500558,0.01259572348622456,-20.52769948242444
5.840566125974614e-16,6.835881436339925,0.004467229772740389,-12.12116805746524
1.09322613685642,0.03850658048655475,0.4222147074223285,-47.27852110080664
3.17603086687411e-16,11.52572814406748,0.0003431978023211157,-21.59237726360212
0.1895936535295647,5.214534506425807,0.01119942129074591,-20.58858050789322
0.5136610281915168,1.679309747501861,0.09750809807201422,-33.6876310758807
0.874236514265503,0.07542387339057655,0.3917986934960145,-69.56405508896194
0.305827581999753,2.167392674927996,0.07048252945975503,-23.46503091735446
9.555848176237971e-17,11.68713639873875,0.0003146684126305033,-12.74359058216605
1,0,1,0
0.9827989836591253,0.001282293700924697,0.4857172770296788,-60.08905356462339
0.8785725121372872,0.08733304736122705,0.3837977069623995,-53.95285961189285
0.3523878610621428,3.175475178367158,0.03737573281800688,-22.45210499599204
1.528552890898033,0.7835974192012714,0.1880215871582483,-51.17211741715843
0.4364284734875621,1.845399498083637,0.08715970472560658,-37.68971007184699
0.2948942793105282,2.336960230822335,0.06316793410564003,-24.02107965623343
1.244504218756389,0.2668367172377231,0.3027308330241066,-53.24839738449056
1.000166606064563,1.661360045090987e-07,0.4998373919901279,-81.43261292689718
0.7591335728502405,0.3329203271787122,0.2819722662591783,-48.89952354564472
0.872873933311796,0.0579491262390377,0.4048836472658019,-41.76401628539243
0.5689007449426651,1.159822839261039,0.1407511425475458,-41.86686679002525
0.8773485706093209,0.05348409984782165,0.4085539642893085,-53.00821432955209
1.092105726300182,0.03760912667242167,0.4231150620826057,-52.85720027595355
0.3468599195427938,3.291149916929591,0.03482711214111528,-28.21329303100802
0.8448529293233836,0.1201089608141928,0.3644581714118606,-47.73102759235702
0.2242421021160828,3.923621044401976,0.02380611140274519,-21.03620243353057
5.840566125974614e-16,10.54673073574682,0.0005819689011305473,-16.76178112932575
5.840566125974614e-16,6.835881877807655,0.004467228668689927,-12.12790675335937
5.840566125974614e-16,11.42124957359689,0.0003630442236398634,-18.04054668454757
0.7758896304736448,0.2802553216835122,0.298266959364993,-44.3335234035216
0.8733534012141797,0.07660384273886223,0.3909768262910529,-40.94211075609124
0.845098743673542,0.1196824714618572,0.364689565144883,-57.60518985841302
0.5178635491486274,1.089787109029167,0.1482591917444026,-27.55247686379951
0.347053158972964,3.286970529328904,0.0349158781316049,-21.73473492027615
0.3795437770408037,2.658601507733678,0.05149562542352915,-40.5603176285342
0.1895119012057101,5.218217034945823,0.01117572828062868,-22.56851818604473
3.17603086687411e-16,9.488013615436941,0.00103409308206559,-11.76385768865567
1,0,1,0
0.5803136512035364,1.07226038923416,0.1502177175577161,-34.90013784625563
5.840566125974614e-16,10.54692256024624,0.0005819085050254302,-18.70950145713512
0.5848779828636617,0.6924521607299852,0.2026657801552074,-44.09671248851244
1.028145822447522e-15,9.48801357024173,0.001034093107539102,-14.35010083968901
9.682324783204268e-17,7.7263267878606,0.002721067638776664,-21.31422349192702
9.682324783204268e-17,10.33748724238659,0.0006517767405279096,-36.64377432116702
3.17603086687411e-16,10.54698349868662,0.0005818893198334951,-12.4194279536651
0.2179670722030367,4.117017092624735,0.02122693534601289,-37.91132292396251
1.22880531332394,0.2770214656310941,0.2993300662535099,-56.95862342991829
3.17603086687411e-16,10.5469835182924,0.0005818893136610992,-12.42004332317634
0.6325605665376021,0.7359582976745145,0.1954793317904149,-37.09754772348916
0.1895368869906365,5.216944554552342,0.01118390941102892,-40.62564954175247
0.7688205263618026,0.2264401829436551,0.3170880174229377,-31.80331830956722
0.364428818712674,2.934335633330775,0.0433571657144004,-32.03129046755434
0.9142985561557974,0.04128866700749256,0.4194908690137705,-43.34127622820713
0.8685194597428465,0.1039639660357921,0.3735617996534728,-48.3924443602066
0.5851824919554872,0.69097196768206,0.2029169875904548,-49.86217097743017
1.838102752920126,1.829106360869247,0.08811656710936938,-57.25262004593625
0.7731608860802497,0.2884479263288284,0.2956084282558576,-51.02953441535092
1.360626354930034,0.5991856344068935,0.2194444561415599,-96.58062108428895
1.059669379017185,0.01315840054166983,0.4543374653010033,-71.23288853369182
1.353594964461892,0.580135965001233,0.223129515987418,-83.09186448498728
0.1990631753728573,4.810455039485909,0.01414378739106259,-23.39319064891223
0.3986603181671678,1.176051190205243,0.1390806816987432,-41.77867672097456
1.27929306319976,0.3909735887604313,0.2658940428674812,-104.4011628509631
3.17603086687411e-16,12.02337019892337,0.0002626880911915652,-27.09427233614507
0.1893465205476762,5.225708748175911,0.01112768752062898,-21.19889178847724
0.2649123805086098,2.88965015949033,0.04457514104589244,-38.01160151211964
0.2647175930231537,2.8937293690432,0.04446243221690149,-35.05003682669211
9.682324783204268e-17,9.660357609606521,0.000941434822271936,-32.51730436217482
1.028145822447522e-15,8.914940190566448,0.001414235376885731,-17.0474325983341
3.17603086687411e-16,10.2971667508946,0.0006661730835541002,-28.68714603789391
0.3869608627306874,2.535280323087591,0.05566355687813607,-33.80164458820551
1.052425521064759,0.01536516976584323,0.4506749291304177,-48.87976048137534
1,0,1,0
1,0,1,0
0.1821444837378248,5.567708138804875,0.009147345697100739,-68.60200021020356
1.03020738491819,0.005246381458277938,0.4711290958392698,-55.25661031629183
3.17603086687411e-16,7.726326792325139,0.002721067632048157,-11.01430800436599
5.840566125974614e-16,11.42090233880687,0.0003631120806405486,-48.87322570400397
2.731941657024047e-16,10.0420792351121,0.0007650220245021266,-11.66895652452722
3.17603086687411e-16,12.03326599599419,0.000261297136972205,-12.73045285634937
3.17603086687411e-16,10.54691961495562,0.0005819094323046836,-11.31973941912135
0.3501491487958898,3.220532957648103,0.03635997491501675,-33.12006451711073
0.6979238999682944,0.5840980269384346,0.2223552466959591,-35.15122765372802
3.17603086687411e-16,10.72116512132349,0.0005295847836341294,-11.95885572367686
9.682324783204268e-17,9.165346705438012,0.001233204518678588,-38.67073187111085
9.682324783204268e-17,12.02369629851925,0.0002626421357222464,-33.33121527562088
3.17603086687411e-16,7.549299098983418,0.003001671039239429,-13.8196207260417
0.3981950893874268,2.357111420289371,0.06235646321353361,-62.16059945359074
3.17603086687411e-16,12.02174316064697,0.0002629175022905716,-20.1427327959786
1,0,1,0
0.1933465126591438,5.05072207255531,0.01230783904197857,-22.73117132057498
0.7702960058462671,0.2230007573087178,0.3183814713258822,-30.77685943473809
0.3869124570449736,2.536070898383983,0.05563568530342644,-30.95573969236231
1,0,1,0
9.682324783204268e-17,11.21443014660456,0.0004058186447321588,-48.84918667699526
9.555848176237971e-17,11.52824198794431,0.0003427340271037749,-10.59263461880803
9.555848176237971e-17,10.29716585025896,0.000666173408693127,-13.05539557251105
1,0,1,0
0.3420670391066462,3.396346108639825,0.03267050468643573,-21.76011757153942
5.840566125974614e-16,6.538126380416088,0.005279324758735437,-21.79021119319061
6.728744545674702e-16,8.914825872842513,0.001414323907517001,-34.55865245210197
3.17603086687411e-16,7.55128686618788,0.002998361721837983,-17.78864929612854
0.972439842374623,0.003937244046028354,0.4749838011255644,-64.73068558403982
0.7316925217393841,0.2169165996604505,0.3206997125926413,-52.02969256857967
0.3468621750364569,3.291046683847782,0.034829301795746,-41.08104510784152
1,0,1,0
9.682324783204268e-17,10.72274186599761,0.0005291336950066228,-22.93072513206896
0.2107639295821984,4.369000141733466,0.01829923035680237,-45.48828506805547
9.682324783204268e-17,7.798377727988353,0.002614658144936277,-19.46574956922507
1.028145822447522e-15,7.798313950536048,0.002614750435374513,-25.30452465181283
9.682324783204268e-17,5.467669961721064,0.009685717640012137,-26.24577846131613
9.555848176237971e-17,9.488013615434156,0.001034093082067145,-27.98557842310386
9.682324783204268e-17,6.835818444980781,0.004467387308385196,-18.70141144903631
9.682324783204268e-17,12.02157691178287,0.0002629409546330286,-45.96226400116944
0.1821810459638741,5.565909688827432,0.009156746351799583,-43.22813230290723
9.682324783204268e-17,5.467553471512836,0.009686363285113353,-21.68475384245261
0.3882231125237657,1.257939551181863,0.1310207330580997,-54.75235684195891
0.3790184800422007,2.66767597741886,0.05120273039002904,-26.60748724703215
3.17603086687411e-16,12.03313842127447,0.0002613150214978988,-24.69479866347453
0.1989611367728004,4.814579892536493,0.01410997486468996,-20.89031770318151
3.17603086687411e-16,11.35604268395638,0.0003760144477041316,-11.97260806568899
3.17603086687411e-16,7.551286901639891,0.002998361662849225,-18.70600742617998
3.17603086687411e-16,10.54695442369377,0.0005818984734063393,-11.92815593749148
0.5206769649431389,1.604655243440391,0.1026223703054914,-39.92448969749694
3.17603086687411e-16,9.488013615369638,0.001034093082103504,-14.71498854854378
0.2181305822055516,4.1169382439694,0.02122792479808916,-48.92785524674894
0.3984927549439964,2.352675877969077,0.06253407946585826,-33.62547890919355
5.840566125974614e-16,12.03313792741412,0.0002613150907339046,-24.40237153586387
3.17603086687411e-16,11.21826467862147,0.0004049809844998697,-23.93739143457391
9.555848176237971e-17,11.42131361072513,0.0003630317108337944,-11.9179745398496
0.3894772845974263,2.496128445667921,0.05706327416982021,-31.73056859703095
0.7769408543935089,0.2078034457647249,0.3242472575850707,-36.95711604708429
5.840566125974614e-16,6.222291475256867,0.006307586893428807,-21.63641860669923
6.728744545674702e-16,9.488013615428287,0.001034093082070475,-48.82509387432231
9.682324783204268e-17,5.145377865926051,0.0116541685912086,-39.35614364521764
1,0,1,0
9.555848176237971e-17,11.42134550236542,0.0003630254793941523,-12.61168607224135
5.840566125974614e-16,8.914975371527852,0.001414208132962835,-18.41401952652161
5.840566125974614e-16,10.29716675095045,0.0006661730835339497,-20.79181332657494
0.8736045930081908,0.07627221989517352,0.3912071145116106,-35.95102375955317
6.771941737530898e-17,12.02353365751981,0.0002626650548325782,-30.64646464741232
0.1733571135029739,6.023244003243498,0.007059335845213788,-16.7305565993074
0.1933573149617008,5.050249629323446,0.01231119536735092,-64.44599027989265
6.728744545674702e-16,10.29716674899061,0.0006661730842414393,-41.84710762220605
6.728744545674702e-16,7.551286906162247,0.002998361655324411,-31.33821550511913
0.1942164743940533,5.016308109953997,0.01255482557368742,-38.8467765248026
3.17603086687411e-16,7.72632679287296,0.00272106763122254,-11.93617843016833
5.840566125974614e-16,10.54688788884079,0.0005819194208770972,-24.79075355115324
1,0,1,0
0.1864261736960493,5.360118433937515,0.01030118723033469,-19.95346848145727
1,0,1,0
2.731941657024047e-16,11.52840302187938,0.0003427043397838392,-13.12409163721991
9.555848176237971e-17,6.538392098378527,0.005278536252809551,-12.81206785347662
0.1933572633619356,5.050256338151449,0.01231114769992947,-28.26761359853653
5.840566125974614e-16,10.97429608362471,0.0004619217013618337,-20.65980782186875
1,0,1,0
1,0,1,0
0.1822041881695649,5.564770083216963,0.009162708333103564,-26.0853716479403
1,0,1,0
4.004733053112191e-17,10.97429608369243,0.0004619217013449584,-12.07373095651613
5.840566125974614e-16,8.914918783293018,0.001414251954809154,-37.37461969611192
0.176128320142751,5.876427724795988,0.007672462075484332,-22.24254260109736
3.17603086687411e-16,12.03278973940744,0.0002613639090365827,-21.23130694545747
2.731941657024047e-16,12.02369646402673,0.0002626421124002354,-13.36342772928491
0.6551636412377184,0.6195373433479574,0.215609632028687,-32.30566725183383
0.3790817124775554,2.666570696018191,0.05123830768466969,-27.00018307544791
1,0,1,0
1.028145822447522e-15,5.146856426901991,0.01164424853003204,-54.91982702617285
3.17603086687411e-16,9.488013570273218,0.001034093107521339,-11.50189568471034
1,0,1,0
9.555848176237971e-17,11.5245884047651,0.0003434082798963178,-12.60968213292971
1,0,1,0
5.840566125974614e-16,7.550774257149435,0.002999214778274861,-30.1505139030549
5.840566125974614e-16,12.02369316527772,0.0002626425772345731,-20.74605244033004
0.1941824593982772,5.017761304126353,0.0125442927470738,-22.90663203271829
0.3324635110981481,3.620440748453575,0.02853687554175471,-28.16844447254437
0.569265860619862,1.156911610765363,0.1410534836389655,-47.69692832174559
0.1662987251466218,6.429310947906288,0.005612605926004599,-33.65587538282206
3.17603086687411e-16,10.97429604622622,0.0004619217106838214,-14.66042674071826
0.1933224828364048,5.051759293729873,0.01230047375890869,-16.44163243239916
3.17603086687411e-16,10.97429608369243,0.0004619217013449584,-11.78496653708627
3.17603086687411e-16,10.33748722002299,0.0006517767484248704,-13.86963484828841
0.4011866817582775,1.157221545585571,0.1410212568189744,-35.91594736354664
0.1990034936617138,4.812728288057812,0.01412514254522063,-44.81881653392582
3.17603086687411e-16,7.726326792872964,0.00272106763122254,-11.93621765785574
3.17603086687411e-16,10.54688772143706,0.0005819194735824929,-11.03233221485508
0.1662172918573763,6.434218310835853,0.005597120491933949,-31.13056632750181
0.171057465046507,6.150171812583945,0.006569966765350432,-13.40492090439056
1,0,1,0
0.2107293008669423,4.370229459502369,0.01828603342825297,-25.63023676749479
3.17603086687411e-16,12.0331382209736,0.0002613150495787697,-24.40379595161163
0.2106686496333945,4.372383613251891,0.0182629322561117,-22.1401508266191
0.2180403097877675,4.119945286556074,0.02119022448248964,-20.54191033066887
0.1989938767341769,4.81332318921465,0.01412026747883321,-14.96173978151994
5.840566125974614e-16,11.42122089427126,0.0003630498276994687,-24.99135751971234
1,0,1,0
0.9344697229491471,0.02343729914917958,0.439162683703757,-52.88975093497321
0.1895362874718184,5.217159872268624,0.01118252463751074,-24.19245703221775
0.3791678928827066,2.664977443685686,0.05128963960412414,-46.19480816688721
0.1710442887319573,6.148364519795443,0.006576684150873702,-31.91169508023505
5.840566125974614e-16,5.468388571189269,0.009681735742069153,-13.12079249848487
3.17603086687411e-16,10.72097076932627,0.0005296404124389698,-18.94219789906781
5.840566125974614e-16,9.488013570240195,0.001034093107539935,-12.60066417687229
1,0,1,0
1.028145822447522e-15,11.52824648175277,0.0003427331986149973,-37.98480549961242
9.682324783204268e-17,7.550294457972178,0.003000013458667794,-19.46059888388415
9.555848176237971e-17,11.528178415084,0.0003427457477576112,-10.18540266897034
3.17603086687411e-16,8.914998132558448,0.001414190507242896,-12.32892991930546
0.7294443384782967,0.4427044201942749,0.2529100134948464,-50.20292258654599
2.731941657024047e-16,8.914975440968398,0.001414208079189017,-18.4166445644647
0.9685568192139359,0.005146565302425188,0.4714045841538376,-62.94579549816966
0.1894870087362281,5.219383088685184,0.0111682368410454,-16.99424303908079
9.555848176237971e-17,12.02369563860969,0.0002626422287115848,-14.17164316091539
0.2648441095833088,2.891078217338304,0.04453564851226649,-34.79042469164538
3.17603086687411e-16,8.914928854111693,0.001414244155881039,-30.33097039319379
5.840566125974614e-16,7.798125454263428,0.00261502322208651,-22.82562657962608
9.682324783204268e-17,9.488013615392035,0.001034093082090903,-34.73882986096979
1.35733622004231,0.5902428550081709,0.2211626118021041,-66.36384082860923
0.1343667699736233,8.859461834345801,0.001457867621940445,-15.89471200898263
2.287852447174094e-16,9.488013615437005,0.001034093082065535,-19.8863665116671
1,0,1,0
3.17603086687411e-16,11.52735805603211,0.0003428970301428413,-11.92230122671988
3.17603086687411e-16,10.2971658514231,0.0006661734082728521,-14.3938888684866
0.7009711743964665,0.5692190303836639,0.2252847099595889,-35.2408804231472
1.52394652247592,1.39103154286525,0.1191154870221345,-80.2060318443768
0.3469960047862037,3.288286508274325,0.03488790196573766,-29.65719990042919
1.028145822447522e-15,6.835894223992675,0.004467197792681565,-19.25385899141978
0.1822570650882411,5.562171765439885,0.009176316734367029,-49.03100401149136
3.17603086687411e-16,6.537794194220073,0.005280310676008038,-12.81056224990375
1,0,1,0
3.17603086687411e-16,10.04208428859778,0.0007650199258092405,-25.59340810806591
9.555848176237971e-17,9.165491969540405,0.001233106633557135,-11.62097649966882
5.840566125974614e-16,7.798409598112414,0.002614612027879881,-12.93381070447194
1.309213770627053,0.4641438353890237,0.2478468436621285,-49.33032048511196
1,0,1,0
0.1733571143839523,6.023243765280448,0.007059336797009153,-16.73032386710409
0.5974872814735475,0.9497459588484816,0.1648919848909927,-34.70107737926792
5.840566125974614e-16,11.52654510108418,0.0003430470136780994,-12.61401171591768
5.840566125974614e-16,10.04170361569611,0.0007651780341031977,-46.57629261237083
0.171026097054371,6.150664869050566,0.006568135387197749,-21.43675238219514
0.5807311565078704,1.069160303873971,0.1505675951775943,-47.03098358372799
0.1990052474779574,4.812775756747008,0.01412475348686787,-27.28078016277543
6.728744545674702e-16,6.538124925567949,0.005279329076263384,-21.54313518946442
0.193400191659571,5.048404938059548,0.0123243094988893,-64.32458405326427
0.1742377396697672,5.975564800293725,0.007252717576801293,-35.69638037149866
0.6739388148057859,0.8903816745578155,0.172686949371882,-44.56756273820481
0.9504388449558618,0.01310753117978436,0.4544254289770338,-52.98848530313879
3.17603086687411e-16,10.97429608248071,0.0004619217016469945,-20.1607824429542
0.1942422225466552,5.015212807856486,0.01256277044851195,-41.7332718945476
9.682324783204268e-17,10.54679506197208,0.0005819486472576352,-16.62939502937319
0.2584338669518024,3.027743876354485,0.04092587932772224,-28.03689155614573
1.416841903975136,0.8659422614450989,0.1760405585576842,-68.87215261504247
4.730343101349462e-16,7.726326792820295,0.002721067631301921,-11.44443864105388
9.682324783204268e-17,11.5283422407936,0.0003427155447413011,-18.82711572310084
9.555848176237971e-17,11.52827373894817,0.0003427281734598164,-18.27223580819976
3.17603086687411e-16,8.915008480941733,0.00141418249372055,-12.82057611000623
6.728744545674702e-16,7.551286922433206,0.002998361628251123,-18.99310129454268
2.731941657024047e-16,8.914998200244089,0.001414190454828712,-12.33105422970104
6.728744545674702e-16,7.726326792848013,0.002721067631260121,-18.92207522941211
1,0,1,0
1,0,1,0
9.682324783204268e-17,7.550956472121449,0.002998911517538672,-21.66272640657582
0.5253374509133244,1.555887325459125,0.1061342062100877,-35.6110629939465
0.3469781053321941,3.288581794777109,0.03488162781874621,-30.44814765952807
9.555848176237971e-17,9.165525960099476,0.001233083730413254,-13.00762472776825
5.840566125974614e-16,9.488013570240199,0.001034093107539935,-12.60040586294275
3.17603086687411e-16,8.914975443864801,0.001414208076946089,-11.23069054904986
4.936130869128893e-15,10.33748721965569,0.0006517767485545445,-106.7772482713577
3.17603086687411e-16,8.914963074133901,0.001414217655929473,-24.49667078563799
9.682324783204268e-17,11.2155958445101,0.0004055638109066173,-37.9654723623737
9.682324783204268e-17,12.03320529404428,0.000261305646541532,-19.02343064652803
9.682324783204268e-17,10.54691973156319,0.0005819093955926058,-25.48263813306806
1,0,1,0
3.17603086687411e-16,11.35610679901692,0.0003760014673749312,-13.07500874799118
5.840566125974614e-16,12.02288195516972,0.0002627569119431628,-22.21168121525707
9.682324783204268e-17,6.993875662066571,0.004089453328982695,-44.77118779138288
9.555848176237971e-17,10.54695443386504,0.000581898470204123,-11.92847528455308
2.804502661847769e-15,6.253248802366528,0.006198286851816059,-37.07091336426611
2.287852447174094e-16,10.29716625588728,0.000666173262256986,-20.59242359823609
1,0,1,0
6.728744545674702e-16,10.33748722027818,0.0006517767483347203,-47.01430677373781
2.287852447174094e-16,7.551286894353851,0.002998361674972472,-18.4664020206737
2.731941657024047e-16,7.798345660643207,0.002614704548214553,-11.83333398903839
9.682324783204268e-17,10.54656856891502,0.0005820199644412938,-47.91711814180647
1.168432106798474,0.09189263424167393,0.3808923560191471,-64.0422700372885
0.1894412160052526,5.221430641606233,0.0111550947004096,-21.21407750667081
9.682324783204268e-17,5.148177884337954,0.01163538992759278,-22.37477143312134
0.1734876630418015,6.016053969684748,0.007088154623491272,-21.04335085762379
9.555848176237971e-17,7.726326792820295,0.002721067631301921,-11.44443978463529
0.871339210331282,0.05949799717762971,0.4036455713647565,-50.60692631102273
2.731941657024047e-16,11.68878381048876,0.0003143899258434835,-12.74255784639638
9.682324783204268e-17,11.52605354083438,0.0003431377346689857,-33.48135774263307
1,0,1,0
1,0,1,0
2.449231293967717e-15,8.914826929496513,0.001414323089190761,-103.410717536638
3.17603086687411e-16,11.42128453498061,0.0003630373921581498,-11.42600885582518
3.17603086687411e-16,12.02043741794348,0.0002631017572422012,-19.04568733425694
0.4362881613676386,1.847049117450112,0.0870634949711569,-32.61602418595294
0.2564223842139647,3.074286499934558,0.03976974419788609,-29.72258814450594
6.728744545674702e-16,11.52605919156804,0.0003431366916476497,-24.49315715921961
5.840566125974614e-16,12.03320216255968,0.0002613060855397586,-18.56730533880754
5.840566125974614e-16,10.54685904419194,0.0005819285024062926,-17.32518417927816
1,0,1,0
9.682324783204268e-17,11.34636485292616,0.000377978961458858,-28.81464693134169
0.194243854018661,5.015140585116654,0.01256329450623783,-29.25045659269568
0.3795937495461286,2.657764160828172,0.05152274456918837,-30.02303389857801
2.287852447174094e-16,12.03295072544195,0.0002613413365665784,-50.35914282647481
0.398180395589408,2.357415363051146,0.06234431270152557,-36.28028728983554
1.26490006372171,0.3060336332013378,0.2900621835927937,-75.26402076006421
5.840566125974614e-16,12.02369637391916,0.0002626421250974675,-16.01562848006219
0.1749928858703544,5.934115819195689,0.007425258757642328,-26.67339729644893
1,0,1,0
0.3325709831422266,3.617943206898417,0.02857974909524147,-34.78777397853234
1,0,1,0
0.3869786242499187,2.534983008559507,0.05567404261839365,-31.15231368557775
1.431478306097739,0.5717402786347066,0.2247841018144306,-73.80928086161961
0.7937571738162487,0.172862328968975,0.3387901968665668,-39.40683451210229
0.1894707017703381,5.220065292381562,0.01116385636149536,-18.9991959586549
6.728744545674702e-16,11.52524045434726,0.0003432878488476843,-17.80024607701214
1,0,1,0
3.17603086687411e-16,10.54669889007592,0.0005819789283806887,-16.63013525063536
3.17603086687411e-16,11.52458840384266,0.0003434082800667371,-12.60968780180794
0.3867561713361276,2.538629393235496,0.05554559129713982,-29.50822136623585
2.731941657024047e-16,10.04204759236615,0.000765035165743444,-18.65286473363918
5.840566125974614e-16,11.52540242751019,0.0003432579396434599,-27.63330159655178
3.17603086687411e-16,7.798380510435738,0.002614654118615722,-12.44223940799833
1.738688558207614e-15,6.542597132119745,0.005266074073126681,-30.53194078151591
1,0,1,0
0.1989872224101227,4.813545716677712,0.01411844437188953,-13.90606454140124
3.17603086687411e-16,7.726326792868292,0.002721067631229535,-18.46726747041922
0.166230644573887,6.433401972886401,0.005599693444731602,-42.3997592134084
0.5689251687159089,1.159646679449651,0.1407694140544873,-31.15341298241776
1,0,1,0
0.1933572674521365,5.050256458195044,0.01231114684700008,-15.15748214846884
1,0,1,0
1,0,1,0
9.555848176237971e-17,12.02353183300779,0.0002626653119513489,-13.76340714235933
9.682324783204268e-17,10.72110271717745,0.0005296026447464963,-18.24706169278808
0.2106717773946522,4.372273899874735,0.01826410808499246,-27.53659259156586
1,0,1,0
0.1750552519371356,5.930734779097008,0.007439518265607903,-32.74830198341779
0.6541154536368713,0.6245942254005996,0.2146725745031184,-31.90837393881189
1.935190431562453,3.881090374281882,0.02441641661967997,-85.06318164389654
1,0,1,0
2.804502661847769e-15,10.72899780439204,0.0005273477690657669,-67.87597352171164
1.139404820598586,0.09759483512371503,0.3773676214105331,-72.87235084579227
6.728744545674702e-16,12.02369572590641,0.0002626422164103692,-35.9414379191938
3.17603086687411e-16,7.79838049494132,0.002614654141036787,-12.44175292202135
9.682324783204268e-17,11.52837386326051,0.0003427097151119107,-19.51975922095957
1,0,1,0
2.287852447174094e-16,9.165458994613182,0.001233128852771714,-17.21763753557039
1,0,1,0
1,0,1,0
5.840566125974614e-16,10.2971662473348,0.0006661732653445163,-51.16790483248744
3.17603086687411e-16,10.54679207133142,0.0005819495888804149,-30.22137746516238
2.731941657024047e-16,11.52458837234078,0.0003434082858860266,-12.60988141811057
1,0,1,0
0.844737216951662,0.1203094244640255,0.3643495679148504,-55.19454937729274
1.502299284133132,1.30419792091854,0.1267239232778072,-86.51130458950215
0.4216721556706466,2.028406579193486,0.07719119687860188,-23.29063632236621
3.17603086687411e-16,12.03323408661048,0.000261301610189224,-12.03663518128303
0.1895342540270055,5.217063804159395,0.01118314245869928,-46.87133783853811
2.10276785831506,4.797853974809897,0.01424760500471578,-94.7220447314254
5.840566125974614e-16,7.798313667636421,0.002614750844757485,-25.30211979642836
1.222799240272618,0.1512078150227012,0.3486918944628389,-37.31444995917654
1.373224172072572,0.7238582645144476,0.1974406186689069,-61.76521408362321
0.1989951286268116,4.813171236078944,0.01412151253028965,-32.73799205181473
1.177629422548942e-16,6.835913205575697,0.004467150322936486,-12.81785010050419
0.1661031617697429,6.440858193808623,0.005576237765958725,-45.98451789997421
0.4359313067143148,1.850658509434325,0.08685341265211116,-62.65693491889809
0.967969774705315,0.005346228138563447,0.4708561465438685,-40.14552914407133
0.8685140042744686,0.103973825940912,0.3735560090406064,-58.86217827594047
0.8567502676131387,0.1255606347920519,0.3615400385369075,-49.6726599712177
0.5691795303663957,1.157615397871922,0.1409803177452522,-36.54009864830417
0.1742438694509941,5.974469795960999,0.007257222296898014,-168.0827852015007
1,0,1,0
3.17603086687411e-16,6.540963148837399,0.005270913012881628,-20.50836694343684
5.840566125974614e-16,11.52507671083801,0.00034331808763155,-19.59400154417642
5.840566125974614e-16,7.726326792778785,0.002721067631364482,-24.06738838204182
5.840566125974614e-16,11.42128170757682,0.0003630379446302179,-18.44941519338957
3.17603086687411e-16,12.02184959439425,0.0002629024890368203,-37.23828263616373
5.840566125974614e-16,11.42109267346888,0.0003630748836469522,-37.45134969995745
3.17603086687411e-16,7.798348622259702,0.002614700262551284,-11.74840768110399
2.804502661847769e-15,10.33748724238404,0.0006517767405288533,-120.0337022288151
5.840566125974614e-16,6.835830816311699,0.004467356368365927,-24.94658586899438
2.731941657024047e-16,11.3560428150451,0.0003760144211643057,-11.97413275453597
6.728744545674702e-16,10.29716586363641,0.0006661734038637124,-27.72970086066736
1,0,1,0
1.028145822447522e-15,5.145443677323669,0.01165372685865518,-22.33191457795075
9.555848176237971e-17,9.488013570240195,0.001034093107539935,-12.6008318658144
3.17603086687411e-16,12.02320632358171,0.0002627111883299893,-13.76284869732909
0.3881057747802547,1.258902861132341,0.1309294331315097,-44.91683840822675
0.4989992652830453,1.849673949862279,0.08691066037477996,-65.47783090609917
2.731941657024047e-16,8.91499813474519,0.001414190505549529,-12.3291228363087
3.17603086687411e-16,11.68022729735067,0.0003158390779559039,-20.87513326908613
4.730343101349462e-16,10.72110214984881,0.000529602807128271,-10.85904320897759
9.555848176237971e-17,10.29716675095047,0.0006661730835339497,-14.01153328867781
9.555848176237971e-17,8.915008464098282,0.001414182506763673,-12.81973590036448
3.17603086687411e-16,7.79834515559623,0.002614705279053053,-18.76587130452047
1,0,1,0
0.3869275833798574,2.535825208331367,0.05564434541215157,-20.93163963997468
3.17603086687411e-16,11.52802038591597,0.000342774884667385,-16.6593965600837
1.028145822447522e-15,5.148239548421316,0.01163497672317237,-41.82059983347649
9.555848176237971e-17,9.165526049547768,0.001233083670142798,-13.00906297888443
3.17603086687411e-16,10.72149080595645,0.0005294915771210662,-11.95962664394783
9.555848176237971e-17,12.02092393103641,0.0002630330895533328,-27.33058501082229
1.028145822447522e-15,6.237366981068902,0.006254115056863352,-32.97252952541255
0.3884501390741805,2.512713268645669,0.05646567221649318,-52.33512905942685
0.3981446952749121,2.357910549990081,0.06232452258333554,-33.65033207731034
1,0,1,0
0.7590122123923989,0.3333226975851176,0.2818545413484908,-52.36775183330057
1,0,1,0
0.4362687805156621,1.846996060724763,0.0870665874629048,-48.38473364490104
1,0,1,0
0.2533974384199568,3.398036937231851,0.03263702904594373,-24.93887755469736
5.840566125974614e-16,11.42128152636711,0.0003630379800384498,-25.67062580815559
3.17603086687411e-16,12.01994661141742,0.0002631710492532191,-18.34981574130825
3.17603086687411e-16,11.42131343680564,0.000363031744816944,-19.14021135116322
0.5259319453887407,1.549767000705671,0.1065849206185967,-46.73853318031288
0.3434452673841503,3.361584960240236,0.03336690570890843,-62.20448495275549
1.028145822447522e-15,7.548972687949629,0.00300221481801094,-41.04485111514277
9.682324783204268e-17,7.798316753144796,0.00261474637973369,-18.52987715221441
1,0,1,0
9.682324783204268e-17,12.02369645335363,0.000262642113904199,-18.26673703593669
0.3868051896061951,2.537819006444167,0.05557411061006295,-34.43159923461923
0.5694621453628373,1.155373452461816,0.1412135581956449,-36.69447200478833
0.7017776288947688,0.5653143294318994,0.2260634540640472,-39.58941052964286
0.3323089647337302,3.624209194066829,0.02847231445114839,-24.60797281888978
0.6321257142251462,0.7383548358416263,0.1950941965349125,-29.32174896750725
0.5802962639099881,1.072392186898483,0.1502028660134788,-43.83794737826196
0.9996546805788561,7.142073314980735e-07,0.4996628507746996,-54.07412609553527
1,0,1,0
1.028145822447522e-15,7.550407487048929,0.002999825289355107,-45.39778148362914
1,0,1,0
0.1941824593300392,5.017761307600217,0.01254429272190605,-29.89230450508504
4.004733053112191e-17,12.03323407942545,0.0002613016111964739,-12.03652253209854
1,0,1,0
1,0,1,0
0.1733571978159682,6.023287086651898,0.007059163524047951,-16.10356297279923
0.3656607467883958,1.456049186306586,0.1137798920998515,-18.66161987448734
6.728744545674702e-16,10.29716585060647,0.0006661734085676718,-30.99649892755651
5.840566125974614e-16,7.798316951199247,0.002614746093130393,-25.75910218078977
0.8457565515620428,0.1185472984641507,0.3653077167083692,-48.88857320837649
0.2180656928014215,4.119090452201377,0.02120093466590395,-33.43025335245923
1,0,1,0
0.3981564083424548,2.357783360362944,0.06232960504366497,-28.08315799107104