dN/dS,LRT,p-value,Log(L)
1,0,1,0
0.6875213223295514,0.3187413925480129,0.2861825027253525,-21.9420168821991
0.3521563807227489,1.590872968214725,0.1036007277090227,-22.12305662405334
1,0,1,0
1.050218693474893,0.0047164852193049,0.4726234938690549,-22.10737803886751
0.3612396299928106,1.497630642072011,0.11051814329893,-19.63420652186866
0.3108222664363059,2.094317900094115,0.07392384127862034,-13.00163487936737
0.3109538694428375,2.091586595075228,0.07405609012616077,-21.00939154723147
0.7657512493301178,0.1557699135325379,0.3465406492294234,-30.2060409094838
9.682324783204268e-17,5.063197090847254,0.01221955691983617,-11.6324567948511
0.9101388365778715,0.02740211096464407,0.4342611253450336,-38.1148159926905
2.804502661847769e-15,3.863573853587226,0.02467255683235592,-21.29976587848717
0.7033127969258161,0.2791294265306021,0.2986361949472696,-39.61641198427365
9.682324783204268e-17,4.928672355391413,0.01320730200600828,-21.30868705759645
0.9787568043211324,0.001854341442879104,0.4828260294859,-34.87093613704091
1.148863924755547,0.05508428613349281,0.4072206317102257,-42.37569184483385
0.7903634505239575,0.1195789099134856,0.364745822568178,-36.66936649064566
6.728744545674702e-16,6.312861135628566,0.005993262652229214,-18.81473285692584
0.4899874750989552,1.308166916594175,0.1263634067528626,-21.60449476700269
0.6627703832025174,0.3894143830717098,0.2663036937848003,-65.04809662884797
1,0,1,0
5.840566125974614e-16,2.795043827055235,0.0472780906013161,-11.82762611079282
1.426340742394599,0.4821438544205705,0.2437264200839755,-40.30894009676828
9.682324783204268e-17,2.795341903667882,0.04726929969473348,-19.53304068021435
1,0,1,0
1.187995429231124,0.0839552938722079,0.3860035981842935,-33.49806539770209
9.682324783204268e-17,6.313197316341345,0.005992126393883523,-20.75526978485453
0.6875977858327126,0.318530629821403,0.2862460117622497,-26.1562663169309
0.6220862648516106,0.530284887286868,0.233243555816575,-19.33056784610821
1.187376916082425,0.08339912880245492,0.3863713971800461,-44.76813877592206
0.5558204936060697,0.4231166542559421,0.2576929885360074,-22.03254169924641
1,0,1,0
1,0,1,0
0.9888181012980886,0.0002853131604041437,0.4932617004005092,-37.7269700529759
0.6348949315707394,0.4822378184355927,0.2437052108125343,-26.44189318487681
0.3185251180729974,1.989020032870204,0.07922169066051371,-14.79669775905348
2.225293654173126,1.989886823650522,0.07917635675331092,-33.9156486362776
0.7906925787120066,0.1192573725253894,0.3649206643336056,-22.71961658733419
0.5281130912723183,0.5095530367048795,0.2376662035726462,-22.08489260574756
1.126004421815056,0.04058418930078744,0.4201713362986,-27.34671683255485
1.825235609116337,1.790807831226928,0.09041388389613048,-56.9790557181076
1.376245774125951,0.3668600286958252,0.2723604080931349,-39.08081318362406
0.5244883188152,0.5218741642111766,0.2350216550399956,-21.62791545147004
0.686713623059267,0.3208799052020623,0.2855396667237491,-19.28882247360148
1.028145822447522e-15,3.813947519494057,0.02541376409875434,-19.13653308051503
1.582998250778174,0.7266122555535048,0.1969917486214648,-32.36200347587219
0.3151624562126422,2.033805422072739,0.07691750257564878,-13.13978812688703
0.7655085392918695,0.1561580718011157,0.346359302518754,-28.72203405054257
0.4057790261525053,1.123429113916892,0.1445906367369046,-12.9251327563518
3.17603086687411e-16,5.825508595968227,0.007897700427489829,-10.47074156470902
9.682324783204268e-17,3.813944898822925,0.0254138038561032,-11.50923306665971
5.840566125974614e-16,6.301342153356543,0.006032329680817738,-11.62296947847634
1.057372135751139,0.009149258961173246,0.4618985780248211,-34.14836732581091
0.7901843860304024,0.1199348610614805,0.3645525743605964,-25.89456592367892
0.3829564112307459,1.301009647748536,0.1270144411180738,-19.75761844557562
3.17603086687411e-16,4.271354763463535,0.01938000809327822,-9.581483750295979
0.315448398726786,2.029871564613057,0.0771168204122385,-12.84260217322708
0.6882118321795019,0.3169179896877949,0.2867328669361856,-38.34533303619081
0.3432227989417515,1.685723650538449,0.09708282340413277,-20.67211149463948
3.17603086687411e-16,5.227828136923932,0.01111413575917947,-10.81202695292877
1,0,1,0
0.3512318456330517,1.599688117696196,0.1029737073312449,-12.59720736438668
1.028145822447522e-15,5.825508598409421,0.007897700416529541,-17.9718933703906
9.682324783204268e-17,3.813878116124798,0.02541481701687065,-17.44223662503311
2.731941657024047e-16,5.22782811865979,0.01111413587589005,-13.48842851354567
9.682324783204268e-17,4.271354764196175,0.01938000808492268,-16.792253970622
9.682324783204268e-17,5.691286924735785,0.008524673476294264,-18.14948943318165
5.840566125974614e-16,5.825558443694483,0.007897476628027034,-11.43202830037334
0.3948861390530745,1.203981538976684,0.1362636733832326,-21.78345229318687
0.6351893426882913,0.4811776041492806,0.2439446970242991,-22.62028618432884
9.555848176237971e-17,5.825558457472702,0.007897476566168404,-11.43242400076177
0.7654686727626155,0.1562213153046628,0.3463297799837621,-28.10946476185682
0.3433716381148634,1.684112357584446,0.09718945598848627,-22.19327872555722
1.37902392143083,0.2787062176102495,0.2987752319999309,-28.58557440701798
0.3311955200737414,1.826467096678009,0.08827270252540159,-22.41558780036318
1.329019842421556,0.2944860312171187,0.2936800069788894,-32.69757692895305
1.269364758460294,0.2100227516729802,0.3233747860469629,-38.61992261639053
1.049455576256299,0.004578706122394749,0.473025703057191,-31.21602558291046
1.671195783412973,0.6701891616178557,0.2064928322577551,-35.48538192221584
1.404106403580245,0.4119453979921275,0.2604918730737481,-41.72079862463469
1.05610789785381,0.008764545819246905,0.4627058472509775,-42.78378253002982
0.4779074377938233,0.7074630622628604,0.2001436512124459,-27.4751667811437
2.110116985216967,2.641836353854927,0.05204158662850411,-53.83838186480912
0.3614618487500125,1.495442803749441,0.1106869473502185,-22.14656985348556
0.7143476617626344,0.1268183102946665,0.3608770028837781,-40.21870637830659
1.661958942785316,1.094754293023229,0.1477101034278688,-62.18602823887856
1,0,1,0
0.3431618276204687,1.686442550718866,0.09703529197316751,-19.86651213183942
9.682324783204268e-17,4.183956249645078,0.0204041668824364,-17.54636611469229
0.4778903005230052,0.7075413841910105,0.2001306115190256,-21.70539376974843
6.728744545674702e-16,5.333586872030224,0.01045914616210192,-18.99896609041696
9.555848176237971e-17,4.92880206637539,0.01320631065533523,-11.13976803713054
3.17603086687411e-16,5.679889286275131,0.008580225300986122,-13.05696479370844
0.3513838442818019,1.598095370037782,0.1030866667955024,-24.45025616816492
1.270901597005113,0.212067376499121,0.3225759094130537,-32.28576557524293
1,0,1,0
1,0,1,0
2.449231293967717e-15,6.037589200889755,0.007002197726360015,-32.0926387875959
1.250799377514633,0.1856015951433534,0.3333014329460587,-38.60931290684099
1,0,1,0
2.449231293967717e-15,6.300943917599824,0.00603368497891571,-42.14915765511765
5.840566125974614e-16,5.534186290103818,0.009324217670256651,-11.05046062007609
1,0,1,0
5.840566125974614e-16,5.825488593356049,0.007897790234303315,-10.33193991148568
0.6353634785488173,0.4805242458169801,0.2440924753900947,-24.43360701094185
0.9643272476358575,0.003998743434976859,0.4747894410713346,-26.76779413280978
3.17603086687411e-16,5.897395360046005,0.007581646151534727,-11.29870643170807
5.840566125974614e-16,5.063152656006174,0.01221987020352477,-16.66046951482051
5.840566125974614e-16,6.60077074375512,0.005096731653792652,-27.19026426736687
1,0,1,0
0.7230747566125135,0.2344760129090702,0.3141123059967552,-41.80590582357202
2.731941657024047e-16,6.600602298152914,0.005097213850595861,-12.43212725565742
1,0,1,0
0.3517634195402585,1.594117987429957,0.1033693868181784,-15.10960036402504
1.382971256733815,0.2834345412437216,0.2972294411616986,-27.96547049583768
0.351360119719051,1.598346933788804,0.103068815884603,-22.68567339239903
1,0,1,0
5.840566125974614e-16,6.181428958625375,0.006454898829627964,-18.33341274499514
1,0,1,0
5.840566125974614e-16,5.679888958619845,0.008580226903327548,-12.2501118326983
1,0,1,0
0.3108222673129917,2.09431790430865,0.07392384107476008,-13.00162893911286
1,0,1,0
9.682324783204268e-17,4.928777200970167,0.01320650068981216,-17.0027727165193
5.840566125974614e-16,4.183956293880325,0.02040416634993547,-11.69437542506221
1.411482182273718,0.4244076305808306,0.2573729379260589,-39.35912738295867
1.320838634367595,0.1412802705562939,0.3535057764715813,-42.25185205609608
0.6307075902608402,0.4975756469180936,0.2402836515957674,-33.45908252634089
1,0,1,0
1,0,1,0
9.682324783204268e-17,5.227828136920856,0.01111413575919917,-27.29695236320035
5.840566125974614e-16,4.347986418241081,0.01852636497561316,-11.94627370862246
5.840566125974614e-16,4.347881864287324,0.01852750243827517,-24.36864693449291
9.682324783204268e-17,3.058507225841147,0.04015771184525663,-24.74956562721636
5.840566125974614e-16,5.22782813692087,0.01111413575919906,-20.47072451866264
9.682324783204268e-17,3.813840895042539,0.025415381716695,-17.81886343477187
9.682324783204268e-17,6.598921655579893,0.005102027463998127,-23.87060225886382
0.3311955144747584,1.826467148729918,0.08827269944293387,-40.11680363600593
5.840566125974614e-16,3.059377705932633,0.04013620323506251,-20.53827234617323
2.449231293967717e-15,2.875954478898564,0.04495582575365165,-27.8996493722705
0.3431797175001107,1.686244935441998,0.09704835496459846,-19.17207099817676
5.840566125974614e-16,6.635284696965321,0.004998910808410084,-18.30063980268431
0.3611356266748928,1.498646518484144,0.1104398673555616,-12.69287584270984
1,0,1,0
6.728744545674702e-16,4.183956303880002,0.02040416622956004,-12.38971531071306
3.17603086687411e-16,5.825543423071394,0.007897544064865925,-11.16399496013496
0.633916526836908,0.4858072884607481,0.2429017811125094,-19.49034566442895
3.17603086687411e-16,5.22782813689917,0.01111413575933773,-13.48431912958508
0.3951292674016354,1.202744425752037,0.1363869226309338,-22.08599395853037
6.728744545674702e-16,5.5341170743079,0.009324586506839261,-17.36595422815546
5.840566125974614e-16,6.635249846839343,0.004999008605342137,-17.60730895302019
3.17603086687411e-16,6.18499065707212,0.006441919168446275,-11.92467569905224
5.840566125974614e-16,6.301307315161655,0.00603244823162169,-10.92992596464726
0.3532138285576799,1.57987038128357,0.1043896825377919,-23.22218531819286
0.46783526928811,0.7545555639318486,0.1925188670268667,-12.70879878326896
2.804502661847769e-15,3.431515636588138,0.03198168763083192,-21.07491451647468
5.840566125974614e-16,5.227828136923918,0.01111413575917958,-23.21317317449694
1.028145822447522e-15,2.872997889259132,0.04503846898168412,-13.52095196087022
1,0,1,0
1,0,1,0
6.728744545674702e-16,4.928771786104015,0.01320654207343808,-16.98195495218886
1,0,1,0
1.186673700046974,0.08290437789823812,0.3866997005158412,-26.8499886049489
6.728744545674702e-16,6.60060288400981,0.005097212173425514,-22.82349864924948
0.3151462214429203,2.034028419314922,0.07690622142209824,-15.45792362892724
1.028145822447522e-15,5.691286924666471,0.008524673476630995,-40.26073187982411
2.287852447174094e-16,5.679889284334237,0.008580225310477696,-27.54480393731571
5.840566125974614e-16,4.183956300802837,0.02040416626660274,-12.1223679374918
0.3522643187446779,1.589745975820691,0.1036812153016727,-16.76765731846826
1,0,1,0
5.840566125974614e-16,5.825558464367468,0.007897476535213666,-11.43262196951028
1,0,1,0
3.17603086687411e-16,5.897059602643242,0.007583091641397866,-11.29815001506642
1,0,1,0
1,0,1,0
2.287852447174094e-16,3.59887409689733,0.02890935849566956,-12.00598321219032
0.3513601241086392,1.598346894103372,0.1030688187003851,-20.6840889345057
1,0,1,0
1,0,1,0
1,0,1,0
1,0,1,0
1,0,1,0
1,0,1,0
1.028145822447522e-15,4.928796773640457,0.01320635110495527,-18.37493594659747
1,0,1,0
3.17603086687411e-16,6.635234958457961,0.004999050385933013,-10.37624729368389
3.17603086687411e-16,6.600770842884589,0.005096731370035801,-12.18857129776359
0.3953519656196791,1.201037964500745,0.1365571606785843,-15.96061127314769
0.3431811363018596,1.686214112532134,0.09705039264126858,-25.73176418932749
1,0,1,0
1.038263951005382e-15,2.87417440766535,0.04500556295887465,-34.23135072272939
5.840566125974614e-16,5.227828118694486,0.01111413587566834,-10.69591735131595
1,0,1,0
1,0,1,0
1,0,1,0
5.840566125974614e-16,4.183769498595588,0.02040641510923791,-14.46487074006239
5.840566125974614e-16,6.600767526074272,0.005096740864372229,-25.40484267934092
1,0,1,0
0.6031358411650485,0.6085638239955884,0.2176645343996005,-25.63583471759667
1.03201458723525,0.00294167768035436,0.478373077473643,-39.02424145402959
0.3030392828675885,2.209153904490911,0.0685969488486991,-20.36735297452496
5.840566125974614e-16,6.037589185756854,0.007002197786383946,-13.79860907777758
0.3512467530368671,1.599530201387829,0.102984900405803,-14.51234739296651
1,0,1,0
3.17603086687411e-16,5.691286915712652,0.008524673520125647,-12.54509267204925
0.7228943702785368,0.1175553158923037,0.3658506109491974,-21.62499267565882
0.3612659919974033,1.497342628797071,0.1105403475438015,-26.04734720469142
1,0,1,0
1,0,1,0
5.840566125974614e-16,6.600597848329016,0.00509722658941264,-20.71788489245861
0.623027909923503,0.5266236364166446,0.2340149110178658,-19.07277152154236
1,0,1,0
0.3826901103968253,1.303248292757601,0.1268103685240211,-24.14085736195456
5.840566125974614e-16,6.63524970409421,0.004999009005919597,-10.64232937281799
0.3824942845489032,1.304898212692436,0.1266602217206893,-20.61855236986012
1,0,1,0
0.3612380270606947,1.497660445337296,0.110515845934981,-13.21900229229147
5.840566125974614e-16,6.301292379200966,0.006032499057896767,-18.16483969548977
1,0,1,0
0.339181333911952,1.731456940362953,0.09411246989062799,-18.43276413166755
0.3433803581194411,1.683970065829655,0.09719887919144798,-28.0373214891793
0.343198731555328,1.685986158045282,0.09706546407408029,-32.54093478615339
0.3110112992631087,2.091624577197429,0.07405424921420534,-14.76847928528409
1,0,1,0
1.028145822447522e-15,5.897192905637553,0.007582517716498816,-18.30736426757661
5.840566125974614e-16,5.22782811865811,0.01111413587590082,-11.79594290355497
1,0,1,0
5.840566125974614e-16,6.343727094015229,0.005889855424118406,-29.15143360542105
9.682324783204268e-17,4.182932142643146,0.02041649892623332,-18.47500152181094
1,0,1,0
2.731941657024047e-16,4.928809130769391,0.01320625666604702,-11.56461145293164
1,0,1,0
5.840566125974614e-16,4.928796698074915,0.01320635168246437,-10.87053937474283
0.7026622534707837,0.2806896672612922,0.2981247701858926,-20.18994111191827
1,0,1,0
5.840566125974614e-16,6.600770015638826,0.005096733738016834,-13.16129963899953
0.4782883072930527,0.705725718546141,0.2004332160592973,-27.15441596716922
6.728744545674702e-16,4.928789577180652,0.0132064061039609,-17.6950729237751
5.840566125974614e-16,4.347901370059706,0.0185272902256593,-10.57495237422712
1.028145822447522e-15,5.227828136899255,0.01111413575933717,-25.48338820739891
1.763222174095046,1.339952145043156,0.1235212038840207,-51.55240738267525
0.2441208656722413,3.368666494015635,0.03322375964581548,-15.26563867740765
5.840566125974614e-16,5.227828136923922,0.01111413575917952,-11.48507869230814
1,0,1,0
3.17603086687411e-16,6.315550589363507,0.005984178750171154,-11.11750714136607
9.682324783204268e-17,5.679888961271239,0.008580226890361364,-21.38124141698293
0.9531735353326625,0.006997924452619486,0.46666592561498,-25.14317927154107
2.490363879056272,5.009113505471305,0.01260710787587949,-68.14710766301079
0.6338816172247875,0.4859347650461103,0.2428731693613543,-27.64420383121705
1,0,1,0
0.3315431760262206,1.822238892470374,0.08852350314806789,-24.590610419759
5.840566125974614e-16,3.598874096660584,0.0289093584997866,-12.00598474752001
1,0,1,0
1.028145822447522e-15,5.534186507135445,0.009324216513763917,-18.08646070694761
3.17603086687411e-16,5.06316515490408,0.01221978208037228,-10.51275004555161
3.17603086687411e-16,4.347986412739822,0.01852636503546051,-11.94611571925543
0.6787537086520699,0.3425276566881976,0.2791869158409284,-19.25330244700595
1,0,1,0
1,0,1,0
5.840566125974614e-16,5.534221470828538,0.009324030205267564,-11.67623632149182
3.17603086687411e-16,6.312693321927469,0.005993829929125449,-11.80501197239166
2.287852447174094e-16,5.534117260797366,0.009324585513055428,-23.80945508141602
0.311192021662911,2.088198241807,0.07422052447885352,-20.64805616614494
0.351383843287598,1.598095382451014,0.1030866659145723,-13.43341041772266
0.3612753281720845,1.497265354966054,0.1105463058400432,-19.70264854315008
2.287852447174094e-16,3.598874180197843,0.02890935704703501,-12.00544314078753
5.840566125974614e-16,5.691286924713552,0.008524673476402289,-26.02970026038443
0.318238400245442,1.992349520001881,0.07904771656195247,-22.45956346436146
0.489150428835625,1.315287274435867,0.1257197961282059,-22.71520234845137
1.378993897739221,0.3712289606532124,0.2711675701417199,-36.95217524367935
5.840566125974614e-16,6.037589200892317,0.007002197726349857,-12.48971964807106
0.352344890977175,1.588907465068658,0.1037411480525632,-21.60418013486893
5.840566125974614e-16,5.825369205510484,0.007898326278278855,-15.89141488345984
0.4673146988258142,0.7570877643657994,0.1921207193829392,-20.61841314000959
1.919543535965907,2.073016679790712,0.07496235731066803,-46.01137854115125
9.682324783204268e-17,4.271354764471941,0.01938000808177764,-10.68028880580295
2.287852447174094e-16,6.343935087364997,0.005889164853183138,-11.29308012155389
4.730343101349462e-16,6.343934555007628,0.005889166620587971,-11.36046387427874
5.840566125974614e-16,4.928814477462808,0.0132062158043546,-11.83284363935749
5.840566125974614e-16,4.183956303879061,0.02040416622957131,-12.38926034494371
5.840566125974614e-16,4.92880920354407,0.01320625610987125,-11.56672131143965
9.682324783204268e-17,4.271354764505709,0.01938000808139251,-11.3747698947062
1,0,1,0
1,0,1,0
1.028145822447522e-15,4.183615350383967,0.02040827103850112,-19.98693146885758
0.317225417505394,2.0055877671664,0.07836026956336173,-13.34404832312799
0.3152734266823313,2.032260242941497,0.07699572283776224,-19.85386264523768
9.555848176237971e-17,5.063202443520552,0.01221951918187653,-11.90092180732674
1,0,1,0
9.555848176237971e-17,4.928784262794807,0.013206446719353,-10.46521267857223
2.449231293967717e-15,5.69128691539558,0.00852467352166586,-68.04751684701735
5.840566125974614e-16,4.928802041108913,0.01320631084843343,-11.1387518338989
5.840566125974614e-16,6.183305217571665,0.006448057956775,-30.0694749208541
9.682324783204268e-17,6.635269651691267,0.004998953028437114,-10.78060515029722
9.682324783204268e-17,5.825488752926297,0.007897789517867904,-24.54732004012666
1,0,1,0
1,0,1,0
3.17603086687411e-16,6.600266562080989,0.005098175076994726,-13.08648221238534
9.682324783204268e-17,3.861321611184486,0.02470569618832263,-19.04416609859247
1,0,1,0
1.028145822447522e-15,3.450230342378944,0.03162147778133584,-36.20140978163388
9.682324783204268e-17,5.679889105045689,0.008580226187257289,-19.28722378846892
1,0,1,0
6.728744545674702e-16,5.691286915796162,0.008524673519719972,-31.5790904357198
5.840566125974614e-16,4.183956300783848,0.02040416626683134,-12.11986350199061
1,0,1,0
2.287852447174094e-16,5.82552359015979,0.007897633107944335,-17.98993883156985
1.048404120931218,0.004391571802244698,0.4735818573929516,-40.81317065808902
0.3431565215994141,1.686503703887148,0.0970312499729436,-19.18821957482816
1.028145822447522e-15,2.873872877079954,0.04501399397595707,-19.06950131532486
3.17603086687411e-16,6.343934656483214,0.00588916628369307,-11.36190489597669
1,0,1,0
1.043660010140504,0.003594959548493648,0.4760945501691947,-35.17368613600247
9.682324783204268e-17,6.429381281125174,0.005612383675686561,-12.52621457062273
2.287852447174094e-16,6.312693457601306,0.005993829470471779,-13.74711413892235
1,0,1,0
1,0,1,0
2.093959926088373e-15,4.928640627381725,0.01320754450752859,-89.42098642747344
1,0,1,0
5.840566125974614e-16,6.597914177711189,0.00510491526615664,-12.42607861242084
0.3948995480122291,1.204537713677077,0.1362083091119834,-13.40121808162069
6.728744545674702e-16,4.347951603308331,0.01852674372587021,-18.50470312654134
3.17603086687411e-16,6.312693110888095,0.005993830642556985,-11.80626966798721
3.17603086687411e-16,6.6353195241443,0.004998813077831232,-11.7426011785918
1,0,1,0
1,0,1,0
5.840566125974614e-16,6.242862753029037,0.006234737949466329,-22.17616545064841
0.3521352520164336,1.591094252325782,0.1035849327047438,-21.64679814908663
0.3438936103468237,1.678339098110719,0.09757264680763661,-15.31529434361384
5.840566125974614e-16,6.635199953731387,0.004999148619522997,-17.18303397487536
0.3612568730111207,1.497446278902167,0.1105323560745515,-26.75888083193096
1.150551525462935,0.05622904792539885,0.4062792692676054,-43.1242941243781
5.840566125974614e-16,6.600770752549206,0.005096731628619677,-14.78251704296854
0.3173174542111248,2.004325582691834,0.07842551942834625,-19.25169975662916
1,0,1,0
0.3028921649915046,2.211385193921945,0.06849780643668207,-13.74771835418263
1,0,1,0
0.7034804084920724,0.2787259787246228,0.2987687368670058,-29.14754982659811
1.036431616380712,0.002526956920696932,0.4799540746634581,-28.0944343508521
0.4779958045025375,0.7070595021130544,0.2002108588413771,-20.60773108894697
1,0,1,0
3.17603086687411e-16,6.313030202087241,0.005992691196269828,-10.70485559685254
1,0,1,0
3.17603086687411e-16,5.825543494473028,0.007897543744298574,-11.16541710960317
3.17603086687411e-16,6.312693288561437,0.005993830041921333,-11.80521071298796
0.3516319968633951,1.595492328220331,0.1032715925997109,-21.29865702629913
9.682324783204268e-17,5.534151698248252,0.009324402001177456,-18.05972443122805
5.840566125974614e-16,6.313365251212453,0.005991558873096048,-19.81296022595313
9.682324783204268e-17,4.347971387952573,0.01852652848852432,-11.67799948774078
2.287852447174094e-16,3.599060983357681,0.02890610864749299,-13.69809770628966
1,0,1,0
0.3612184731726235,1.497835679695282,0.1105023392711824,-12.69243947129074
5.840566125974614e-16,4.27135476439252,0.01938000808268342,-10.54203113801888
3.17603086687411e-16,6.600770839113107,0.005096731380831609,-11.4948700168774
0.6868855654738222,0.3204239432405345,0.2856764909849522,-19.2884922403713
1,0,1,0
0.351360115933343,1.59834697648169,0.1030688128554347,-13.6088923365875
1,0,1,0
1,0,1,0
5.840566125974614e-16,6.600602238033179,0.005097214022704577,-12.43176907684689
1.028145822447522e-15,5.897327096210276,0.007581940015390753,-17.61211587520451
5.840566125974614e-16,5.227828136923936,0.01111413575917947,-11.21767415727232
1,0,1,0
5.840566125974614e-16,6.301202653517599,0.006032804398853842,-23.34926159664004
0.3949216360448957,1.204366145925142,0.1362253847752597,-13.68712622781625
0.9535735489597614,0.006874611181501677,0.466960249210226,-44.66684054791882
1,0,1,0
1.028145822447522e-15,5.902281310810309,0.007560643426920644,-61.0176026365816
0.6861374720532454,0.3224012878575238,0.285084060012726,-27.17481435511414
5.840566125974614e-16,6.600770476132638,0.005096732419858696,-13.56903417237109
1,0,1,0
3.17603086687411e-16,6.343969671608235,0.005889050036067101,-11.98587822722827
1,0,1,0
1,0,1,0
1,0,1,0
1,0,1,0
1.028145822447522e-15,5.67988910625472,0.008580226181344686,-40.12694866310061
5.840566125974614e-16,5.825453866967244,0.007897946149755197,-23.85384518738147
5.840566125974614e-16,6.312693256105128,0.005993830151641899,-11.80540407285429
1,0,1,0
1.150654216344313,0.05629900196656479,0.4062220740227058,-36.42451790224009
1.824549449395103,1.78878083710832,0.09053738821630541,-54.6261076231528
0.3828410519954464,1.301976713835863,0.1269262348108876,-14.63733306548243
1,0,1,0
0.3432951908019808,1.68492608279891,0.0971355879493469,-34.05362377196874
1.734545268082717,1.269329839570403,0.1299462196225517,-49.41378173907121
5.840566125974614e-16,4.347986429679519,0.0185263648511762,-11.94660214823662
1.113137097133164,0.02214123127580336,0.4408560020459447,-20.27586604303056
1.247100590450214,0.1809994865058258,0.3352578505116931,-34.49586041340808
5.840566125974614e-16,5.534152138579749,0.009324399654742854,-17.39710104554025
9.682324783204268e-17,3.813909906448593,0.02541433472032678,-11.09742138805266
0.3013816817465284,2.23440111382159,0.06748445519090546,-25.71994900464377
1.028145822447522e-15,5.069475162121691,0.01217537763614279,-20.42490427179461
0.3510971952543606,1.601101627961619,0.1028735819549831,-13.28941941517291
0.6338201253911048,0.4861573367539194,0.2428232271504948,-26.80362367918964
0.3109077267765198,2.093099651622644,0.07398279547751013,-12.92672381181661
0.6867854468125397,0.320686368180084,0.2855977272800264,-24.99689721301427
0.3182554054015678,1.991878216668283,0.07907231692264921,-76.52640491629356
1,0,1,0
1,0,1,0
1,0,1,0
5.840566125974614e-16,4.271354764471919,0.01938000808177787,-10.68008816004261
5.840566125974614e-16,6.301272447850216,0.006032566883902024,-17.48737843984431
1.028145822447522e-15,6.598538513409324,0.005103125493003458,-25.31879652180704
5.840566125974614e-16,6.301292358204599,0.006032499129346613,-18.16423627503936
6.728744545674702e-16,4.347936525798573,0.01852690775601068,-10.9840472378826
1.028145822447522e-15,5.691286924735792,0.008524673476294264,-63.67573531359115
1.028145822447522e-15,3.813981575042256,0.02541324745909496,-19.23350546669983
1,0,1,0
9.682324783204268e-17,5.679888970612829,0.008580226844677963,-26.27833342312667
1,0,1,0
1.028145822447522e-15,2.872731752900712,0.04504591616450848,-19.37219027504554
5.840566125974614e-16,5.227828118658106,0.01111413587590082,-11.79611645553402
1,0,1,0
9.682324783204268e-17,2.873085584709777,0.04503601532904317,-13.91568451542386
0.6033915508859479,0.6074457996499092,0.2178755678624849,-33.96892848650047
9.682324783204268e-17,4.928809133152043,0.01320625664783776,-11.56480355905144
3.17603086687411e-16,6.426191373041174,0.005622472754645891,-12.77750045663681
3.17603086687411e-16,5.897326569193673,0.007581942284150545,-10.19870644805183
3.17603086687411e-16,5.679889286275131,0.008580225300986122,-13.05707705120172
5.840566125974614e-16,4.928789567669664,0.01320640617664887,-10.73249409295716
5.840566125974614e-16,4.347951532034347,0.01852674450126535,-11.25239600450576
1,0,1,0
0.7033602765743614,0.2790162861827312,0.2986733517967383,-18.40475893942492
5.840566125974614e-16,6.343934528833785,0.005889166707484073,-11.36044791420739
1.028145822447522e-15,2.872997911424932,0.04503846836148351,-20.53056192430702
1,0,1,0
9.682324783204268e-17,5.897731444761963,0.007580199536737775,-11.29943770123215
1.028145822447522e-15,6.599042433381072,0.005101681382827072,-20.25647160215493
6.728744545674702e-16,3.427576704295916,0.0320580578257717,-21.67144039897471
0.3520935848564132,1.591529694687303,0.1035538596407204,-31.2840231031347
0.3611936625824951,1.498078349060542,0.1104836381296485,-12.70767519542268
1,0,1,0
1.031033023632238,0.002767567392950809,0.4790222511268843,-34.77955797573867
1,0,1,0
0.3948740385924,1.204730130852887,0.136189161552382,-19.0911336874204
1,0,1,0
0.512976121902158,0.6483189388780062,0.2103571723534907,-22.33625679597199
9.682324783204268e-17,6.301272511277546,0.006032566668058792,-24.73935918439224
5.840566125974614e-16,6.600434149361078,0.005097695244385414,-11.73781716183514
5.840566125974614e-16,6.301272455653319,0.006032566857348098,-17.48739998111376
5.840566125974614e-16,6.301342125882865,0.006032329774306899,-11.62280942902991
5.840566125974614e-16,6.403664270001038,0.005694253643205194,-21.05251451156587
2.804502661847769e-15,4.18361534821814,0.02040827106457871,-33.36761933369038
9.555848176237971e-17,4.347971374334001,0.01852652863667992,-11.6776082610906
1,0,1,0
1.028145822447522e-15,6.60077083292903,0.005096731398533449,-17.34137792453404
0.3514448959074569,1.59745065640039,0.1031324322090479,-19.60562368364173
1.03265601359431,0.003058245798968073,0.4779491699733029,-33.80228347976993
0.3174249962404758,2.002883430038708,0.07850014851710579,-16.32155631448988
0.6030240200641722,0.6090607468622551,0.2175708374496095,-22.39854980264997
0.3822447813020695,1.307005039177362,0.1264688130584785,-13.71303628724551
0.7035476220664058,0.2785679260342135,0.2988206942660802,-27.17869796156344
0.6061470929889951,0.59557249838182,0.2201361611484763,-27.00834761591004
1,0,1,0
9.682324783204268e-17,4.183582118860102,0.02040867116599399,-20.57916987636747
1,0,1,0
0.3521563776540049,1.590873020255081,0.1036007239941076,-20.14530856468016
1,0,1,0
1,0,1,0
3.17603086687411e-16,6.03758920089232,0.007002197726349801,-11.53444459176082
1,0,1,0
0.6537955738563805,0.2089310880462421,0.3238032496256975,-16.47431243619846
9.682324783204268e-17,5.679888958449773,0.008580226904159272,-21.89440835219517
1.028145822447522e-15,4.34793672664911,0.01852690557092224,-18.48874178148366
0.7661783885723793,0.1550892681679983,0.346859276755732,-32.0742376470219
9.555848176237971e-17,5.063184671249783,0.01221964448220658,-10.93809633638252
1,0,1,0
0.7229588464739463,0.234727577786721,0.3140201717060078,-25.79731605660533