dN/dS,LRT,p-value,Log(L)
1,0,1,0
0.9374969763372061,0.02547039313256505,0.4366002698530559,-88.14468080536989
1.078565039332708,0.04453606742060856,0.4164297063443873,-79.05577364888717
0.3389754518072698,5.199586938872294,0.01129612806901753,-28.93848427797185
0.2707839269838504,2.770253504853841,0.04801547582161775,-35.13897524278024
1.570651317335773,1.934820506063716,0.08211601042321659,-85.97493157480375
0.7127230153833645,0.6428308884256069,0.2113437733966105,-65.28223981631575
1.606924492493937,1.157517376420202,0.140990505204856,-99.92386995562823
1.028145822447522e-15,7.377936409219089,0.003301444533303111,-37.15517458331114
0.6303283418457141,0.7481466702396204,0.1935318205411454,-60.99463520183947
0.1424256460359198,8.133942690176539,0.002172208678576426,-16.36039576652478
0.6806571860354819,0.6748071595549874,0.2056903080204349,-41.09696819695206
1.078456162823858,0.04441893055488322,0.4165380604622911,-84.16865238188339
1.141992513457919,0.1346550034345455,0.3568267846004607,-88.86166996100964
0.8088143157635921,0.289752949890584,0.295189444656758,-73.71915515051131
0.8657682913409386,0.1305465545801354,0.3589330121151774,-49.78312454006366
0.8083624188908376,0.2913373076619905,0.2946824119799193,-86.48485109870066
0.1360322103040532,8.699915442038986,0.001591124059646676,-16.13090654009019
3.17603086687411e-16,14.03159546968739,8.988228319095626e-05,-13.58106368318956
9.682324783204268e-17,7.007436777042052,0.004058590620962477,-20.29942832295992
5.114956077737342e-17,14.79950857228733,5.978332800327113e-05,-6.515475527288764
0.226087853303358,7.731277545312196,0.002713616756470971,-21.24724630676314
3.17603086687411e-16,18.04016130353395,1.081467632990663e-05,-13.05211617223925
0.4210516401339592,2.036057744063072,0.07680364657504613,-36.16138860777906
0.1410499318046027,8.253113482285684,0.002034108193815776,-29.27775876443418
0.4038906596314719,3.41049059327861,0.0323915919818471,-89.46306576726434
0.1441201143545112,7.99047168450479,0.002351208130473015,-28.99966072938107
3.17603086687411e-16,13.864926009151,9.821516748748094e-05,-25.88756625258864
9.555848176237971e-17,9.696676274972479,0.0009230080323579526,-15.08121474767721
0.142474124308249,8.129849348576968,0.002177118248665677,-31.01177463605724
0.2724035465825804,5.472833256701364,0.009657144794800232,-25.93547134081829
3.17603086687411e-16,14.01672886461244,9.059570511066317e-05,-18.94947709731009
0.1423586779335297,8.139608274119183,0.002165431944817608,-40.42974886422495
0.1361610220792494,8.687907969914782,0.001601640431466322,-21.75045649626463
5.840566125974614e-16,14.01672880915862,9.059570778241488e-05,-12.88157356170511
1.139336116902664,0.1300707985060967,0.359179321961288,-87.29544043181733
1.028145822447522e-15,7.371081981476181,0.003314052082419472,-51.17612431222927
0.2940006337459205,4.6998827161554,0.01508233788136243,-42.0613556378151
0.4684247057556212,2.253635466154748,0.06665045485947907,-40.48398072460248
0.1442606918808249,7.978818736312633,0.002366390697031151,-19.39258350782038
3.17603086687411e-16,14.05308561814513,8.886099890825783e-05,-12.14832035306602
0.1424256443106657,8.133942890724448,0.002172208438314782,-16.36000697362653
3.17603086687411e-16,14.05308423004946,8.886106449634834e-05,-18.91586141018826
3.17603086687411e-16,14.03159546968936,8.988228319090075e-05,-12.47840777831433
9.682324783204268e-17,14.17747926852492,8.317482903330564e-05,-53.02496006829019
0.1797173064994333,5.689968332057532,0.008531081241185456,-40.41496806249042
0.8546263118219242,0.1558152824400452,0.3465194395038051,-64.77743614435283
1.009443928831443,0.0006127839082523678,0.4901254028048979,-104.6637354960141
1.484131707330154,1.370254354647642,0.1208840934663069,-117.8662750049258
1.028145822447522e-15,7.376907207957863,0.003303334444019146,-28.59858011141727
0.2935887375874069,4.713336170664476,0.01496475778100748,-35.91551831332178
1.777409812282764,3.571236049802451,0.0293942682038289,-119.2585026536425
0.9401231077748535,0.02328828066865185,0.4393548978047006,-85.74353146598081
0.2822839121816266,5.104483950333346,0.01193203850993291,-60.47643861235709
0.7216145533782933,0.5937674115513403,0.2204829853689209,-86.65059483393807
0.8912239291727911,0.1100843816220731,0.3700240445049318,-99.81130787107908
0.1564316237393104,7.06256461331067,0.003935561918375463,-34.67388952848324
1.028145822447522e-15,7.373054120789845,0.003310419639663553,-80.46513864107172
9.555848176237971e-17,14.79930990809863,5.978962635022622e-05,-13.56336411366816
0.6261332413050197,1.028813223859018,0.1552187851838697,-44.88224226242979
0.2710625298956738,2.764602197699773,0.04818532044829088,-43.06743345798731
0.813730955084999,0.3183377942774541,0.2863041430832632,-65.73269660932426
0.1108557071890988,11.62958058685937,0.0003245559481971361,-31.39373358059668
0.9973318686507399,5.051008147916036e-05,0.4971647233301352,-75.27901060017294
0.9458905735088223,0.02202532585640427,0.4410098731584902,-59.42000868711934
0.1394120597203211,8.398518427776558,0.001877634750942214,-18.27495604515013
2.449231293967717e-15,7.450586648297175,0.003170788835490435,-53.25476838440007
0.1410432092104985,8.253892998991937,0.002033234899002201,-16.35449380196051
1.028145822447522e-15,7.449882199085167,0.00317203005028116,-46.14852587580275
0.3325723846970333,5.428009380554698,0.009908127521590537,-52.19142671573157
0.7821784122135123,0.3272432884583765,0.2836434331464257,-47.44133655508179
5.840566125974614e-16,14.80461349638392,5.962171299628283e-05,-34.05569991029235
1.010924463376527,0.0008212578811992444,0.4885688374726379,-73.14098940388342
0.1456139465316905,7.866823242696881,0.00251750158422881,-35.759167450856
3.17603086687411e-16,14.85885395120279,5.79314563137201e-05,-13.23055383032286
0.1107843674998239,11.63990473007843,0.0003227595442193421,-55.17388905556266
1,0,1,0
3.17603086687411e-16,13.71844728182526,0.0001061791793927624,-47.90492045263206
0.270860437064737,2.768614407216333,0.0480646700860427,-53.31449755782123
9.682324783204268e-17,17.37242733402208,1.536255309081414e-05,-54.51709945778354
0.1441135903296824,7.990883986444373,0.002350672765451312,-34.30988847473282
1,0,1,0
0.1467948094016353,7.774423918922409,0.002649555636476453,-57.80658556492285
9.555848176237971e-17,14.80465986938849,5.962024690697731e-05,-13.74691523360046
0.4404027167233718,2.697891038234616,0.05024054086922586,-52.44326281355702
1.447063910423252,0.8463809838498122,0.1787890800269912,-61.911803443289
0.4434545817589205,2.648324270042949,0.0518295580538613,-46.92773529753075
0.7199434553429623,0.4825931493360827,0.2436250342843863,-65.85900627328252
0.2849278672029974,5.008857411817836,0.01260897303817987,-24.05170563040483
1.080307737333719,0.04643263636219785,0.4146956419152761,-94.70337728807441
0.7513750882274888,0.6295065211116082,0.2137681915051679,-71.37994112584103
0.4118247642409756,2.161078798885669,0.07077264198738364,-41.28903124186296
2.804502661847769e-15,6.54149793683292,0.005269328769763826,-4.561982760540455
0.1796906711170256,5.691324613867323,0.008524490397140816,-36.42462649693805
3.17603086687411e-16,9.514166929450688,0.001019458228342318,-17.59313265531014
3.17603086687411e-16,13.73310124575625,0.00010535398953887,-25.63599143758102
9.555848176237971e-17,14.05308563547818,8.88609980892463e-05,-27.95465170862775
5.840566125974614e-16,13.61414478307034,0.0001122438623287203,-26.16304546409955
0.4275053281960684,2.931249257184604,0.04344012033075823,-40.25932688857846
1.79890796662761,2.855555657517925,0.04552938553199198,-93.67227002763826
1.185737512118184,0.3012790818287101,0.2915408301903308,-84.39725172768166
0.4116456970700871,2.163566867809088,0.07065815929241243,-25.22454594753766
0.6798979082623733,0.8481478280504007,0.178538418418095,-47.89607889002419
1,0,1,0
3.17603086687411e-16,17.36906519550308,1.538975358955641e-05,-20.28829401437019
9.682324783204268e-17,14.03159548699084,8.988228236389562e-05,-39.44439385191374
5.840566125974614e-16,14.80464874737413,5.962059852776536e-05,-20.96997870368556
5.840566125974614e-16,9.514166930887598,0.001019458227544068,-18.4048522764959
1,0,1,0
3.17603086687411e-16,17.3694119023398,1.538694641217697e-05,-29.51220595760583
0.681170364138076,0.8393682802678768,0.1797887527676403,-68.68600135634759
3.17603086687411e-16,11.76179064597103,0.0003022951776984195,-25.93108592881246
0.4372951767052232,2.752018143202406,0.04856587873681245,-79.52150625055845
1.373565792087886,0.9062531410307599,0.170555264588035,-85.78311685512836
0.4204247914114093,2.044252349663203,0.07639101418036437,-25.74680919698497
3.17603086687411e-16,13.61412920748786,0.0001122447935588688,-24.43362863462892
1.028145822447522e-15,13.61379474104729,0.0001122647924571285,-65.02188488527854
9.682324783204268e-17,7.375014679561843,0.003306812556506222,-54.86579355759185
0.1157609444238704,10.95068971089157,0.000467843895294584,-42.43076396144876
0.1467678549719944,7.776523651625226,0.002646477711724216,-50.43134150008796
0.26253678177363,2.938805739116873,0.04323732356144733,-29.92670858687052
0.5366569767272176,0.9627227274963985,0.1632509203229603,-54.06890585426524
0.2142534198186105,8.49670400866691,0.00177895202763112,-36.41535070593163
2.731941657024047e-16,9.712733107796954,0.0009149783125803612,-15.77596123933318
0.2841675496737299,5.035711951073139,0.01241493950122807,-37.27028362894727
5.840566125974614e-16,9.713762030773417,0.0009144661877866223,-20.86694911144979
0.4120745848215274,2.157601699180631,0.07093298204581783,-38.42070607465744
9.555848176237971e-17,11.76093980569611,0.0003024333914439792,-6.241597295500254
1.177650664940047,0.2021581619478923,0.3264922252221051,-62.79278944137518
0.6700440811105285,1.102354121014599,0.1468750265503378,-109.0794372255139
0.1699855472182095,6.21508511021058,0.006333313129907425,-17.23215629774629
6.728744545674702e-16,13.61400938765557,0.0001122519575858516,-35.42142844977708
1.355502900477972,1.002169608651485,0.1583930475133644,-109.1942927741089
3.17603086687411e-16,11.76173636986235,0.0003023039926119409,-24.83277137357012
0.2788122170292485,5.232932054441392,0.01108157049084374,-53.53544748435809
0.6259542447564532,1.030174905990521,0.1550587954420081,-68.04414067609675
0.7126224380079083,0.6433979753182797,0.2112415065078403,-42.91054120934363
0.5365784113805029,2.407348269058772,0.0603833907792804,-60.94407015466089
2.731941657024047e-16,9.708936897778107,0.0009168703122930388,-6.553535033651403
2.804502661847769e-15,6.540708459882438,0.005271667669021762,-4.561982760540455
0.2790829818034963,5.222899989425798,0.01114567362240876,-33.48123902057442
1.303331333707169,0.5777462743891419,0.2235985338991775,-95.12114928485587
0.2824912367101263,5.097151399954612,0.01198258454651957,-30.54782455294735
2.287852447174094e-16,14.67741412268612,6.378287881658729e-05,-40.11053253697348
0.9857184810280609,0.001037680791910134,0.4871510733461097,-131.6881847694114
0.8690017924606693,0.1237193249633606,0.362517537380051,-75.73790322831321
0.3125270114579157,4.138452035253835,0.02095974313469184,-33.25274592233706
5.840566125974614e-16,18.04622845333537,1.078026683726252e-05,-36.30843421316876
1.139126393312656,0.1297121015209086,0.3593653644143102,-88.46870626383237
5.840566125974614e-16,14.03159548700006,8.988228236350704e-05,-62.38267554931356
0.5388693350361204,1.896440227203954,0.08423865636778727,-65.41068894547234
9.555848176237971e-17,14.85885389960745,5.793145789839693e-05,-13.00702302786146
9.555848176237971e-17,14.80452022724999,5.962466182340975e-05,-46.02882770743171
1.118302336646634,0.09626059969258449,0.3781820325516676,-79.04040032737394
0.8481926766773293,0.1716867986196178,0.3393085134464209,-56.23028487689413
0.9436658967931348,0.02394807094776752,0.4385085576500944,-67.26535516158019
0.1150227556742419,11.04898580118028,0.000443678633997413,-55.25820540978601
1.351172602240709,0.8194583484493876,0.1826692898292319,-84.45792795282421
0.7812317990458294,0.3306122806425833,0.2826493886617022,-71.46568438148611
0.8584819334776688,0.1957586950857433,0.3290831542096284,-77.90775892811335
5.840566125974614e-16,11.7618722137986,0.000302281930859738,-19.61009822214376
0.2101433975978327,4.39030846858283,0.01807188663341264,-24.14737278285543
0.4695993558860643,2.236602455906237,0.06738841630663622,-43.25065985053094
0.1440586735163318,7.99550134726158,0.002344685698237092,-19.15280392064906
0.2850542276250965,2.503029850395052,0.05681375271355926,-55.92990906100945
0.1132233018735321,11.28470345936746,0.0003907415714315965,-40.30801714720683
1,0,1,0
0.2708297552966167,2.769212538116179,0.04804671201442445,-63.27685793390119
0.4269867228362636,2.941005333889422,0.04317848477193625,-48.74686649286719
0.4693082412100065,2.240801423274732,0.06720564977039789,-42.11693879343077
1.098825857220504,0.0600875418571718,0.4031788152692921,-99.07980786459183
2.912150155357669,20.55096300010842,2.903228680906089e-06,-221.5941258408496
2.905493821260196,16.36563939552724,2.611171812694213e-05,-172.4483036150685
0.2058144395040748,4.550489122916161,0.01645467201482709,-29.86289718088403
6.728744545674702e-16,9.514166930768511,0.001019458227610182,-44.26154920991151
1,0,1,0
0.3126981929871253,4.133669621853542,0.02101904928041937,-63.93991685371835
0.1476800673415656,7.711143188330141,0.002744049283420036,-27.27047272019726
1.191933784749481,0.3194420399444766,0.28597157580415,-97.56539877528229
1.885528222344943,3.935626156244297,0.02363676928309011,-119.0147276567036
0.1796955025663312,5.691080893064438,0.008525674369779523,-49.46908021343864
3.17603086687411e-16,9.514166931041135,0.001019458227458747,-13.4752846003074
0.1455992779508333,7.871290948870296,0.002511289184307597,-62.54134635091147
3.17603086687411e-16,13.8647066875218,9.822663047598379e-05,-16.85721422562972
0.2721220816228349,5.483643698856781,0.009597603336911176,-38.75351205589361
0.3125739486601151,4.137174754747122,0.02097556530859912,-29.1885246025783
1.11103940211008,0.1064164028972243,0.3721307442081707,-108.4720248063121
0.1563309644635507,7.069697542066393,0.00391992444608541,-20.90323706086138
0.7352007018589681,0.5243734900968064,0.2344910073758308,-52.3412323587567
0.7121722954838208,0.645944170682327,0.2107832438298805,-96.21619792661254
9.682324783204268e-17,13.5179478930504,0.000118146330279012,-74.74452909666346
9.682324783204268e-17,14.05308563537629,8.886099809407577e-05,-49.49709984936323
1.028145822447522e-15,7.378029664578946,0.003301273344093802,-36.17845172001777
2.804502661847769e-15,6.536929586349871,0.005282877688003784,-4.561982760540455
5.840566125974614e-16,18.02722320991622,1.088842299107329e-05,-35.61315362688597
0.4377168915381576,2.745592778374345,0.04876145256393649,-44.50227386826194
3.17603086687411e-16,14.16455643193694,8.37480747863939e-05,-24.65239275354454
5.840566125974614e-16,14.17815231952673,8.314508157936107e-05,-33.98400687465408
0.1393667198811119,8.402532724747957,0.001873492985686342,-35.08264685808316
1.076409885002609,0.03169127929419346,0.4293534592076045,-80.064660499179
0.4278149596784808,2.925440020918288,0.04359672559893663,-55.91826622269252
1.203113696492618,0.3532466620121681,0.2761405011979095,-95.34346408102425
2.446163754695675,10.88852429820605,0.0004838094487499278,-149.575797976343
0.1361002901752044,8.693477007943741,0.001596754207783602,-43.37787151623736
6.728744545674702e-16,7.609330298625878,0.00290335229939348,-20.4428017404252
3.17603086687411e-16,7.610935295284627,0.002900769214019772,-18.65149181816102
0.6442000832088224,1.348505225881411,0.1227698026742546,-104.618299131879
0.5924819297279265,1.313516943933081,0.1258794397484128,-69.50197969067803
4.730343101349462e-16,9.507210073591576,0.001023330515903031,-12.95965560366045
6.728744545674702e-16,7.611667420236891,0.002899591709091764,-21.16741504914043
0.2883180623497925,4.889842570469938,0.01350757473164427,-22.14057600878626
1,0,1,0
4.004733053112191e-17,14.67678120772499,6.380429855085135e-05,-5.700443200572076
1.633310840421312,2.4627369559106,0.05828774743579568,-103.3940021718235
0.2101395325535872,4.390447625623558,0.01807041168844609,-21.03528699451091
0.8545347663803057,0.1560337893349839,0.3464173386361914,-59.57709300095844
0.3399530484933648,3.446625306993042,0.03169052760148588,-29.61906931638471
5.840566125974614e-16,14.05308563541914,8.886099809202186e-05,-32.37965398265324
0.5553327944743968,2.121894927295955,0.0726033948437772,-106.8648804035437
3.226499635646882,20.14655915458513,3.586458267423875e-06,-190.6936615222443
3.17603086687411e-16,9.712794193277244,0.0009149479004513794,-13.03610803958327
1.867891945136517,5.112361183479749,0.01187798412633456,-108.8902595462429
0.4203486774723809,2.04524935523439,0.07634098245702781,-38.7709246168039
0.107105030175416,12.19125178518566,0.0002400707644273914,-29.46658863880952
0.1562453777248392,7.075557359551325,0.003907125552163104,-36.23797378803719
0.4696648552516084,2.235616565526385,0.0674314092486375,-67.63106448991769
0.5100927963456988,1.721273381559826,0.09476460768064376,-43.79541757468963
0.3129715375386399,4.125952929934186,0.02111511522384252,-66.57124187109082
2.287852447174094e-16,14.34482410763273,7.609876642100666e-05,-61.59095554683251
9.555848176237971e-17,13.61418384038575,0.0001122415272111765,-11.8092215653243
0.1129053365982955,11.33356599492893,0.000380592952593295,-22.88360429816247
1.486757341453645,1.518898299962359,0.1088931447594039,-140.9440203395037
0.4537606828023091,3.301645677971251,0.03460525600319725,-44.2968683900056
5.840566125974614e-16,17.26265857287245,1.627607795401387e-05,-37.86397102675123
0.2788728846352208,5.230682137956506,0.0110959137605427,-52.44953761759308
3.17603086687411e-16,12.78693855540906,0.0001745239349358885,-11.68735310135649
0.2843957810647618,5.0276451137522,0.01247289735051688,-51.50246906496766
0.334576694138527,5.356245295505602,0.01032409169029758,-50.27675548364077
3.847033712380862,33.86142953214528,2.9590197514473e-09,-194.6870997696513
1.316264002279603,0.3444215657459893,0.2786440308560488,-64.89366070450512
5.840566125974614e-16,13.60864964458805,0.0001125728882895305,-26.16124476969296
3.17603086687411e-16,18.04576188809087,1.078290902684076e-05,-27.13003154559417
3.17603086687411e-16,17.26161797976945,1.628499432282382e-05,-18.70829420804226
0.2618707798688333,8.859855857322444,0.001457552961138697,-29.22549939731974
0.2883513943387818,4.888500079912077,0.01351808233403606,-50.06340605056695
9.682324783204268e-17,9.51416693096796,0.001019458227499381,-33.95918461887249
1.680566677986351,1.821088820239964,0.08859186310872025,-64.15831157425329
1,0,1,0
0.4276507749616357,2.928523476151909,0.0435135258938244,-31.69611010187651
0.8126165673231187,0.1383840356565145,0.3549464068455034,-83.37482043559288
1.141576793756332,0.1339348005590182,0.357193343542187,-72.80877392026169
1.030077380805331,0.006070749955767951,0.4689478267377194,-107.8097959755927
0.1393804894150589,8.401316449684828,0.001874746899679536,-73.01701465998059
3.17603086687411e-16,17.36952917942413,1.538599697259446e-05,-28.3382808691134
0.5443403825301972,1.827541830864817,0.08820908418041895,-54.06353926350675
1,0,1,0
1,0,1,0
0.7136574939391368,0.6375718869148699,0.2122957110970994,-53.12491672034275
5.840566125974614e-16,11.76170901825031,0.0003023084348507399,-31.72568599583831
3.17603086687411e-16,13.61406620415175,0.0001122485604704848,-31.5402772125979
1,0,1,0
0.1424529124440539,8.131638507972276,0.002174970935585718,-25.12118471798919
3.17603086687411e-16,17.36952966288124,1.538599305878074e-05,-26.07574991609107
3.17603086687411e-16,13.86071143403131,9.843568107414935e-05,-12.81191334123007
6.728744545674702e-16,7.377846119482228,0.003301610287143819,-63.78792937050912
0.8595077466349123,0.1444456244138905,0.3519504284461737,-88.80865350771414
0.853994855070105,0.1573246303486258,0.345815852382678,-73.11593469044838
9.682324783204268e-17,14.34482410560202,7.609876650305214e-05,-59.15367921435359
0.1157946789904462,10.94621633024886,0.0004689747668692457,-33.45407014833375
0.4204764544465392,2.043583114663718,0.07642461856284183,-36.2440930957026
3.17603086687411e-16,14.85885389961013,5.793145789834142e-05,-13.70175648255154
5.840566125974614e-16,11.76184520551781,0.0003022863170136225,-26.62678778451631
1.07938004241051,0.04541889195314752,0.4156178193980806,-88.28203936256676
0.3494635507244349,6.471900631627733,0.005479663277710323,-37.16398691371271
0.2936778832437564,4.710360064338971,0.01499068572713108,-40.83582990218579
0.6967796124616539,0.8850283440217197,0.1734140725956099,-64.61860070971325
0.4328272818099528,2.832081548371079,0.04619926405112906,-43.76915108695201
1.215055952434912,0.319602829521898,0.2859232138462456,-82.52001646825184
0.8091377681327879,0.3367335506852953,0.2808603870526806,-72.1801923128436
0.3595784331374835,3.0292444811992,0.04088804344175923,-33.40971638261997
0.1107519406326849,11.64460376988596,0.0003219452386877264,-35.70901130384683
2.731941657024047e-16,13.71861336651239,0.0001061697904896075,-18.02559678731307
0.8761229590583071,0.1094311494076123,0.3703963478665315,-72.20802734258713
0.2913769006443161,4.787745248110198,0.01433146201854835,-47.10848034215659
0.2058477289904257,4.549241871859721,0.01646666269842162,-31.69885042600328
0.1360224186680923,8.700651467230713,0.001590481721811754,-33.10107549219361
0.7131677920216138,0.6403226293207069,0.211796996309261,-58.07689703190923
1.543803001698546,1.801279887145881,0.0897789199079666,-103.5925735305067
1.711771291485486,2.913647723526651,0.04391650565561667,-155.1936095335977
0.5659446057005463,1.57921827363711,0.1044366654321421,-96.13248844709439
1.639751705825167,2.49812848804558,0.05699083819493006,-101.5654636038429
3.17603086687411e-16,14.80464386983626,5.962075273102663e-05,-19.88651413116203
0.432579896965384,2.836576435107602,0.04607016972263239,-60.26725474865078
0.1424228775966965,8.134208373440082,0.002171890406814758,-20.30454810738718
0.1424304962905752,8.133532552156339,0.002172700091234769,-16.75398156245326
5.840566125974614e-16,14.80459491870117,5.962230034256555e-05,-40.87928389148041
9.682324783204268e-17,7.616977744458808,0.002891065489784683,-56.61476257947916
3.17603086687411e-16,14.03159546968674,8.988228319101177e-05,-27.92825964862646
0.9777543991298574,0.003564901424624622,0.476194579699626,-86.56530993003901
1.095193680308726,0.05600224601454329,0.4064649640343073,-99.05045151724372
3.17603086687411e-16,18.04634410847945,1.077961197520905e-05,-30.77031929665115
0.1345144817978161,8.845355108915086,0.001469178612078292,-36.71091776335521
0.2257958585398952,7.749004966729551,0.002687107183152349,-20.89650942090471
0.1441165735969367,7.990693516225988,0.002350920071418128,-33.42386471489344
0.8852646347403265,8.704148513061227e-14,0.499999882300881,-4.35934147894532
1.22530740792849,1.740829702612245e-13,0.4999998335483096,-4.468782243665077
0.8190165072157423,9.947598300641403e-14,0.4999998741743492,-5.084048761717033
2.731941657024047e-16,14.03159552519097,8.988228053807834e-05,-29.76422071817398
9.555848176237971e-17,18.66243214546252,7.801328507806016e-06,-53.30133052348943
0.1478588954191801,7.697192130701495,0.00276533982664745,-70.54108636083657
5.840566125974614e-16,14.34482368548828,7.609878348396881e-05,-16.51476526195536
3.17603086687411e-16,11.76191898720777,0.0003022743349943569,-13.4714578285581
0.7649075399251622,0.2356136564312123,0.3136961348675802,-78.22981612559015
0.1440810725475221,7.993153695498364,0.002347727820372125,-70.53437350303503
0.7284140821526003,0.6919752299349398,0.2027466716867514,-69.19128748024259
0.5651290778665258,1.588160429493087,0.1037945770899023,-51.2064668941359
0.2811127623710705,5.148427432516371,0.01163371782576494,-64.82717085840042
0.7295019002608284,0.5527747291407081,0.2285930763001864,-68.5562071088118
0.14256451093168,8.122251562470993,0.002186261028820191,-31.89934002053919
0.1456777986318416,7.8656201146934,0.00251917722334194,-16.31936963169299
9.682324783204268e-17,17.37300755119891,1.535786388695559e-05,-45.25508417634217
0.9396531973836396,0.02367145403971449,0.4388619139983733,-66.64196936595965
3.17603086687411e-16,14.80463202113545,5.962112732921243e-05,-19.88002725480866
0.1393906856500094,8.40041587575061,0.001875675892817008,-59.50998127892441
1,0,1,0
0.4202990978321661,2.045900408442236,0.07630833134887255,-30.78500648592722
0.1422265848965499,8.150788968832316,0.002152121537608298,-45.99553952556978
0.6255079282935891,1.033584719331898,0.1546591024200946,-53.53673926646754
0.214340430300848,8.490769688312525,0.001784763823314106,-49.76874550076738
0.8585273413255388,0.1466825835573502,0.350862987525053,-62.91054388951096
0.3129842127045669,4.125676348219734,0.02111856697447634,-26.03106394903472
0.268543574112547,2.81506586897725,0.04669153169323043,-26.80991176703709
0.1159631820953748,10.91905243667401,0.0004759014021085695,-35.99956819662511
0.5425677545122994,0.9254193526595458,0.1680280195278537,-63.97822348722847
9.555848176237971e-17,14.84261663415766,5.843232690982969e-05,-24.17124443328726
0.142706789917789,8.110258668451849,0.002200772273220908,-45.93299933565326
3.17603086687411e-16,17.35077973490299,1.553853700342334e-05,-28.33826564079326
2.449231293967717e-15,7.442504388576097,0.003185059330072959,-44.11212481798709
0.111591869217906,11.52366610632013,0.0003435786977497024,-29.30838051693921
3.17603086687411e-16,13.84537982103138,9.924207246547745e-05,-5.577742637083251
2.002649615037572,5.411597820584632,0.01000169922892313,-134.3200259314505
2.287852447174094e-16,14.32908891179234,7.67374628407036e-05,-61.04194458747489
3.17603086687411e-16,11.11198860561642,0.0004288573804934193,-12.96679287142036
0.2917564438666433,4.775092080314579,0.01443715111929472,-42.79028590752686
0.2626814500427354,2.935764804984267,0.0433188110084794,-17.65169794774875
0.1799937642214026,5.675970332227138,0.008599412365665859,-52.27349977070394
0.1160084882845616,10.91224406422786,0.0004776536516782337,-35.51901274736968
3.17603086687411e-16,18.02665951564938,1.08916474889087e-05,-26.89749837203998
1.028145822447522e-15,7.367754669541483,0.003320189818252606,-36.05091371762666
0.1701319956501694,6.206682742831994,0.006363445213847629,-16.60520459333486
9.555848176237971e-17,18.02503224585624,1.090096133632423e-05,-26.13783424354703
6.728744545674702e-16,14.84255012802784,5.843438735458895e-05,-34.87705378818031
3.17603086687411e-16,13.70364156405098,0.0001070195289061826,-12.6985846193992
3.17603086687411e-16,14.85341472145291,5.809875638890238e-05,-21.161810857808
5.840566125974614e-16,18.03985476210758,1.081641778749587e-05,-34.86498704228585
2.287852447174094e-16,11.75743230169213,0.0003030038378832312,-25.01027550372517
9.555848176237971e-17,13.71362784111359,0.0001064519909647066,-12.18554015528504
9.555848176237971e-17,13.6092364571348,0.0001125377061028665,-5.328063639489589
9.555848176237971e-17,18.03544625311341,1.084149364971587e-05,-15.18267975775281
6.728744545674702e-16,18.04506152752923,1.078687643601972e-05,-42.0924176511832
1,0,1,0
1,0,1,0
6.728744545674702e-16,18.02485734981946,1.090196284808664e-05,-86.96245550983504
0.08724803362862701,16.02560230329384,3.124584599567548e-05,-16.63903609060201
0.711664518708944,0.6488263860170207,0.2102662949714122,-53.72314642890233
0.1360834272236282,8.695124107282673,0.001595311962339419,-16.66054975166213
3.17603086687411e-16,17.36999120487399,1.538225712799379e-05,-12.71393072235216
1,0,1,0
6.728744545674702e-16,9.514166930498618,0.001019458227760117,-23.90999465646726
1,0,1,0
0.2101172323070926,4.391242139860339,0.01806199293367439,-44.35043845867303
9.682324783204268e-17,14.17783398882868,8.315914979822869e-05,-43.86287302832535
9.555848176237971e-17,14.17818111236138,8.314380923502007e-05,-19.54512376724928
3.17603086687411e-16,7.617125831162589,0.00289082808968194,-19.75131599518053
9.555848176237971e-17,13.86508899307123,9.820664989906858e-05,-5.580061873295961
0.4410182370773773,2.687372254295042,0.0505732469040478,-57.16881866649113
0.262379037699627,2.94223120928271,0.04314573042364883,-57.54622091063845
1.028145822447522e-15,18.04180938686494,1.080531841840537e-05,-73.57073224052542
5.840566125974614e-16,9.71273310188402,0.0009149783155242286,-15.77598583282747
3.17603086687411e-16,17.37565125000889,1.533651622276366e-05,-31.84471335226647
0.2100766356184647,4.392692969670975,0.01804663038196863,-17.50655186701855
9.555848176237971e-17,14.85885389962435,5.793145789789733e-05,-12.31140592520539
1.028145822447522e-15,14.85885395076795,5.793145632709829e-05,-86.24133603934771
5.840566125974614e-16,14.69224617491379,6.328298513635922e-05,-26.3745106089001
0.2711586949072681,2.762850057175044,0.04823811219461499,-41.61868530037988
9.555848176237971e-17,12.78700184018946,0.0001745180310191441,-13.07179940048084
3.17603086687411e-16,18.6627310925262,7.800105412236746e-06,-14.10997024672146
5.840566125974614e-16,14.03159546972255,8.988228318929092e-05,-25.14337955894938
3.17603086687411e-16,7.617276428643553,0.002890586684906493,-15.35109207032616
0.2884132488797941,4.886556692987718,0.01353330817965959,-24.05276908878408
0.1345270190670889,8.844155111178438,0.001470144893055469,-32.8696429375977
0.291566820408107,4.781424726358182,0.01438415487167366,-35.33501033280206
1.028145822447522e-15,14.692191966176,6.328480496642364e-05,-32.69672551821706
4.077327869903314,34.97279374805782,1.671722094087613e-09,-174.7920384205011
9.555848176237971e-17,13.71865061178053,0.0001061676850989679,-12.18557030302161
9.682324783204268e-17,14.03159552516207,8.988228053941061e-05,-50.45644262566381
5.840566125974614e-16,13.86471569524858,9.822615965471293e-05,-44.29388593413635
3.17603086687411e-16,12.78685997002186,0.0001745312665458187,-24.93349975131013
0.284265128783414,5.032251543593851,0.01243976719205375,-29.6594156254011
4.730343101349462e-16,13.86487152070576,9.821801523596241e-05,-17.26723955683941
9.555848176237971e-17,11.12166984917192,0.0004266246697366416,-23.61529977444647
0.4269155627388331,2.942338121336093,0.04314287509962272,-50.01552860033813
0.2914352982074301,4.785822769799942,0.01434746801397213,-23.29985946542888
0.1467811618885601,7.775582263880864,0.002647857208104731,-19.23425899160008
0.1562251553635841,7.076791875054923,0.003904434602571283,-43.99508746444359
0.08723971679231471,16.02759556866102,3.121296894992298e-05,-14.74942776659253
5.840566125974614e-16,13.86451815423216,9.823648536905205e-05,-57.26178113568752
0.2849124177176359,5.009406648070154,0.01260497323309678,-45.32152965106152
1.028145822447522e-15,7.617197689294272,0.002890712899956793,-34.20242335127016
9.555848176237971e-17,11.7619266856624,0.0003022730848062372,-13.29186275909237
0.2849268342513645,5.008905428334224,0.01260862330602563,-22.77638118600841
0.1343914307658369,8.854855927032233,0.00146155095129763,-38.52202079122377
0.5719979469480854,1.514140972543998,0.1092541482569561,-64.0163045573392
0.1109700305347018,11.61315430202119,0.0003274349662242271,-44.29295493341916
3.17603086687411e-16,12.78686015345068,0.000174531249432508,-17.9453040473381
0.146822301652532,7.772329351336637,0.00265262962562407,-48.25819420570753
5.840566125974614e-16,11.76195382987274,0.0003022686767724103,-13.98463478361394
0.1441433966394296,7.988472572942129,0.002353805694446154,-45.48042729176336
5.840566125974614e-16,14.17802523275944,8.315069772935058e-05,-39.27174375097882
2.449231293967717e-15,7.378132277036485,0.003301084988499237,-68.14972117871014
0.1467691154615171,7.776391883572273,0.002646670758672864,-47.09062547881403
0.1562730374510274,7.073615002189506,0.00391136326806657,-24.61795290001065
3.17603086687411e-16,17.25265409770624,1.636200532489918e-05,-11.93739501424267
0.1129915120844128,11.32220206985581,0.0003829291846138005,-16.99111605133904
0.2936721245481005,4.71054719439951,0.01498905406493023,-35.56406170783379
4.730343101349462e-16,13.86489892724478,9.821658286812696e-05,-25.19473312007626
1.028145822447522e-15,7.010286695625396,0.004052135062207418,-40.45059816058299
9.682324783204268e-17,13.86473597846303,9.822509948781422e-05,-37.57674840829254
0.1563311019421045,7.069632000260064,0.003920067843349917,-15.34401004889093
4.936130869128893e-15,12.78551668464968,0.0001746566361628399,-179.4545810865214
0.2845141969355943,5.023452699816254,0.01250312946443788,-30.99044418446576
1,0,1,0
1,0,1,0
9.555848176237971e-17,18.04043005495084,1.081314978851333e-05,-7.20973637275433
0.5103018071429661,1.718905375663383,0.09491700409902815,-75.24013527310827
2.804502661847769e-15,7.381799174063403,0.003294361223949049,-57.63147283352369
5.840566125974614e-16,14.69213729725877,6.328664029842113e-05,-24.17308425513546
9.682324783204268e-17,13.71862748640025,0.0001061689923193554,-33.00567629654091
1,0,1,0
9.555848176237971e-17,14.03159552519806,8.988228053768976e-05,-13.51404885955835
9.555848176237971e-17,9.514166931041117,0.001019458227458747,-13.47318074708596
1,0,1,0
0.1345479204599007,8.842132509986612,0.001471775024889654,-38.49727624043441
4.730343101349462e-16,13.61412537591659,0.0001122450226413441,-25.47445503218465
0.5409581880430643,0.9353849502293485,0.1667337736970969,-89.32574329857142
1.028145822447522e-15,7.449003883617209,0.003173578306028657,-49.62451605599696
0.4269112581065485,2.942427944987458,0.04314047631744089,-43.09742764594277
9.555848176237971e-17,7.37674488920571,0.00330363260895622,-29.37815728710225
9.682324783204268e-17,7.450591635409197,0.003170780050141597,-27.13339909999126
1,0,1,0
5.840566125974614e-16,13.86498035030594,9.821232751977549e-05,-18.65497439987906
9.555848176237971e-17,13.61416420282674,0.0001122427012746896,-11.40371538767256
0.1157802833827827,10.94818496046456,0.0004684767566179859,-29.05513817865805
0.1425082241619331,8.126972004841278,0.002180576106190657,-47.2898106875308
5.840566125974614e-16,7.447083087698033,0.003176966888979005,-51.13343897350016
0.1360180838692525,8.701080677224539,0.001590107266846719,-35.02821533342216
0.2100188953537004,4.394760317751505,0.01802476326281593,-22.52930907223369
9.682324783204268e-17,14.17780600049956,8.316038682132376e-05,-57.40315690599025
5.840566125974614e-16,14.69218437525357,6.328505980385257e-05,-18.55413366204008
3.17603086687411e-16,9.712945175877415,0.0009148727363731401,-13.03721939517281
0.5772341828606833,1.45994738790742,0.1134692460658013,-45.55900553334607
0.1422236385951707,8.151038872108145,0.002151824985922535,-51.53426283863882
5.840566125974614e-16,12.78403660146283,0.0001747948783703546,-24.29996193361006
0.7250115639876445,0.5759203836032896,0.2239579289827529,-63.75052617681709
2.804502661847769e-15,7.019102438069254,0.004032232294108595,-39.54439395356312
5.840566125974614e-16,9.514166930972671,0.001019458227496772,-19.49950185914783
1,0,1,0
0.4687973909205983,2.248077536480992,0.06689025657229986,-82.3860834868767
0.2846108729683549,5.020047422113379,0.0125277414112111,-38.62728141671993
0.4644790245576413,3.083825678886001,0.03953716303329208,-46.68187702729799
1.31317725933007,0.8132773719203215,0.1835765326937034,-126.4448762550538
1.028145822447522e-15,7.617119417252027,0.002890838371509941,-38.92920175993176
2.804502661847769e-15,7.053694041085663,0.003955097847416933,-90.47323826810511
3.17603086687411e-16,12.78689930122244,0.0001745275971095084,-10.99265290874777
0.8669794971932184,0.1279636381576665,0.3602764114073854,-69.21916372623667
9.555848176237971e-17,13.86500727661442,9.821092033251988e-05,-11.70920410253073
2.731941657024047e-16,14.85885395118104,5.793145631444174e-05,-30.57958776784071
0.4691155187950645,2.243570755632902,0.06708541366880078,-59.20705942063225
1,0,1,0
1.463696756133345,1.279998387011773,0.1289496676304192,-81.37953060850698
5.840566125974614e-16,17.36987793748085,1.53831738813337e-05,-32.03268653420309
2.287852447174094e-16,13.86490539518658,9.821624483247193e-05,-32.15461669990832
1.028145822447522e-15,18.04506872962722,1.078683563005001e-05,-112.8339817252356
5.840566125974614e-16,14.80454122873492,5.962399782083461e-05,-38.43921187345971
1,0,1,0
4.730343101349462e-16,13.6141364680787,0.0001122443594629985,-17.88941786571112
0.1700218307786459,6.213005844769114,0.006340755992283842,-16.5375191918764
0.2100652684656154,4.393104923790148,0.01804227077409176,-26.54302651790178
1,0,1,0
1,0,1,0
9.682324783204268e-17,14.80457851460822,5.962281897420318e-05,-46.42470711624068
0.5447488968877795,1.822510094302345,0.0885073918592657,-63.30435051954909
0.2883572356382454,4.888400849529987,0.01351885934222069,-35.52483528059138
0.4272395265689037,2.93623578029846,0.04330617948288384,-106.8715552491302
5.840566125974614e-16,14.80462521806089,5.962134241033201e-05,-19.19212928641783
1,0,1,0
0.5875883975330863,1.35813037457433,0.1219308835033118,-45.18043141286191
0.2142450598633835,8.497289196954419,0.001778379964964383,-29.92127359460446
0.2845118664281094,5.023535594196304,0.01250253096421866,-62.88783709035626
1,0,1,0
0.1441368786675433,7.989065509035321,0.002353034952720545,-23.57479083804381
9.555848176237971e-17,18.04576022187133,1.0782918463903e-05,-14.09472186663103
9.555848176237971e-17,14.03159552519806,8.988228053768976e-05,-20.05285829170296
3.17603086687411e-16,9.514166930934138,0.0010194582275182,-11.86225346241522
0.2720966393116099,5.484661131930366,0.009592019115827466,-62.71827603155899
6.728744545674702e-16,9.514166931004752,0.001019458227478953,-33.1294714538593
0.1393705784961846,8.402190923708645,0.00187384527792267,-84.31901844903173
9.555848176237971e-17,12.78693862024076,0.00017452392888756,-19.55673973408791
5.840566125974614e-16,9.51416693098097,0.001019458227492165,-26.40240276182256
6.728744545674702e-16,9.713897953728122,0.0009143985567185986,-33.23527638143704
0.4406698188169087,2.693276617636627,0.05038619823214935,-52.87151970017897
9.555848176237971e-17,13.61420362432044,0.0001122403444088205,-12.50634176442996
0.2693776611820258,5.594457236489859,0.009008696301776309,-36.62938228558168
3.17603086687411e-16,12.78686010795684,0.0001745312536768906,-24.93607186447327
2.287852447174094e-16,7.01010599975352,0.004052544057599139,-26.50646676937885
0.2884037175573655,4.886875797957167,0.01353080686615737,-27.14128719672242
3.17603086687411e-16,17.26331656371732,1.627044246221843e-05,-27.67428198162453
0.1468679446845919,7.768809131387165,0.002657804095398786,-13.8509155304012
1.031305645205783,0.006566426771314582,0.4677076587925447,-58.19724825743065
1,0,1,0
0.8179432046446221,0.2588080243207997,0.3054701215425384,-57.73187451614735
9.682324783204268e-17,18.04053165175611,1.081257276247527e-05,-65.62349173971984
0.1422078290207408,8.15237717798577,0.002150237571757752,-42.39410052214986
0.3127333069807449,4.132575123174263,0.02103264681178474,-74.42123540568856
2.804502661847769e-15,7.386649318620556,0.003285489285219489,-73.86163392644323
0.1467723292504334,7.77630582136748,0.00264679685196173,-22.56150976031278
0.2058832722304307,4.547915995734456,0.01647941926498786,-22.80391561608376
0.1424279914144108,8.133750316726292,0.002172439159450257,-32.13855845119951
0.446055937330624,3.470965690620375,0.03122741985143368,-76.37549233089351
0.8758421731118348,0.1100327953242584,0.370053400955605,-66.94045227838154
5.840566125974614e-16,9.514166931038361,0.001019458227460301,-20.48452146019178
0.5250072828564091,1.039773324347593,0.1539370982901603,-29.68436431425329
3.17603086687411e-16,13.71864369124736,0.000106168076297819,-19.01090215448651
1.028145822447522e-15,7.451443075097458,0.00316928050923998,-22.79979227514835
0.1345099147083253,8.845795674241906,0.001468824015083525,-17.87578483641999
3.17603086687411e-16,13.71864383620768,0.0001061680681035959,-26.13592369786892
5.840566125974614e-16,9.514166930916957,0.001019458227527748,-18.40094521289183
3.17603086687411e-16,9.712975009730528,0.0009148578848454103,-15.08103287950555
0.2850016822694476,5.006268359211425,0.01262784553325041,-27.41995462976527
0.5693115775409885,1.542641868669548,0.1071124981817046,-58.09743982331048
9.555848176237971e-17,14.85885395120197,5.793145631377561e-05,-16.55322038565514
9.555848176237971e-17,18.66269619444989,7.800248182365799e-06,-13.59640859586837
3.17603086687411e-16,9.713927709527432,0.0009143837518273967,-29.49199905374583
0.5366941635559679,0.9624797331116213,0.1632814503298389,-66.55663029432479
0.5692458885537639,1.543341295470597,0.1070605722611426,-50.08707754842658
0.5417630083462842,0.9303950568116193,0.1673801454541045,-88.2659150867847
0.7111329079650811,0.6518514701957656,0.2097257537515902,-69.58714573424602
0.1422170080826612,8.151609766547232,0.002151147681030863,-15.93090154880203
3.17603086687411e-16,11.12419292163969,0.0004260447253641719,-14.87234628324498
6.728744545674702e-16,7.378320936348153,0.003300738713792273,-19.10670683213685
9.555848176237971e-17,18.0459937949069,1.078159564199543e-05,-15.19620633990986
1,0,1,0
0.1456773473241008,7.865667044996997,0.002519111840544097,-16.35617407842861
0.1070873799777007,12.1938360400479,0.0002397384180012896,-42.58124852691359
0.1699762319682921,6.215475039174542,0.00633191835445579,-28.8952818178573
1,0,1,0
1,0,1,0
3.17603086687411e-16,14.80460664898759,5.962192948077982e-05,-25.80019378020551
5.840566125974614e-16,11.12419274778464,0.0004260447652983945,-31.89230349647784
1.876321963863402,3.908385563173624,0.02402286544261317,-118.9195457419011
1.123335681624674,0.1299079803904704,0.3592637335410742,-102.7665783470941
388.8014947759316,23.02085807705895,8.012663568202072e-07,-21.65452345945425
1.002763617033302,4.440892098500626e-14,0.4999999159292007,-4.533744202675179
0.5039862112652002,1.536366728011103,0.1075797108462465,-63.27767771351998
1.028145822447522e-15,7.258039434363511,0.003529215314357625,-54.88284375899254
4.310814201721733,19.9155415642357,4.04698331446518e-06,-179.361092614934
3.17603086687411e-16,14.80462276790994,5.962141987270186e-05,-19.59480751503403