dN/dS,LRT,p-value,Log(L)
1,0,1,0
0.4843296015705131,2.033501970667217,0.07693285681955508,-33.77556446802401
0.1650467152246829,6.509100469634376,0.005366189275810174,-32.39356378214471
0.3228360327734502,3.859659796580686,0.02473017816625883,-39.83402108259855
0.7505769408699116,0.2718184359215172,0.3010572752589857,-40.54485876314998
0.3382915815219908,3.481087060032671,0.03103697504967612,-28.88999517002803
0.1451077862587266,7.908095934489157,0.002460702120558989,-13.99238655496752
3.17603086687411e-16,13.76463290655467,0.000103600229656664,-12.14550606935601
1.077053442126931,0.03217292658285942,0.4288243264896324,-66.55454365027899
3.17603086687411e-16,10.77362145823493,0.0005147843395336138,-12.88314521621441
0.5645715681632044,1.593132121042188,0.1034396056802296,-48.1842565190017
0.4867010477376538,1.336045637526681,0.1238662668713997,-58.52919518867278
1.153125563629926,0.1352491580471167,0.3565252163843787,-74.44479536125252
2.287852447174094e-16,10.47608395308885,0.0006046490765500567,-29.13456215011767
1.220190721223467,0.3843581671780498,0.2676399993046173,-82.37371782270111
0.7174307292449258,0.4931467735860906,0.2412634744012356,-53.90250357601906
0.5568301410015806,1.259159498663493,0.130905123025627,-46.2404657689247
0.1468934538719332,7.766697271794484,0.002660913313960567,-40.75423875755362
0.343532276097565,5.046401913186443,0.0123385656635534,-30.1310910500824
0.9295958742547468,0.03270187046533124,0.4282479229261542,-116.5776711351313
3.17603086687411e-16,12.3984547688368,0.0002148446370282553,-24.10950095900537
5.840566125974614e-16,5.865172532650604,0.007721672499171661,-25.45516364119355
0.9396863432114093,0.02449033992878924,0.4378218645736361,-57.55398795260401
1.028145822447522e-15,5.865222908113758,0.007721451522569645,-26.84320766242174
9.682324783204268e-17,8.000335433656709,0.002338434256051625,-18.67904641121972
0.9297595703617572,0.02710634940875423,0.4346136490122898,-48.52536965115161
3.17603086687411e-16,13.6034712695942,0.0001128838371871055,-21.95164108166734
0.161233905878377,6.742097288707662,0.00470819297905184,-26.59564413651451
0.4359825571918439,2.773578877656249,0.04791583976849717,-34.28900840079739
0.9298247723941315,0.02704864493432524,0.4346826579845141,-77.86633202471508
0.2596742447471812,3.000893070666883,0.04160931617022395,-23.98835214011784
3.17603086687411e-16,13.76473328743923,0.0001035946937976151,-12.84074778070921
1,0,1,0
0.8277992460110717,0.1601790796372597,0.34449584804162,-61.2845353687124
0.7465175332968401,0.4710111112738673,0.2462611887749334,-55.96961846409064
0.2997423774330861,4.519818228556126,0.0167521954306496,-23.1880579204147
1.558599610968221,1.022158310237728,0.1560037992382475,-58.80097375526548
0.371216709885577,2.806051449706217,0.04695462948762463,-50.35456355097514
0.2506030653487187,3.208072254015185,0.03663788458452821,-29.66012623431691
1.236831766975175,0.2944869426964658,0.2936797178128484,-61.13079469763736
0.8479171636550836,0.1722428049652649,0.3390630999099097,-83.05336248562276
0.4836146375797805,2.04291574036678,0.07645814619500896,-43.38630593143147
0.7463484128721144,0.2831796165107647,0.2973123582404156,-42.58764803535777
0.8055841143998697,0.2507865364452471,0.3082608983768534,-64.79919655099533
1.000318808466882,4.054642772644002e-07,0.49974596922383,-72.30833326498092
1.11517640545637,0.06859327477647525,0.3966980446279968,-54.00491670224038
0.2943914872319923,4.686974815560944,0.01519605520695583,-28.81113259557583
0.8973974285914467,0.06062219891364862,0.4027576093866479,-55.05594188084573
0.1907950849906632,5.161782456418912,0.01154459470615921,-21.6110480931144
4.730343101349462e-16,12.39835744645519,0.0002148558347633833,-17.08761728804616
3.17603086687411e-16,8.000395443577499,0.002338356757974003,-12.38976162364603
9.555848176237971e-17,13.43170667137984,0.000123703465901237,-18.45404013646697
0.6584586674131108,0.8051112331806962,0.1847847875112613,-45.4815391357351
0.9293446463400976,0.02744346130307918,0.43421199513743,-47.67628674309596
0.8982169651171044,0.05958548800484209,0.4035761485005122,-65.68685691352547
0.440500604793763,1.797451622105079,0.09001044349081533,-28.23344678860983
0.2945327811852851,4.682391374722592,0.01523664956997467,-22.32823097034167
0.3227509526691065,3.861876220046142,0.02469753134707581,-41.35997343848928
0.3225470206421387,3.867154651090544,0.02461996581935533,-32.53207267194578
3.17603086687411e-16,11.16464438667722,0.0004168547411995682,-17.83860764522716
1,0,1,0
0.492661362217422,1.927521123410585,0.08251495092250127,-35.73113335429147
3.17603086687411e-16,12.39850844458466,0.0002148384614468202,-25.82055068170616
0.4997501469332591,1.226980281851326,0.1339975530892581,-53.03361688730269
3.17603086687411e-16,11.1646443028956,0.0004168547600245653,-14.70555965628844
5.840566125974614e-16,9.081342812344921,0.00129115184060502,-30.02242413713799
0.3284300386272344,3.719064838926528,0.02689724587196951,-53.90421364050478
3.17603086687411e-16,12.39860529458884,0.0002148273189702676,-12.82879691825962
0.3711920325338404,2.802892274938387,0.04704721540754286,-49.603760349569
1.044471667938381,0.0130267456671902,0.4545654800174464,-58.58070654631634
3.17603086687411e-16,12.39860530771609,0.0002148273174600313,-12.82923346460375
0.5374597267968738,1.435200311105007,0.1154588082114051,-38.07483123950374
0.161193011491174,6.744627238847229,0.00470152105159255,-47.77720564139866
0.8757298831594968,0.07352693785971098,0.3931345608373499,-39.2670365445061
0.3093079388391135,4.23195286570126,0.01983488601667988,-32.78401753122372
0.7756816570017062,0.351051687960009,0.2767591990014298,-44.59560657999615
0.8831569711175219,0.09634727552656841,0.3781289387339731,-56.20005632116227
0.4999247413837851,1.225758091056534,0.1341167886530548,-50.72491840037738
1.038251426826261,0.005554852725097703,0.4702939836646178,-44.92696101882508
0.8212085153623261,0.2069426449388629,0.3245871773183018,-81.54498185314397
1.320339676647085,0.5628816078212537,0.2265507617620117,-119.873397603926
1.351685346597194,0.4929624616419517,0.2413043929844275,-92.31390858047378
1.315671309257694,0.5492496981482873,0.2293122146196627,-109.605108362966
0.1691189081981321,6.25921522420068,0.006177446055612767,-23.84890909217935
0.3406216647251658,1.715469595176359,0.09513862681196261,-42.40464565559571
1.08516944061793,0.04575238191554831,0.4153132748866857,-111.5128501893382
9.555848176237971e-17,14.17673104418575,8.320791157395702e-05,-27.60631583326588
0.1610561537880136,6.753653476757449,0.004677796068532303,-21.68696659765545
0.2256031221365925,3.88244744430969,0.02439669002615252,-50.02154916339331
0.2254627388542647,3.886717232259556,0.024334733363505,-35.63762810159054
9.682324783204268e-17,11.36091863651031,0.0003750285841495615,-38.85213677956586
5.840566125974614e-16,10.47612902196588,0.0006046343263050313,-22.89703236130617
0.1650601771272443,6.508279700664247,0.00536866675555725,-38.63482367311277
0.3284867061783417,3.717662701543702,0.02691984347020726,-34.53009829977179
1.044113574473237,0.01282361154149214,0.4549195926314916,-56.67501083492169
1,0,1,0
1,0,1,0
0.1545976983465497,7.193310735137629,0.003658792223456775,-69.23736898972349
1.020408199754142,0.002828829166901414,0.478791560848833,-62.35136858822159
9.555848176237971e-17,9.081342812411883,0.001291151840557725,-11.42356327152207
2.287852447174094e-16,13.43139970397587,0.0001237237093497656,-42.67956001952724
9.555848176237971e-17,11.81676720343572,0.0002934984553052966,-11.93079051530359
3.17603086687411e-16,14.16179016101549,8.387130027043277e-05,-13.14056166418415
3.17603086687411e-16,12.39845459273856,0.0002148446572892149,-17.16536685392059
0.2976787207245501,4.581489939209305,0.01615955068934682,-38.76917371406761
0.5905968568104434,1.328620962748218,0.1245253491111789,-41.9163844814292
9.555848176237971e-17,12.62504597871322,0.0001903062596317895,-12.2351275109295
0.1854398381757227,5.405416407994721,0.01003717950224797,-53.06655039261471
9.682324783204268e-17,14.1770472090722,8.319393081085424e-05,-33.75932296776071
9.555848176237971e-17,8.86338646731863,0.001454736545726643,-14.32156242899513
0.3383313830242824,3.480002641236013,0.03105732028830349,-74.6980910255083
3.17603086687411e-16,14.17515130678923,8.327780277711527e-05,-20.68899541224335
0.2823427026842683,5.099337113053004,0.01196749440668377,-22.93664218832345
0.1641458999866062,6.560838485811807,0.005212361721514513,-23.44209265393443
0.6577380022957104,0.6075027016969727,0.2178648197385311,-31.60849403687161
0.3284518891208955,3.71852698353662,0.02690591186136654,-37.63587671623853
1,0,1,0
1.028145822447522e-15,13.19314276842698,0.0001404876559731316,-67.43503272956686
2.731941657024047e-16,13.57983091683881,0.0001143144144578057,-10.85526356306365
9.555848176237971e-17,12.11362112327591,0.0002502741884899407,-13.38383429089613
1,0,1,0
0.29034633772116,4.819823252270517,0.01406711503148905,-21.46933988875995
5.840566125974614e-16,7.699029291305663,0.002762526555214306,-28.44358528506336
5.840566125974614e-16,10.47607493216118,0.0006046520289836321,-35.20705470658062
9.555848176237971e-17,8.865313746477625,0.001453201461894649,-18.26969030988333
0.9919640981549211,0.0003926932963054242,0.4920948814698562,-86.29988675135992
0.9430144470793256,0.01051684261821606,0.4591594057824804,-58.77779010819997
0.2943943352905384,4.686822352438696,0.01519740371954542,-41.68778834908313
1,0,1,0
5.840566125974614e-16,12.62759343679758,0.0001900470934844134,-23.43918827502059
0.179069863173196,5.719730835287379,0.008387650956301174,-50.93896565870136
9.682324783204268e-17,9.130394071661733,0.001256987817533362,-25.02838229441516
9.682324783204268e-17,9.130424401671107,0.001256966979135798,-32.26039254081536
1.028145822447522e-15,6.390552147166247,0.005736466807797491,-32.56120467579294
3.17603086687411e-16,11.16464438667467,0.0004168547412001233,-28.41000439137541
5.840566125974614e-16,8.000305781730439,0.002338472550140358,-25.9565664147573
9.682324783204268e-17,14.17499054546894,8.328491854009412e-05,-46.55014503057648
0.1546240177563969,7.191452351968508,0.003662583392831986,-62.13446784173112
1.028145822447522e-15,6.383760981408358,0.005758456415615509,-53.86708924972992
0.3318131344380422,1.818926891571522,0.08872053247989431,-60.95007422479738
0.3223725745096759,3.871736864916372,0.02455283967033883,-27.26202252622323
5.840566125974614e-16,14.16166973418542,8.387666891412904e-05,-25.11430489620589
0.1690453004937198,6.263491378571423,0.006162553684105343,-21.31859540943029
9.555848176237971e-17,13.34748502497202,0.0001293847130923731,-12.29531798828643
5.840566125974614e-16,8.865313778924502,0.001453201436064422,-19.18689377412204
9.555848176237971e-17,12.39856858182076,0.0002148315426614977,-12.25065415336764
0.4410232808331268,2.687215338975321,0.05057822828101144,-40.76472840290469
3.17603086687411e-16,11.16464438661583,0.000416854741213335,-15.21664869593571
0.1855381510280157,5.401341796135853,0.01006063825091674,-50.19088096460453
0.5080439242005003,1.742510454359774,0.09341052488920049,-41.71790373584254
0.1411212026875775,8.242526586742528,0.002046006589245641,-32.48179511923615
2.731941657024047e-16,13.19407803726298,0.0001404175623332393,-28.73429555271155
4.730343101349462e-16,13.43176714114931,0.0001236994785207002,-12.3270112095774
0.3308973428347821,3.660937970273679,0.02785113312519727,-32.42007642381504
0.6608945639647047,0.5922591309698788,0.2207734270491811,-37.80377135472015
9.682324783204268e-17,7.32687909222193,0.003396545266555362,-34.22575540755838
5.840566125974614e-16,11.16464438666939,0.0004168547412013446,-54.16103709490897
1.028145822447522e-15,6.020392076097778,0.007070752360491261,-40.11349345264199
1,0,1,0
9.555848176237971e-17,13.43179723949349,0.0001236974938822466,-13.02066294176851
3.17603086687411e-16,10.47618037734493,0.0006046175190430603,-25.5242502109323
5.840566125974614e-16,12.11362287183145,0.0002502739538062793,-45.30317765503791
0.9292374874992417,0.02753123584749062,0.4341078321161633,-43.37666578376557
3.17603086687411e-16,14.17688951438834,8.320090374996925e-05,-31.09842245499983
0.1471422022880947,7.746867872965929,0.002690288944732278,-23.47830637927111
0.1641536778684443,6.5603469947674,0.005213801545912222,-65.07748635802258
6.728744545674702e-16,12.11362287077944,0.0002502739539474441,-46.84258007571719
2.287852447174094e-16,8.865313776116025,0.001453201438300189,-31.73796499693107
0.165071295453627,6.507594301288179,0.005370736522963826,-39.40527537189664
0.2202007879877367,4.049060342870604,0.02209796955700583,-29.84297217383519
2.287852447174094e-16,12.3977829835475,0.0002149219434117722,-33.57980573027968
0.5207273502101398,1.069691462122492,0.1505075738244774,-20.44014010497606
0.5937230594969437,1.172052637954309,0.1394899399218,-36.36286449998818
0.2192686937798295,4.08158809016172,0.02167644727484813,-14.79463914856289
0.3921103535813548,3.09105278152883,0.03936192973432345,-41.79832452370012
0.5616694935337296,0.8265728332670648,0.1816327028945129,-46.78447116270294
0.495197471568867,1.896249167180144,0.08424937909452657,-50.14055276008445
3.17603086687411e-16,12.9278292249236,0.0001618664927101054,-21.08008567397428
1,0,1,0
5.840566125974614e-16,7.699238317524046,0.002762206655216648,-14.05853226340346
0.1546405092740243,7.190287105297884,0.003664962586070353,-26.63665478919867
0.1487633636935679,7.620696200350622,0.002885110390336565,-15.18820211324959
5.840566125974614e-16,12.92782922498534,0.0001618664927047764,-18.54675840603478
6.728744545674702e-16,10.47607330442152,0.0006046525617234288,-42.70266723530496
0.1498197155668919,7.544354033654493,0.003009919966950159,-22.75751526788548
9.555848176237971e-17,14.16133129684488,8.38917583479426e-05,-21.56077982801916
3.17603086687411e-16,14.17704736450008,8.31939239384627e-05,-26.21637371273879
0.5571739301116148,1.256586370807511,0.1311491172506148,-33.27906008575775
0.1611631015037584,6.746730930001483,0.004695980619471574,-21.68677760039138
1,0,1,0
4.936130869128893e-15,6.021865021694595,0.007064853659405623,-68.5859931034837
5.840566125974614e-16,11.16464430292431,0.000416854760018126,-11.82981427613608
1,0,1,0
9.555848176237971e-17,13.6023662367105,0.0001129503037085589,-12.93855135441004
1,0,1,0
3.17603086687411e-16,8.864816760505185,0.001453597155264441,-30.60176381204997
3.17603086687411e-16,14.1770441403163,8.319406649942573e-05,-31.83883200722249
0.1650467142732465,6.509100569959095,0.005366188973053077,-23.40142966845472
0.5662716137818273,1.574649506873442,0.1047665376946741,-42.59819493673894
0.4841050819291092,2.036434145938372,0.07678463791318352,-48.57447583453758
0.1410133218448698,8.252034469058543,0.00203531764533077,-45.07510726332615
1.843763237323921e-16,12.92782915547041,0.0001618664987158569,-15.01680609468867
0.164128767341596,6.561902028827497,0.005209247464753153,-17.14894767111785
9.555848176237971e-17,12.92782922498534,0.0001618664927047764,-12.17499383235502
9.555848176237971e-17,12.17512542631498,0.0002421552145528971,-14.4128990526469
0.3423879407827768,1.695697429836024,0.096425811074837,-29.76642483636872
0.169076395180093,6.261456031402773,0.006169637491581503,-56.86874437347294
3.17603086687411e-16,9.081342812923673,0.001291151840196403,-12.34576964405868
3.17603086687411e-16,12.39839430016048,0.0002148515943742324,-16.58984989830525
0.1409470381258678,8.257759043698336,0.002028909392985279,-31.80549128849578
0.1452067025415044,7.900085709430098,0.00247162275050683,-13.63855301106741
1,0,1,0
0.179044692630404,5.721018556360363,0.008381501650895018,-26.17952487156818
9.555848176237971e-17,14.16166955397761,8.387667694809142e-05,-24.8233732795209
0.3582312822197675,3.054059793800647,0.0402677971164393,-32.86806743041554
0.1854730328597614,5.404460142061858,0.01004267992357361,-21.16052470374585
0.1690694218836172,6.262132586190525,0.006167281887552667,-21.29902376703759
4.730343101349462e-16,13.43167036456565,0.0001237058600371821,-25.3204011727414
1,0,1,0
0.9525811521801895,0.01435134320036013,0.4523219428896092,-59.86963867096816
0.1611927422741863,6.744856558876116,0.004700916772878372,-24.79452937557738
0.3224784155359171,3.868872628653477,0.02459477599772097,-40.76989005902209
0.5819184254403688,1.412083701902475,0.1173553973650178,-56.34441210075968
3.17603086687411e-16,6.392074894865324,0.00573154803368775,-13.75855533487212
9.682324783204268e-17,12.62485834685435,0.0001903253624855883,-19.22305054412802
9.555848176237971e-17,11.1646443028942,0.0004168547600248429,-12.92871168547008
1,0,1,0
3.17603086687411e-16,13.57985838137951,0.0001143127419073742,-38.4746537083847
9.682324783204268e-17,8.864351248361473,0.00145396788886365,-30.40068795526056
3.17603086687411e-16,13.57968139296782,0.0001143235206755855,-16.33765961269222
3.17603086687411e-16,10.47621254199975,0.0006046069926400888,-12.6515307538055
0.7746495518861473,0.3549026889886591,0.2756754357392164,-57.62128738081321
5.840566125974614e-16,10.47619114133681,0.0006046139963321595,-18.74264978535812
0.8221375093578031,0.2044544209574894,0.3255745687672132,-64.14827286721982
0.1611572918991806,6.747138798517554,0.004694907201889365,-17.50678969921264
5.840566125974614e-16,14.17704656474577,8.319395930050932e-05,-20.67843173079702
0.2255545256713416,3.883923541681781,0.02437525233499788,-35.37872207333364
3.17603086687411e-16,10.47617180782154,0.0006046203235893222,-31.44226157243196
5.840566125974614e-16,9.130237187224743,0.001257095611434611,-29.93996073777318
5.840566125974614e-16,11.16464438663631,0.0004168547412087831,-52.91201737489799
1.462857317537434,1.148377978943159,0.1419444765177454,-78.0516005382741
0.2282925501577347,7.601188241326618,0.002916492334924359,-26.63844051750556
3.17603086687411e-16,11.16464438667722,0.0004168547411995682,-20.36722048364716
1,0,1,0
9.555848176237971e-17,13.60505211565849,0.0001127888195371352,-12.25121136052424
9.555848176237971e-17,12.11362112584646,0.0002502741881449388,-22.66049770637848
1.044154928141216,0.01284697022335024,0.4548787288605271,-53.6283329160717
1.435642552560314,1.15972215391136,0.1407615853858275,-87.25777787709042
0.2939261517033093,4.702270839429495,0.01506139616236929,-30.35118951012071
5.840566125974614e-16,8.000438550973598,0.002338301089787831,-19.73543036720129
0.1546786030280979,7.187600511911512,0.003670454076071139,-55.66652239479401
3.17603086687411e-16,7.698417176907402,0.002763463570778557,-13.13891976927753
1,0,1,0
5.840566125974614e-16,11.81673548225682,0.0002935034557127181,-31.77539760900799
3.17603086687411e-16,10.77360235195029,0.0005147896534601903,-12.07322910747006
2.731941657024047e-16,9.130544757685072,0.001256884291339577,-13.34334596535874
1.271268143751376,0.4247272657887464,0.2572938030922433,-54.93284395069948
1,0,1,0
0.1471420124204046,7.746926064205731,0.002690202257230379,-17.18302757624281
0.507653579221923,1.746994480613267,0.09312750731344199,-35.6772100476125
9.555848176237971e-17,13.60426349095728,0.000112836210194367,-12.94287288715492
5.840566125974614e-16,11.81637614211631,0.000293560106748747,-52.7686044172988
0.1451593657412688,7.902581034181921,0.002468215498572013,-20.60625141747109
0.4929623561261001,1.923773372539955,0.08272064112758276,-48.04496632119071
0.3383164210510308,3.480461975773423,0.03104870078555921,-34.3257346489964
5.840566125974614e-16,7.698737841017973,0.002762972662543384,-21.90330296361515
0.3284924245147919,3.717512661286605,0.02692226279040816,-79.33975377202148
0.1477585864102203,7.699115219133169,0.002762395044115573,-29.88236540791202
0.8015364218843423,0.3685118694441059,0.2719082731293693,-58.51868286217131
0.8081332958421031,0.2432454401039905,0.3109359254223714,-54.19618585083023
5.840566125974614e-16,12.9278292238812,0.0001618664928002556,-20.66809503516865
0.1650900205388161,6.506453679304087,0.005374182785078618,-48.41827969355656
3.17603086687411e-16,12.39841815137191,0.0002148488500976486,-16.95517260811417
0.2198764812581,4.05949754190128,0.02196178352631789,-35.31709384462345
2.267169014367173,7.768919987384123,0.002657640988254995,-107.0972089294087
3.17603086687411e-16,9.081342812713086,0.001291151840345062,-11.76729798497982
3.17603086687411e-16,13.5799487186631,0.0001143072406727952,-19.3072821609748
3.17603086687411e-16,13.57986088989931,0.000114312589143406,-18.5394559464795
3.17603086687411e-16,10.47622560571888,0.0006046027173798874,-13.22987032701007
3.17603086687411e-16,8.86531379796476,0.001453201420906935,-19.47395874814323
3.17603086687411e-16,10.47621260526505,0.0006046069719357061,-12.65363774372363
9.555848176237971e-17,9.081342812704108,0.00129115184035139,-25.3368798988245
1,0,1,0
1,0,1,0
3.17603086687411e-16,8.864993399960973,0.001453456504834583,-22.08270269767227
0.4466154741307409,2.592477142401322,0.05368614510614966,-36.43301317848869
0.7375228098921662,0.5130771987338818,0.2369048929762759,-48.5105524515259
0.1854844943220214,5.40396447243284,0.01004553223136329,-21.26248069436946
0.1791897033098146,5.713625178688787,0.00841687093974941,-22.68215569274932
9.555848176237971e-17,10.47616970076146,0.0006046210131684937,-17.64216751196153
2.449231293967717e-15,12.17512542597936,0.0002421552145964734,-101.0315011754663
5.840566125974614e-16,10.47615062394967,0.0006046272564874666,-30.35216006788516
5.840566125974614e-16,13.19502696554714,0.0001403464810167954,-49.05115565528187
3.17603086687411e-16,14.16172359960605,8.387426754391525e-05,-19.35017970856495
5.840566125974614e-16,12.39854510062841,0.0002148342441444795,-25.90134394973384
1,0,1,0
3.17603086687411e-16,13.34754555199343,0.0001293805371639922,-13.39782778186001
3.17603086687411e-16,14.17625749642107,8.322885621014908e-05,-22.74411938071756
0.2429513874692713,3.397821935168437,0.03264128370259567,-61.91984736692753
3.17603086687411e-16,12.39838809601158,0.0002148523082179943,-23.62473774496555
9.682324783204268e-17,7.350337660300752,0.003352508090810502,-37.5116231760415
2.731941657024047e-16,12.11362191311749,0.0002502740824807392,-21.1382291547388
1,0,1,0
1.738688558207614e-15,12.1751254265475,0.0002421552145226991,-47.63079548202274
5.840566125974614e-16,8.865313765284853,0.001453201446922625,-18.85918743508469
4.730343101349462e-16,9.13048439634283,0.001256925760503791,-12.2427273058129
5.840566125974614e-16,12.39809319579972,0.0002148862419304454,-60.32885027042676
0.999016943402891,3.862032372126123e-06,0.4992159969700158,-65.94921467621111
0.1611245907208215,6.749167370744601,0.004689572191323654,-27.3884494388073
9.682324783204268e-17,6.023102117275755,0.007059903378625498,-23.33390435946072
0.147235707139479,7.739514257250498,0.002701266578987394,-28.46543201512393
4.730343101349462e-16,9.081342812713082,0.001291151840345062,-11.76729820981587
1.988811851890917,3.037196277301859,0.04068817765642097,-84.72397605897778
2.731941657024047e-16,13.76637890977108,0.0001035039826107753,-12.83972111417465
9.682324783204268e-17,13.60726369515899,0.000112656026516722,-38.7615637293821
1,0,1,0
1,0,1,0
1.028145822447522e-15,10.47605437217464,0.0006046587580571527,-103.8852875883462
9.555848176237971e-17,13.43164013570825,0.0001237078534174763,-17.43366526603627
9.555848176237971e-17,14.17261945489144,8.338994104384323e-05,-19.07532833238583
0.3711141729780694,2.807918659239476,0.04690000038719844,-39.00230163023384
0.2189812616895029,4.090727938088655,0.0215595339117941,-30.32481352643935
2.731941657024047e-16,13.60379231614315,0.0001128645339772971,-24.83082349470182
9.555848176237971e-17,14.16172991294439,8.387398609399632e-05,-18.98222284200869
3.17603086687411e-16,12.39838816435691,0.0002148523003542291,-23.33541994551826
1,0,1,0
5.840566125974614e-16,13.36264430506257,0.0001283430640526273,-35.85819229828856
0.3303306901822751,3.674816732969106,0.02762016315863475,-37.35153419176741
0.3227855783095837,3.860998708250797,0.0247104512141253,-30.70492223158315
3.17603086687411e-16,14.161514110719,8.388360714112197e-05,-43.93086756814455
0.3383199905525475,3.480397623954843,0.031049908206565,-43.48481857713058
1.074927938656349,0.03050232459622748,0.4306776641024783,-76.71026940146987
3.17603086687411e-16,14.17704728249507,8.319392756439559e-05,-16.51923927924372
0.1487724910169441,7.61993165903683,0.002886333779010597,-27.16541895010718
1,0,1,0
0.4231590791847278,3.013063100668901,0.04129803637610152,-42.98662073377633
1,0,1,0
0.3284991140476516,3.717347529644208,0.02692492571750449,-31.8436798932903
1.461846117789426,0.7634052654949244,0.1911324750355873,-80.52880728333997
0.676155769464976,0.5248511944429026,0.2343898023909765,-46.38394360665016
0.1611454624265949,6.747848218600737,0.00469304076755217,-19.48710749259837
9.555848176237971e-17,13.6029977263812,0.0001129123154671174,-18.13469936752465
1,0,1,0
9.555848176237971e-17,12.39832738013523,0.0002148592942581851,-16.9559210934123
5.114956077737342e-17,13.60236623630746,0.0001129503037328172,-12.93855390908204
0.3283395676416503,3.721322823156271,0.02686089721201229,-30.20011565609534
3.17603086687411e-16,11.81673735156664,0.0002935031610393213,-18.91911703833248
2.731941657024047e-16,13.6031554750533,0.0001129028278607502,-27.99845650142048
5.840566125974614e-16,9.130508035548562,0.001256909519842919,-12.7650834294406
1.028145822447522e-15,7.703219002203795,0.002756121700133174,-37.91145007757678
1,0,1,0
0.1690642181208638,6.262412887095998,0.006166306216690287,-14.33015554969788
5.840566125974614e-16,9.081342812884749,0.001291151840223881,-24.7241922203124
0.282444184334776,5.095767019357766,0.01199215250439484,-51.09694219886287
0.4838603217404294,2.039691010108839,0.07662038562696222,-31.99791017943025
3.17603086687411e-16,14.17704733984333,8.319392502870171e-05,-17.55979797970868
0.1641536469642439,6.560353837465627,0.00521378149740942,-15.71188612789019
1,0,1,0
1,0,1,0
9.555848176237971e-17,14.17688595279416,8.320106124326543e-05,-14.30641501022606
3.17603086687411e-16,12.62562883587866,0.0001902469311095278,-23.90453742991733
0.179003439609786,5.723129855443254,0.008371429540223685,-28.0963023726914
1,0,1,0
0.1488173503923491,7.616467205729776,0.002891884094850916,-33.33276622657018
1.115142330033847,0.06855563146811505,0.3967257520379193,-49.9561092899966
1.644816614433117,2.315650101257603,0.06403887168280831,-94.00611474583779
5.840566125974614e-16,7.699286977009415,0.002762132190700317,-12.04120989985359
9.682324783204268e-17,12.63265702312739,0.0001895330051483457,-68.19018302429443
0.9732068333146429,0.004452712328998132,0.4733988640685391,-78.60974244387417
5.840566125974614e-16,14.17704550547637,8.319400613726602e-05,-53.03340631455457
9.555848176237971e-17,9.130508020905353,0.001256909529903039,-12.76459633102849
3.17603086687411e-16,13.57982852440197,0.0001143145601548712,-30.98286710214179
1,0,1,0
0.1854864164513411,5.403810804069714,0.01004641667892564,-26.89797429614918
1,0,1,0
9.555848176237971e-17,14.16175343740555,8.387293737704971e-05,-12.56210934652382
5.840566125974614e-16,12.11362154382965,0.0002502741320449808,-46.62085031441458
5.840566125974614e-16,12.39839434393701,0.0002148515893373171,-37.17892469140665
9.555848176237971e-17,13.60236620488813,0.000112950305623194,-12.93875307834126
1,0,1,0
0.8975360194211188,0.06044594031428119,0.4028962484969011,-64.51119710011386
1.274086614606751,0.4864821304358316,0.242750378130044,-95.20104451757011
0.3582714457639541,3.053258484027495,0.04028766614251672,-23.97528990388233
3.17603086687411e-16,14.1617600462614,8.387264275760975e-05,-12.44680528305957
0.1611903320688367,6.744794502109457,0.004701080290137605,-54.18588085866659
2.276632031293461,7.305476247755308,0.003437238706477996,-113.57825307418
5.840566125974614e-16,9.130273446714909,0.001257070697027851,-36.7128659470952
1.038573724431417,0.005646380591429079,0.4700507055931137,-38.3349608556501
1.459353083149985,1.260248686673464,0.130802011453691,-76.69784869943862
0.1690705838737181,6.261900398898561,0.00616809020473208,-44.37636457148292
3.17603086687411e-16,8.00042501813131,0.002338318565733633,-13.08002758807088
0.1411111814395811,8.243344810849408,0.002045084483677795,-40.14923756319011
0.3707257836274482,2.813530263432341,0.04673623685364897,-72.54168808651866
0.8192744124996205,0.21209235146803,0.3225661800871512,-42.89634326976967
0.8831541822527921,0.09635258198605356,0.3781256890801233,-66.70722530698983
0.8731721524591116,0.1151573132721211,0.3671736556875371,-56.64675097779047
0.8092627484296173,0.2399545580653921,0.3121194686392626,-60.90519401679199
0.1471459775680329,7.745712933670347,0.002692010047330162,-168.3309619108397
1,0,1,0
5.840566125974614e-16,7.701489844442186,0.002758763244716578,-20.89575890823278
2.731941657024047e-16,13.60299745231909,0.0001129123319509873,-26.91577061860552
5.840566125974614e-16,9.081342812674336,0.001291151840372429,-24.39839529148478
3.17603086687411e-16,13.43161646389061,0.0001237094144297401,-24.01166209560942
2.287852447174094e-16,14.17447213559809,8.330786903809617e-05,-48.80999505528545
1.028145822447522e-15,13.43145913406939,0.0001237197898781295,-57.89456587256995
5.840566125974614e-16,9.130477940281967,0.001256930195998429,-12.07130361327606
1.028145822447522e-15,12.17512546774108,0.0002421552091748658,-120.5158660758299
3.17603086687411e-16,8.000438316429886,0.002338301392670106,-26.53012409376322
2.731941657024047e-16,13.34748514850311,0.0001293847045694685,-12.29684689653511
5.840566125974614e-16,12.11362113756132,0.000250274186572641,-35.97516902841245
1,0,1,0
5.840566125974614e-16,6.020280205523044,0.007071200575284986,-23.07477606142207
3.17603086687411e-16,11.16464430289419,0.0004168547600248429,-12.92888471655622
9.555848176237971e-17,14.17657034835213,8.321501842611934e-05,-14.30586287462586
0.3317304632203562,1.819942262135626,0.08866007483398508,-46.07014359470042
0.5653839671495337,1.584189285768076,0.1040791456374111,-80.31385757536243
3.17603086687411e-16,10.47621254409517,0.0006046069919543595,-12.6517267564372
0.1452158424599506,7.895966092249992,0.002477258390215564,-39.32358164890145
3.17603086687411e-16,12.62498668181926,0.0001903122964566628,-11.13516797878521
3.17603086687411e-16,12.11362287265932,0.0002502739536951459,-14.40124173419446
3.17603086687411e-16,10.47622558994761,0.0006046027225412032,-13.2290339976562
3.17603086687411e-16,9.13039355228053,0.00125698817438008,-24.61649142603916
1,0,1,0
0.3284628375390873,3.71825672805597,0.0269102673659074,-21.65314819921749
4.730343101349462e-16,13.57968110432329,0.0001143235382551899,-17.14971262523664
1.028145822447522e-15,6.023245758732443,0.007059328823681432,-42.604399438746
2.731941657024047e-16,10.77363450658695,0.0005147807104986524,-13.46159101769828
4.004733053112191e-17,12.62536181066048,0.00019027410905742,-12.23604921979134
5.840566125974614e-16,14.17435717640421,8.331295925367854e-05,-27.90698804141165
6.728744545674702e-16,7.429877382105303,0.003207485640473462,-35.73484527354119
0.3302048782965225,3.677903986037208,0.02756906187246688,-56.96580804104793
0.3382967993553729,3.480804838245021,0.03104226856482872,-39.44769346384908
3.17603086687411e-16,13.57997858196722,0.0001143054221574014,-12.91554981654944
0.96936424590741,0.005852288408789263,0.4695105571340708,-79.85433899936424
1,0,1,0
0.7451103142668835,0.3819236174865068,0.2682877713280385,-62.56029695163436
1,0,1,0
0.2101946693589409,4.687612673204981,0.01519041480768335,-31.67126070833474
5.840566125974614e-16,13.43167665870988,0.0001237054449867436,-31.93213094764084
3.17603086687411e-16,14.17340956406507,8.335492999955729e-05,-18.89615196703625
3.17603086687411e-16,13.43173703646475,0.0001237014636094047,-18.86327842601154
0.2978122070556309,4.5774350869833,0.01619783583601953,-38.45851560533341
0.4372598675061197,2.748918065469212,0.04866013123703117,-70.07213000663104
1.028145822447522e-15,8.863070089818663,0.001454988698719073,-41.56597411280682
5.840566125974614e-16,9.130387693327947,0.001256992199846818,-24.94754238484479
3.17603086687411e-16,10.47613720755349,0.0006046316473462543,-10.57075515170204
9.555848176237971e-17,14.17704735723016,8.319392425992778e-05,-18.66039534668662
0.3283748197399878,3.72043568709077,0.02687517197345063,-41.39495345621958
0.4842478204255452,2.034579517360427,0.07687835010274685,-44.21268481801506
0.5964745766661125,1.275450133672095,0.1293733615787497,-40.60287852041159
0.4236616829697972,3.003323412560889,0.04154695204976422,-31.63603449671115
0.5371459440716176,1.438215183772051,0.1152141905204072,-30.20892801061497
0.4926495510099682,1.927672608356673,0.08250664918302553,-52.97768491584191
0.9891733686052451,0.0008304035836346202,0.4885053812881088,-61.28693313586774
1,0,1,0
9.682324783204268e-17,8.864466186288553,0.00145387634343791,-52.00301554194485
1,0,1,0
0.1650467142712293,6.509100571344618,0.005366188968871921,-30.39153605826779
9.555848176237971e-17,14.1617600392996,8.38726430679726e-05,-12.44668963646523
1,0,1,0
3.17603086687411e-16,12.92782922498535,0.0001618664927047764,-12.87596816552541
0.1471419535002786,7.746995605069905,0.002690098665925844,-16.74494234107468
0.3127899262043343,2.067389353831651,0.07523945772954549,-19.48396405510788
3.17603086687411e-16,12.11362112360462,0.0002502741884458093,-31.38471306341885
5.840566125974614e-16,9.130387756190359,0.001256992156656311,-32.17905511695214
0.898347415962598,0.05942161257586065,0.4037062258106761,-63.56161929166727
0.1854914493591796,5.40356499310893,0.01004783162623596,-33.96825825064052
1,0,1,0
0.3383029556146137,3.480796229284579,0.03104243005458601,-35.28347895316926