dN/dS,LRT,p-value,Log(L)
1,0,1,0
0.5673059538536229,1.172572870187736,0.1394366075241558,-32.95818311657982
0.1933655787582919,5.052746586326265,0.01229346726694969,-31.88342852072097
0.1889341009141812,5.244263696889213,0.0110096224135614,-16.30546089081588
0.8768806518519339,0.05402673018133441,0.4080994980549029,-39.79331586330157
0.3963806500869169,2.384764075205226,0.0612616942878747,-33.81319271940862
0.1700910579670149,6.205005235634477,0.006369478614325852,-13.76412427309858
2.731941657024047e-16,11.74376333597063,0.0003052372910749002,-12.06038920888553
1.262236865861716,0.3007706528929077,0.2916998467930266,-58.58267936079498
5.840566125974614e-16,9.2021676362615,0.001208643589470204,-12.52975827468057
0.4966297069550233,1.878502213081916,0.0852522393696542,-40.96175927196862
0.2847330310162615,2.508549834255163,0.05661504234957221,-47.66149766604384
1.158999483819183,0.1241713240723925,0.3622768305655478,-67.15818634778407
5.840566125974614e-16,8.948659910084466,0.001388366041055467,-28.82403846136475
1.297355906710679,0.5842286479119991,0.2223297915036653,-74.96740930510356
0.8407477854698923,0.127357459251769,0.3605939026378723,-52.91135668670884
0.6520482943749835,0.6344160684038513,0.2128700414528419,-45.37640299027728
0.1724398196186446,6.073901417002588,0.006859679942246066,-40.26790085257901
0.402924957364647,3.43186230060752,0.03197497561320145,-29.63461054827951
0.907930143377264,0.04809377095540412,0.4132070435157005,-103.149874478078
5.840566125974614e-16,10.58893673082083,0.0005688319346945359,-23.71318561679514
6.728744545674702e-16,5.021470809682143,0.01251744763860246,-25.04634435600199
0.9297486664883339,0.02825838415924409,0.4332513989408359,-49.45862298859755
1.028145822447522e-15,5.021172312788792,0.01251960560533977,-20.54778809402523
5.840566125974614e-16,6.849678034536613,0.004432862407835414,-12.13298344756315
1.088733665966983,0.03520763887341616,0.4255806149005416,-47.34321434866852
3.17603086687411e-16,11.59001185862075,0.0003315349467241102,-21.61616103256936
0.188835578201038,5.248660050434516,0.01098183904952371,-20.61236121360534
0.5111742448932634,1.7068943912046,0.09569440185649863,-33.7221390043344
0.8707553064508132,0.08007444393459195,0.3885982760345633,-69.64621214453732
0.3044090264925488,2.188493883362938,0.06952260981632291,-23.49329349720929
9.555848176237971e-17,11.74386463198325,0.0003052206787264033,-12.7553915473266
1,0,1,0
0.9786575590766878,0.001984823405948077,0.482232457832047,-60.16937623471775
0.8748969201572261,0.09321065207626589,0.3800672402515333,-54.03795324630375
0.3510472991070839,3.20347874012824,0.03674090740365848,-22.47958189066811
1.521547795538348,0.7677925224502218,0.1904504103482358,-51.24117452468292
0.4346867309173954,1.866033229940527,0.08596504548912615,-37.72920257988574
0.2942644058484724,2.347115180106258,0.06275754579529241,-24.0478010634851
1.239487601265034,0.2574004786368391,0.305955855925524,-53.31925298280748
0.9950621514511004,0.0001478922612818678,0.4951485441244716,-81.52650243724189
0.5663258999591085,1.180472358168259,0.1386299269336032,-42.59823961961468
0.8711319465789149,0.05970318123166862,0.4034828455465697,-41.8241407573395
0.5666372108252054,1.177950906170494,0.1388867727432104,-41.90316307345238
0.8757020907776424,0.05516350466096753,0.4071551580058949,-52.97056537277916
1.087513720187238,0.03433217174325875,0.4265010152600557,-52.90530251327409
0.5180448413968175,1.632642648801109,0.1006689612322793,-35.00127574516136
1.052841002036917,0.01300270437322126,0.4546072432730097,-54.58141454471743
0.2233924074113691,3.949822347159085,0.02343815816499839,-21.05977439827121
3.17603086687411e-16,10.58884507132089,0.0005688601369520097,-16.7783399964146
2.287852447174094e-16,6.849678467770921,0.0044328613329081,-12.13976847441791
3.17603086687411e-16,11.46909717503371,0.000353815245070277,-18.06032807676037
0.7723068821185817,0.2910315561680648,0.294780121010443,-44.37718750779351
0.8698807875364525,0.08128514899448191,0.3877816563155113,-40.98112812479297
0.8413436527667058,0.1262882764371369,0.3611559786747924,-57.6849802636543
0.5158919571615302,1.103985308143443,0.1466965782176864,-27.5908260109193
0.3454217947833192,3.322401875130907,0.03417095786417818,-21.75848628498472
0.3780390902223594,2.684712752336651,0.05065774701802694,-40.61595188264879
0.188754715116982,5.252335031234168,0.01095867022761821,-22.6039032400547
9.555848176237971e-17,9.53031720578042,0.001010525928504036,-11.77577730924169
1,0,1,0
0.5776373411265185,1.092363784559083,0.1479740317813839,-34.93130665805904
2.287852447174094e-16,10.58903205591245,0.0005688026060898799,-18.72587721433471
0.5837015904720517,0.6981520707527551,0.2017026613992079,-44.15334541398281
9.555848176237971e-17,9.530317159476702,0.001010525953999364,-14.37115458859373
6.728744545674702e-16,7.755909498809061,0.002676853728483697,-21.33353592830447
5.840566125974614e-16,10.3853771554417,0.0006350861970852995,-36.66583026288323
9.555848176237971e-17,10.58909218771686,0.0005687841061662868,-12.43651670648801
0.2170959398337893,4.145672443441995,0.02087053663190375,-37.97328800205081
1.223480904426094,0.2658734508657972,0.3030567131800479,-57.04543263404905
9.555848176237971e-17,10.58909220641785,0.0005687841004128891,-12.43711877285653
0.6297520293536526,0.7515073419644409,0.192999708339655,-37.13348460616987
0.1887796707629226,5.251057421676776,0.01096671913793806,-40.66846338302111
0.7671466543014148,0.2303789459117027,0.3156214940558894,-31.84016415139383
0.3627065093889206,2.967389662506378,0.04247942086077711,-32.06893777799363
0.9099729812188581,0.04584715716367782,0.4152269376548205,-43.39858044341044
0.8637045219689383,0.112535374482917,0.3686379535606296,-48.44295393144826
0.5840034421542736,0.6966747949991685,0.2019516360788661,-49.92136785782578
1.829670289772616,1.804008880685217,0.08961429771015766,-57.32854986288603
0.7696082623479618,0.2993381579539687,0.2921488170352108,-51.07789846837233
1.354350201317554,0.5821586314313549,0.2227337240533322,-96.6996760346821
1.056120579863113,0.01169186564754909,0.4569467096710996,-65.85811163546684
1.347408973880019,0.5635093307271575,0.2264248627989427,-88.47261585484256
0.1981799478416632,4.846130390168057,0.01385411309023116,-23.42336681548982
0.3978295212425164,1.182326071838375,0.1384414809528662,-41.82035139832449
1.273263894527519,0.3766757959083407,0.2696938427206055,-104.5191219159023
3.17603086687411e-16,12.08524192330684,0.0002541125323913263,-27.12612171169835
0.1885913872959719,5.259799480232928,0.01091176651277892,-21.21925767715986
0.264018312864485,2.908375396304564,0.04406030025978941,-38.05889646570863
0.263825436514678,2.912446907267508,0.04394921129820539,-35.08445411534633
5.840566125974614e-16,9.699642335648491,0.0009215194017027084,-32.54013145751927
9.555848176237971e-17,8.948736590418058,0.001388307763812602,-17.06735002295919
2.287852447174094e-16,10.3405786795226,0.0006506860335263043,-28.71534595749582
0.385172830021362,2.564628981286205,0.05463909636074138,-27.73992862288537
0.873076375291989,0.09620655472670592,0.378215151394258,-43.87153677613004
1,0,1,0
1,0,1,0
0.1812829314409107,5.610239928387728,0.008927908984947663,-63.26560600676022
1.024594409896086,0.003503139849769354,0.4764014511899464,-55.31596068625358
3.17603086687411e-16,7.755909503136085,0.002676853722070438,-11.03172557390095
5.840566125974614e-16,11.46875796333173,0.0003538798318324377,-48.90302846523399
2.731941657024047e-16,10.08664783173201,0.0007467377330102609,-11.68075029989762
3.17603086687411e-16,12.08508820890104,0.0002541334835524656,-12.74753709047979
3.17603086687411e-16,10.58902991673859,0.0005688032642311991,-11.33698001820437
0.3486845738016064,3.251600460352535,0.03567687687284926,-33.15036756183006
0.5206086284533914,1.605059112022651,0.1025938659228227,-29.0570898978285
3.17603086687411e-16,10.77241918352475,0.0005151188297434772,-11.97018299977218
5.840566125974614e-16,9.202001989983344,0.001208752962768345,-38.70876813317022
2.287852447174094e-16,12.08556341926948,0.0002540687183629209,-33.36240769967763
9.555848176237971e-17,7.574796188850222,0.002959503615181769,-13.84621057280701
0.3964318226420666,2.38390466827795,0.06129539536005896,-62.21830164846897
5.840566125974614e-16,12.08363729805062,0.0002543313275609194,-20.16257177316787
1,0,1,0
0.1924524886669868,5.089338057629682,0.01203668937524299,-22.75813286619956
0.7686158217501947,0.2269144257655569,0.3169106170474316,-30.81406330933167
0.3851249712697487,2.565420248812387,0.05461176447274901,-30.99676535874364
1,0,1,0
5.840566125974614e-16,11.2633373100422,0.0003952647838230128,-48.8839270529617
9.555848176237971e-17,11.58252649823541,0.0003328721421902991,-10.60446659604067
3.17603086687411e-16,10.34057773734265,0.0006506863656604578,-13.06505131218151
1,0,1,0
0.3403697498066121,3.434588317598738,0.03192224751175465,-21.08015503797639
6.728744545674702e-16,6.56853275342786,0.005189874417603102,-21.81393075109654
6.728744545674702e-16,8.948625159485488,0.0013883924524144,-34.58652671868352
5.840566125974614e-16,7.576756012491103,0.00295628755148708,-17.80640193498904
0.9683573725917328,0.005219102924684194,0.4712041198911807,-64.81628908585904
0.7305889950742912,0.2191290589903758,0.3198521672384481,-52.08200087817679
0.3452325437021506,3.326490965814301,0.03408608811534125,-41.11277604792626
1,0,1,0
9.682324783204268e-17,10.77397791960885,0.0005146852090506804,-22.94770695533355
0.2098249611186827,4.402374956837292,0.01794445923066001,-45.54078255539272
9.682324783204268e-17,7.815412061503849,0.002590126759465461,-19.48537615181523
9.682324783204268e-17,7.815349889259785,0.00259021586673186,-25.3268510646869
5.840566125974614e-16,5.475951098953608,0.009639933356582364,-26.27602907488754
2.287852447174094e-16,9.530317205777749,0.001010525928505535,-28.01372718589479
2.287852447174094e-16,6.849616631364768,0.004433014762147358,-18.71585342549609
5.840566125974614e-16,12.08347336561548,0.0002543536909125343,-46.00371640664797
0.1813190573539707,5.608444136949785,0.008937063321625582,-48.42045874979997
9.682324783204268e-17,5.475833875203016,0.009640579893429702,-21.71230331519058
0.3874820993270488,1.263938743217238,0.1304534274960489,-54.82584587052573
0.3775193984826601,2.693783716191518,0.05037016877261735,-26.63477801988585
3.17603086687411e-16,12.08496383939531,0.0002541504363012259,-24.71708989706914
0.1980788964849232,4.850255893031139,0.01382101557727644,-20.90907952157552
3.17603086687411e-16,11.39926130049693,0.0003673665807321647,-11.98659487951883
9.682324783204268e-17,7.576756046541583,0.002956287495641363,-18.72350719365738
3.17603086687411e-16,10.58906312220036,0.0005687930482771719,-11.94198112945584
0.5177458396725416,1.63591365763665,0.1004435269453167,-39.96233958380078
9.555848176237971e-17,9.530317205715832,0.001010525928539618,-14.74147508235096
0.2172673598452038,4.145589618958937,0.02087155764459508,-49.65998439917366
0.3967258434355799,2.3794698080073,0.06146963262474014,-33.65401860694793
3.17603086687411e-16,12.0849633620981,0.0002541505013635703,-24.42478511141156
3.17603086687411e-16,11.26461593912963,0.0003949926156471828,-28.26327545743321
9.555848176237971e-17,11.46915959655018,0.0003538033611537039,-11.93507625870889
0.3878298881712103,2.52273636638791,0.05610785441894295,-31.7652018694887
0.7739862422634077,0.2144009756681129,0.3216698084468166,-37.00162938136312
5.840566125974614e-16,6.249090177017479,0.006212855697103725,-21.6587463871041
5.840566125974614e-16,9.530317205772093,0.001010525928508643,-48.86706222061986
1.028145822447522e-15,5.155224004800445,0.01158827294148312,-39.39070413817928
1,0,1,0
9.555848176237971e-17,11.46919068966701,0.000353797441742687,-12.62877762210651
5.840566125974614e-16,8.94877062353325,0.001388281899356913,-18.43055423236497
2.287852447174094e-16,10.34057867957731,0.0006506860335070419,-20.80601954018477
0.8701298443181051,0.08094463096723814,0.3880106672743808,-35.98718910631954
3.17603086687411e-16,12.08540302776628,0.0002540905758424694,-30.68600914394547
0.1725421228589179,6.068093310222991,0.006882273495027402,-16.75848757072666
0.192463195289045,5.088865158003188,0.01203997217285319,-64.50338650853269
5.840566125974614e-16,10.34057867765617,0.000650686034184278,-46.34346376003076
5.840566125974614e-16,7.576756050415661,0.002956287489287557,-31.35786466288006
0.1933992770143769,5.051293112414285,0.0123037835352871,-38.89120598105092
2.287852447174094e-16,7.755909503666267,0.002676853721284622,-11.95340910204257
5.840566125974614e-16,10.58899897065906,0.0005688127852334079,-24.81292904156738
1,0,1,0
0.1855360310319784,5.401800645079142,0.01005799369066152,-19.97227154186166
1,0,1,0
9.555848176237971e-17,11.58237677374006,0.0003328989446877983,-17.23207033242142
3.17603086687411e-16,6.568794759611912,0.005189110430749655,-12.82169959752608
0.1924631480755994,5.088871833365609,0.01203992582703517,-28.29256158192851
2.287852447174094e-16,11.02631319841425,0.0004491381082024626,-20.68664334597727
1,0,1,0
1,0,1,0
0.1813419026606304,5.607307459103502,0.008942862727765177,-26.1251348804574
1,0,1,0
3.17603086687411e-16,11.02631319847897,0.0004491381081868084,-12.08555089524824
6.728744545674702e-16,8.948715451082649,0.001388323829511706,-37.39893347835653
0.1754581262138702,5.912036814039347,0.007518887537813768,-22.27418272555701
9.682324783204268e-17,12.08462317009075,0.0002541968786195503,-21.25043130168215
3.17603086687411e-16,12.08556358126901,0.0002540686962872463,-13.37837648360027
0.6525536756275996,0.6321688199571298,0.2132804454337034,-32.35005451359721
0.3775819804154536,2.692678418499156,0.05040511456094937,-27.02744456175035
1,0,1,0
2.804502661847769e-15,5.156698527024986,0.01157843795377911,-54.97150863074801
9.555848176237971e-17,9.530317159506883,0.001010525953982711,-11.51170263249084
1,0,1,0
9.555848176237971e-17,11.58888799356352,0.0003317353688932489,-12.6193488050313
1,0,1,0
5.840566125974614e-16,7.576250540941537,0.00295711668715426,-30.19033441676008
3.17603086687411e-16,12.08556033776629,0.0002540691382793558,-20.77510549737418
0.1933655799978814,5.05274668218852,0.01229346658684782,-22.92303929599963
0.331033310144526,3.655018274874678,0.02795027093103364,-28.19922022414305
0.5669985604218855,1.175031408956343,0.1391849140703991,-47.75586331234953
0.1654434972287805,6.480940738213206,0.005451862962327358,-33.68614369847162
3.17603086687411e-16,11.02631316009176,0.0004491381174875353,-14.68149798468637
0.1924288178571644,5.090370954964548,0.01202952238707883,-16.46339669301015
9.555848176237971e-17,11.02631319847897,0.0004491381081868084,-11.79668713883563
9.555848176237971e-17,10.38537713253114,0.000635086204965718,-13.88678582212287
0.4003164884398763,1.163683647280664,0.1403514462254824,-35.95532349763845
0.1981208839314556,4.84840618757832,0.01383584495402373,-44.85576143135755
3.17603086687411e-16,7.75590950366626,0.002676853721284622,-11.95331657813422
3.17603086687411e-16,10.58899881159548,0.0005688128341720389,-11.0494565376312
0.1653639800657333,6.48578704130778,0.005437019131055765,-31.16629189621987
0.1702277290328041,6.197186382447057,0.006397677922228062,-13.4101807120189
1,0,1,0
0.2097905941097471,4.403607603129956,0.01793149498553515,-25.66970817034658
3.17603086687411e-16,12.08496365683359,0.000254150461186986,-24.42636964922818
0.2097306879496625,4.405756730596877,0.01790891516891058,-22.15882612685888
0.2171780593459465,4.148584007811429,0.02083467786544024,-20.56442003514091
0.1981114619129596,4.848992699212822,0.01383114100761162,-14.98546253470126
9.682324783204268e-17,11.46906848924068,0.0003538207064565091,-25.01040898056101
1,0,1,0
0.9300262921846399,0.02689184509382869,0.4348705581633961,-52.94062924911224
0.1887797622790867,5.251176067154454,0.01096597141636746,-29.66279455994831
0.3776654533786065,2.691142944309703,0.05045370505484736,-40.13980615619952
0.1702146887955232,6.195381207579231,0.006404206638402465,-31.95653730078241
3.17603086687411e-16,5.47665763081061,0.009636037493819638,-13.14596544321839
3.17603086687411e-16,10.77222794410745,0.000515172055573998,-18.95601840630324
3.17603086687411e-16,9.530317159475224,0.001010525954000141,-12.61031201582782
1,0,1,0
2.287852447174094e-16,11.58253261523804,0.0003328710472190743,-38.01443388647716
9.682324783204268e-17,7.575777479102172,0.002957892875402879,-19.48653981064658
3.17603086687411e-16,11.58246455180572,0.0003328832310868779,-10.19742045020166
9.555848176237971e-17,8.948792812431666,0.001388265036521785,-12.34277376314965
0.7260022383960959,0.4568249610424999,0.2495557911096447,-50.25565448865524
6.728744545674702e-16,8.948770688125336,0.001388281850268791,-18.43304481795279
0.9640945924634853,0.00675207850058257,0.4672553543212511,-63.00838583508486
0.1887303912962419,5.25348458176542,0.01095143331544496,-17.02343553428927
2.731941657024047e-16,12.08556276945381,0.0002540688069132546,-14.19485759815205
0.2639509913186713,2.909794714263455,0.04402154043692114,-34.82508248602714
5.840566125974614e-16,8.94873657912926,0.001388307772391961,-23.82130387100989
3.17603086687411e-16,7.815165418537077,0.002590480274513474,-22.84505191745
5.840566125974614e-16,9.530317205737376,0.001010525928527739,-34.78137355193591
1.3510980057246,0.5733907989189504,0.2244573203049434,-72.32198260244311
0.1337587473925824,8.917787907215597,0.001412031845999917,-15.91315153278795
3.17603086687411e-16,9.530317205780435,0.001010525928504036,-19.90382455399405
1,0,1,0
9.555848176237971e-17,11.59161882129228,0.0003312485847763447,-11.93195516386218
3.17603086687411e-16,10.34057773848215,0.0006506863652587236,-14.4151157383821
0.6980460932461221,0.5835387866241319,0.2224642814911139,-35.27936214641315
1.51724763919573,1.364025132083867,0.1214205537250079,-80.28517667552754
0.3450673026776455,3.330262632470557,0.03400800638821233,-29.69480486728962
5.840566125974614e-16,6.849692912692582,0.004432825492776959,-19.27583672537001
0.1813942245785058,5.604708867971823,0.008956135510887808,-41.63417104864735
9.555848176237971e-17,6.568205212127989,0.005190829661267715,-12.82023339323027
1,0,1,0
3.17603086687411e-16,10.08659279956628,0.0007467600349206349,-31.31665714284376
5.840566125974614e-16,9.202144750063724,0.001208658700222576,-11.63669389756178
2.731941657024047e-16,7.815443133754577,0.002590082226884005,-12.9508836475975
1.490388739724433,1.116797892970922,0.1453044983435425,-53.38726089072112
1,0,1,0
0.1725421174074152,6.068093077538734,0.006882274401701582,-16.75826728605909
0.5948469851417529,0.967668711054813,0.162631142326337,-34.74159438415486
3.17603086687411e-16,11.5908173836162,0.0003313913703266169,-12.62366424777849
9.682324783204268e-17,10.08628331630773,0.0007468854662783797,-46.61085546333771
0.1701967691672778,6.197677542102454,0.006395902745391979,-21.45597028457449
0.578050425733034,1.089248253354043,0.1483189158477863,-47.08449113163307
0.1981226398183467,4.848449230082082,0.01383549968753034,-27.302111927856
1.028145822447522e-15,6.568531304498258,0.00518987864287429,-21.56691687854432
0.1925056926396881,5.087017746398487,0.01205280552938132,-64.39685736800079
0.1734036796816305,6.02099175015185,0.007068350236109133,-29.45249416975059
0.6708856415410357,0.9124366664693753,0.169734362524546,-44.61490977018784
0.9466604859055,0.01526211638162067,0.4508397751154002,-53.05716756150269
3.17603086687411e-16,11.02631319731687,0.000449138108468361,-20.18968471968435
0.1934248598023645,5.050194767893601,0.01231158517479869,-41.77095759835844
5.840566125974614e-16,10.58890775222173,0.0005688408508232601,-16.64582302471034
0.2574474477364423,3.049625832231719,0.04037787291461487,-28.05977360295349
1.234902006322749,0.2902561203970606,0.2950282245451594,-63.38791222198487
3.17603086687411e-16,7.755909503609342,0.002676853721368999,-11.45829412771293
5.840566125974614e-16,11.5826259801204,0.0003328543349336299,-18.84906848979802
3.17603086687411e-16,11.58255745075269,0.0003328666015868231,-18.28654140523958
2.731941657024047e-16,8.948803157915343,0.001388257174364527,-12.83765029725355
3.17603086687411e-16,7.576756066538195,0.002956287462845208,-19.01069576331822
3.17603086687411e-16,8.948792880430961,0.001388264984844845,-12.34508935092705
5.840566125974614e-16,7.75590950363619,0.002676853721329198,-18.93846348630976
1,0,1,0
1,0,1,0
5.840566125974614e-16,7.57643018315251,0.002956821989066827,-21.68834438798636
0.5231425859230284,1.578589123660947,0.1044820179975023,-35.64524781337551
0.3453477199742701,3.324011518425934,0.03413752251258323,-30.48585472196442
4.730343101349462e-16,9.202177892564769,0.001208636817745301,-13.0235233511619
3.17603086687411e-16,9.530317159475228,0.001010525954000141,-12.61005256341852
5.840566125974614e-16,8.948770698393965,0.001388281842464922,-11.24476474959517
9.682324783204268e-17,10.38537713217926,0.0006350862050867878,-106.8549709344413
5.840566125974614e-16,8.948758889698105,0.001388290816770943,-24.51899087831323
9.682324783204268e-17,11.26487430610368,0.0003949376428215023,-43.2861937463882
4.676412907705265e-16,12.08502830780566,0.0002541416485000725,-19.03981801522321
9.555848176237971e-17,10.58903001542466,0.0005688032338693194,-25.50478070485395
1,0,1,0
9.555848176237971e-17,11.39932379733582,0.00036735422199069,-13.08883101912809
5.840566125974614e-16,12.08476050693974,0.0002541781549111333,-22.25243983595127
1.028145822447522e-15,7.022082465902102,0.004025527101118642,-44.81283212516338
3.17603086687411e-16,10.58906313242471,0.000568793045131577,-11.94231038224589
1.028145822447522e-15,6.279951656758101,0.006105571571813073,-37.10968383462592
5.840566125974614e-16,10.34057816180439,0.0006506862160305937,-20.61226653251891
1,0,1,0
5.840566125974614e-16,10.38537713277583,0.0006350862048815631,-47.06748853229247
5.840566125974614e-16,7.576756039058118,0.002956287507914879,-18.48066991555343
5.840566125974614e-16,7.815380810451618,0.002590171549091413,-11.85057251713638
2.287852447174094e-16,10.58868768408333,0.000568908565951376,-47.94973029053616
1.166113132832416,0.08961660972141772,0.3823325619370497,-64.1223034183682
0.1886850995653339,5.255528050187102,0.01093858102531609,-21.2344584125628
5.840566125974614e-16,5.157983366730001,0.01156987519417596,-22.40940748220853
0.1726710431152516,6.060917767108933,0.006910292120958839,-21.06238332981015
3.17603086687411e-16,7.755909503609374,0.002676853721368944,-11.45859003160825
1.160558655363565,0.08426849385845969,0.3857970560634941,-56.55862484687218
3.17603086687411e-16,11.74551025087532,0.000304950928297576,-12.75437301557736
3.17603086687411e-16,11.59258419348249,0.0003310766748667038,-38.41694454332185
1,0,1,0
1,0,1,0
2.449231293967717e-15,8.94862615456438,0.001388391696121483,-103.463954388466
9.555848176237971e-17,11.46913054884838,0.0003538088912554138,-11.44015408141084
3.17603086687411e-16,12.08186806133972,0.0002545727883850879,-13.77247625682756
0.4345475521952331,1.867688039643696,0.08587005315043134,-32.64429461596128
0.2558608557917558,3.086941971872236,0.03946150043442509,-29.75848639718999
5.840566125974614e-16,11.59033841535885,0.0003314767338331581,-24.50786156739888
3.17603086687411e-16,12.08502598115657,0.0002541419656443278,-18.5870662273328
3.17603086687411e-16,10.58897013808186,0.0005688216561316461,-17.34171755673047
1,0,1,0
9.555848176237971e-17,11.39962954926897,0.0003672937656415964,-28.84622470944383
0.1934263755577504,5.050127020940671,0.012312066555555,-29.27172715410546
0.3780875647703433,2.683892031558329,0.05068385485714966,-30.06149940425214
1.028145822447522e-15,12.08471801212286,0.0002541839482589348,-56.47974624261795
0.3964174258629595,2.384205092855353,0.06128361207277594,-36.31606986614658
1.470087036146277,0.9152371004188922,0.169364334901961,-80.98774472644685
3.17603086687411e-16,12.08556349261031,0.0002540687083687487,-16.04194447774685
0.1742601061295826,5.973567352036035,0.007260937010756807,-26.69667682397588
1,0,1,0
0.3308654644902805,3.65921143901393,0.02788000895286258,-34.8176533401881
1,0,1,0
0.3851902841552659,2.564333307933026,0.05464931333966411,-31.18785556612062
1.425769045628709,0.5597557614656807,0.2271793333794733,-73.87358845244043
0.7910985569781223,0.1781228857373947,0.3364956951815345,-39.43906642036406
0.1887142330101618,5.25416768655937,0.01094713522343055,-19.01988446338002
3.17603086687411e-16,11.589530031035,0.0003316208574763446,-17.81415110411445
1,0,1,0
3.17603086687411e-16,10.58881398325663,0.0005688697026057232,-16.64650259076622
9.555848176237971e-17,11.58888799367588,0.0003317353688732094,-12.61934810486309
0.3849703722381345,2.567982283476212,0.05452336994556756,-29.54403182877274
5.840566125974614e-16,10.08661698030714,0.0007467502355373301,-18.66716330828842
3.17603086687411e-16,11.58969071296452,0.000331592205091602,-27.6595358848395
2.731941657024047e-16,7.815414056289889,0.002590123900525432,-12.4560672091759
2.287852447174094e-16,6.572941199266701,0.00517703512035439,-30.56966131505571
1,0,1,0
0.1981047698033389,4.84921891490297,0.0138293271549062,-13.92234070787141
6.728744545674702e-16,7.755909503661726,0.002676853721291395,-18.48709705416978
0.3320701863320056,3.630100168090721,0.02837170059656785,-50.27904156439394
0.5666614241119314,1.177773614054047,0.1389048550028923,-31.19585913204306
1,0,1,0
0.1924631382510534,5.088871952966102,0.01203992499667256,-15.1738040622229
1,0,1,0
1,0,1,0
9.555848176237971e-17,12.08540111632797,0.0002540908363366512,-13.78054206450936
3.17603086687411e-16,10.77235841433977,0.0005151357424442726,-18.26090965615111
0.2097337867579356,4.405646934036447,0.01791006802542311,-27.55811776761987
1,0,1,0
0.1743217769285075,5.970193523051336,0.007274841988426317,-32.77884008963142
0.8690565411682348,0.08242312674686048,0.3870200651555508,-37.05407243659528
1.927176015840769,3.837013598706392,0.02506636998171963,-85.15490666056112
1,0,1,0
1.028145822447522e-15,10.78040870608515,0.0005129001451926185,-73.60820049979016
1.134883919933761,0.09185361456255237,0.380916881612767,-72.98061596291926
2.287852447174094e-16,12.08556285522454,0.0002540687952252707,-35.9838102916283
3.17603086687411e-16,7.81541404170677,0.002590123921426046,-12.45559759094466
3.17603086687411e-16,11.5826568033919,0.0003328488177634648,-19.54158750384858
1,0,1,0
2.287852447174094e-16,9.202112347907736,0.001208680094272496,-17.23281369080856
1,0,1,0
1,0,1,0
9.682324783204268e-17,10.34057815343138,0.0006506862189822327,-51.21317379747892
3.17603086687411e-16,10.58890557924183,0.0005688415194108898,-30.24644266794035
9.555848176237971e-17,11.58888796173492,0.000331735374571096,-12.61954717515718
1,0,1,0
0.8409907700989182,0.1269206302778798,0.3608232238963073,-55.27120699885221
1.494623274144261,1.273554947414937,0.1295504160820515,-86.61679645430763
0.4197910772060305,2.052929130542921,0.07595683780664619,-23.3237605974617
9.555848176237971e-17,12.08505710699844,0.000254137722931147,-12.05386728679081
0.1887765714474761,5.251198852820266,0.0109658278237329,-46.91687115843707
2.477122658412083,8.050748171535304,0.002274243304727419,-104.9673699611327
3.17603086687411e-16,7.815287417257451,0.002590305406768634,-31.16507833874766
1.217201260078867,0.1445713771343691,0.3518890421895393,-37.36181064997415
1.366612652502004,0.7030350832666272,0.2008828688922071,-61.82243036935913
0.1981126574746379,4.848844512226023,0.0138323293412575,-32.76952640206893
9.555848176237971e-17,6.849709008832875,0.004432785556061136,-12.82966820381908
0.1653879596143864,6.484119926293673,0.005442120684737484,-39.67686992161872
0.4341933061862135,1.871311421461968,0.08566247820477535,-62.72253144919329
0.9635151206179435,0.006979149493815839,0.4667105681128081,-40.18897229250974
0.8637021111725123,0.1125402368594735,0.3686352205446964,-58.92951032800374
0.8526137720321298,0.1337613791429391,0.3572817760601419,-49.72181430201459
0.7562058712860669,0.3427725934262185,0.2791165919272638,-44.91234881681596
0.1734095344807856,6.019905226953711,0.007072703158057414,-161.7921706816814
1,0,1,0
6.728744545674702e-16,6.571330089320945,0.005181723587568632,-20.54370907019201
3.17603086687411e-16,11.58936954637529,0.0003316494771805623,-19.60618206137097
1.028145822447522e-15,7.755909503569136,0.002676853721428618,-24.08644085887749
3.17603086687411e-16,11.46912849154388,0.0003538092829283301,-18.46905555820803
9.682324783204268e-17,12.08376320776685,0.0002543141525440107,-37.27618628628961
3.17603086687411e-16,11.46903764952842,0.0003538265780148042,-31.79720135721682
9.555848176237971e-17,7.815382967568343,0.002590168457443698,-11.762270631815
1.028145822447522e-15,10.38537715543927,0.0006350861970861876,-120.3505781327339
4.730343101349462e-16,6.849600270115637,0.004433055358786187,-31.36341378471413
3.17603086687411e-16,11.39926143592892,0.0003673665539500326,-11.98820275980468
3.17603086687411e-16,10.34057775043642,0.0006506863610446501,-27.74432713956716
1,0,1,0
9.682324783204268e-17,5.155113042397019,0.0115890134053489,-22.35651485339446
3.17603086687411e-16,9.530317159475224,0.001010525954000141,-12.6104843718795
5.840566125974614e-16,12.08540114555971,0.0002540908323528934,-13.78072423300823
0.3873671868722064,1.264886766037449,0.1303640577127974,-44.97275950548936
0.4968564409421892,1.875591217092648,0.08541804097570344,-71.61560567771784
3.17603086687411e-16,8.9487928146225,0.001388265034856839,-12.34297199509429
2.287852447174094e-16,11.73696800589895,0.0003063537996186305,-20.90116727419361
3.17603086687411e-16,10.77235780004249,0.0005151359134125122,-10.8705173625526
3.17603086687411e-16,10.3405786795773,0.0006506860335070419,-14.0232126606577
2.731941657024047e-16,8.948803141801321,0.001388257186610509,-12.83683581982579
9.682324783204268e-17,7.815380311875323,0.002590172263667201,-18.7856955979063
1,0,1,0
0.3851399337486286,2.565174242350807,0.05462026039478901,-20.95558219635755
9.555848176237971e-17,11.58262160112421,0.0003328551187536388,-12.00105065694046
2.804502661847769e-15,5.158079893068887,0.01156923216368472,-41.86711471180107
3.17603086687411e-16,9.202177977092894,0.001208636761935777,-13.02473864667321
3.17603086687411e-16,10.77274033783188,0.0005150294584611026,-11.9709284885319
3.17603086687411e-16,12.08282964040315,0.0002544415258851074,-27.36441704468014
2.449231293967717e-15,6.26411932301761,0.006160369877778904,-33.01161009350962
0.3868735859060904,2.538349456264456,0.05555544108044314,-56.14963997776461
0.3963819490501636,2.384703548945396,0.06126406711219845,-33.67852874995577
1,0,1,0
0.7559960580986638,0.343482384745414,0.2789129937509032,-52.43691265360137
1,0,1,0
0.6531260264037855,0.6292685280290016,0.213811874819111,-54.9740614563931
1,0,1,0
0.2520943074008779,3.429614129505403,0.03201853084660194,-24.98185393253834
3.17603086687411e-16,11.46912831755836,0.0003538093160520006,-25.69289116623603
5.840566125974614e-16,12.0818658158818,0.0002545730949862768,-18.36968101699381
3.17603086687411e-16,11.46912849935431,0.0003538092814413529,-18.4690987994723
0.5237317644178796,1.572444268133083,0.104926200792307,-46.8017155558172
0.3417793489727145,3.399119140719719,0.03261562240416843,-53.29160598744343
9.682324783204268e-17,7.574474054260151,0.002960032578376792,-41.08136263445656
6.728744545674702e-16,7.815351903958209,0.002590212979152073,-18.54642742090715
5.840566125974614e-16,8.948714890123256,0.001388324255838236,-10.26037561389724
5.840566125974614e-16,12.08556357082881,0.0002540686977099416,-18.28127656594324
0.3849698157733826,2.567981638314748,0.05452339218492874,-34.45908718792026
0.5671925146634004,1.173491156262045,0.1393425307343327,-36.76308626665428
0.6988429644555948,0.5796099002601807,0.2232326341237804,-39.63934755078174
0.3308804532304502,3.6587851916997,0.02788714272500431,-24.64778116402318
0.629322007564865,0.7539167161311653,0.1926195007463229,-29.35199060260593
0.5776208649721174,1.092490835150244,0.1479599893306118,-43.89118079444983
0.9945593363186547,0.0001795588271136239,0.4946543508794542,-54.13234778477871
1,0,1,0
5.840566125974614e-16,7.575893918659474,0.002957701804954749,-51.57233531776414
1,0,1,0
0.1933655800571007,5.052746681106903,0.01229346659452141,-29.91123301770302
9.555848176237971e-17,12.08505709989677,0.0002541377238991505,-12.05375307073166
1,0,1,0
1,0,1,0
0.172542136841604,6.068139659536186,0.00688209289339714,-16.12754608067081
0.3651074693833026,1.461275471985395,0.1133636444457588,-18.6996741261557
3.17603086687411e-16,10.34057773767665,0.0006506863655427186,-31.03209090610406
3.17603086687411e-16,7.815352087622351,0.002590212715914419,-25.77803586506526
0.841995255268197,0.1251262126006054,0.3617699303442199,-48.95448631657374
0.2172032142961504,4.147729243171085,0.02084519841155635,-33.45440486134794
1,0,1,0
0.3963937881007803,2.384572085118478,0.06126922126873846,-28.11657204356749