dN/dS,LRT,p-value,Log(L)
1,0,1,0
0.4694855719204822,2.237930201231123,0.06733056411486299,-33.95882314067805
0.1599800771678262,6.830634684109498,0.004480370934138556,-32.51496559077808
0.3129414675121769,4.126312646485587,0.02111062683430548,-40.00765673094715
0.7283055262091613,0.335409492050033,0.2812455058301726,-40.71473070290175
0.3278558504590318,3.731308852031482,0.02670076649652808,-29.06322129131793
0.1406077082148701,8.284973617766859,0.001998724272487207,-14.04044271327531
2.731941657024047e-16,14.20444313295904,8.199142776821322e-05,-12.16815911477714
1.043803979102341,0.01084381775123688,0.4585316422783521,-66.87387052956629
2.509897052099161e-16,11.11315468666134,0.0004285878317860647,-12.96324357431179
0.5469153278348754,1.795969955329198,0.09010023613579704,-48.42172017488491
0.4717631427889858,1.471368277700151,0.1125649672038934,-58.02115619317158
1.117277695675193,0.08278558072785813,0.3867786889565075,-74.80422566320352
2.287852447174094e-16,10.80565253460899,0.0005059532578249315,-29.21501760071362
1.172134904591265,0.2455793461333258,0.3101025708715175,-82.77339277388178
0.6952930647423371,0.5972033140285902,0.2198235411971063,-54.12809850426897
0.5397961287437651,1.412407291497146,0.1173285899889085,-46.43904902730483
0.1422728186076086,8.144297436210948,0.00215983941183856,-40.87126356353048
0.4439508654823578,3.517188618765061,0.03036769468855272,-37.58555736339474
1.051233454284457,0.01714923476941976,0.4479054184315971,-122.5537762595385
3.17603086687411e-16,12.78952607872071,0.0001742827058039964,-24.20578340509956
1.028145822447522e-15,6.044300493861058,0.006975629680387452,-25.55457644727016
0.9105548116204244,0.05617969480599072,0.4063196435686848,-57.8024583059462
6.728744545674702e-16,6.04469547668748,0.006974069294171104,-28.04425499883127
6.728744545674702e-16,8.244540163459192,0.002043738129661576,-18.74043058194211
0.9012770187332538,0.05579797952606214,0.4066325480080136,-48.78601548034381
9.555848176237971e-17,14.04498543265044,8.924456730774466e-05,-22.03236908408674
0.1562974460123834,7.071017297807714,0.003917038126940664,-26.7235162888148
0.4224573581255793,3.024458559047872,0.04100884648944625,-34.41647853997
0.9013334557264601,0.05571991871070736,0.406696676051345,-78.16418674588613
0.2516351969754648,3.183772842186173,0.03718641040100423,-24.10067594557795
3.17603086687411e-16,14.20454274649293,8.198708747469974e-05,-12.86344477979175
1,0,1,0
0.800965248019663,0.2231680381051859,0.3183182811729355,-61.54003779774187
0.7235355995906262,0.5835282361735068,0.2224663393021241,-56.24993075027448
0.4359707898092695,2.777320765154464,0.04780399312158606,-30.97491602147084
1.510382402878172,0.8911788765486364,0.1725790217296113,-59.09264287307511
0.359861191772428,3.021365196938831,0.04108713196611508,-50.51881444536281
0.2431591100589606,3.391943054965076,0.03275785006100995,-29.7619896181194
1.198721469715085,0.2163570968239128,0.3209148788717071,-61.47295695026212
0.9585825216014103,0.01267124496115457,0.4551870732933815,-89.24859492230794
0.4688156376632697,2.247586412368491,0.06691149287446646,-43.56354641727972
0.7243306971791332,0.3477478340224849,0.2776954018512811,-42.76296513074805
0.7804051527573405,0.3335189118137691,0.2817971676538024,-71.84605145150532
0.9706624315151295,0.00357392831733705,0.4761644950585198,-78.96877623364865
1.261810572512227,0.3497717291838285,0.2771211885595275,-65.0603501262183
0.2852518566139852,4.995556413670108,0.01270624087636374,-28.93907092468201
0.8696908934785409,0.1019151817205142,0.374771667255922,-55.31901407685227
0.1849721434864759,5.42930851057119,0.009900759207887133,-26.47934371271168
3.17603086687411e-16,12.78942866042248,0.0001742917818040035,-17.16187887225075
3.17603086687411e-16,8.24459926566475,0.002043671584850804,-12.44785016761597
3.17603086687411e-16,13.85658176662315,9.86522359432418e-05,-18.54701646600802
0.6379977839888438,0.9419394026463266,0.1658897877908531,-45.72343941580699
0.9008953894481306,0.05626064751147908,0.4062534284243159,-53.10589576697445
0.8700079509837045,0.1013707697930499,0.3750954084329755,-65.97194684991953
0.4270267943088739,1.959362225816321,0.08079077187881795,-28.37963061310336
0.2853845982417826,4.990909374007593,0.01274040725426584,-22.45243281568687
0.3128618285401781,4.128552146197805,0.02108270585945965,-41.53367602845911
0.3126704659440612,4.133900763641762,0.02101617886643342,-32.70198206412311
9.555848176237971e-17,11.51924940122479,0.0003443959800603635,-17.92694528229662
1,0,1,0
0.6367118302184505,0.951111558776077,0.1647182604822832,-42.11842921592153
3.17603086687411e-16,12.78957737918104,0.000174277926575428,-25.8978198182868
0.484936366723578,1.350885837417707,0.1225616566385058,-53.22922436277484
9.682324783204268e-17,11.51924931614563,0.0003443959958225884,-20.67296970268671
9.682324783204268e-17,9.367507583737307,0.001104328185412617,-30.10302311500784
0.3182557637900254,3.982321110455132,0.02299008061193192,-48.67147711378158
3.17603086687411e-16,12.789674320528,0.0001742688957336869,-12.91810804335979
0.3598311848591431,3.018230007381121,0.04116664060652719,-49.80063198379716
1.012219370743333,0.001025588372385755,0.4872261332803071,-58.92208641842105
3.17603086687411e-16,12.78967433334284,0.000174268894539864,-12.91854073175031
0.5208932284765846,1.602042896269339,0.1028069713691926,-38.28133788754999
0.1562592099300922,7.073549839285306,0.003911505517939284,-47.92106420708471
0.8497100170596341,0.1118987125949502,0.3689963736646732,-39.47518264236953
0.2997047443486994,4.519704728784689,0.01675330681317538,-32.94452571613075
0.7515277284481197,0.4488574180792568,0.2514390241498404,-52.09552372885772
0.9983344965740132,1.940895162988454e-05,0.498242441862479,-61.88062436580106
0.4851067966851171,1.34955372574133,0.1226780751399953,-56.20940030221018
1.511834462533672,0.89508751847616,0.172051176118958,-58.2459388680909
0.795753918244946,0.2814335592415773,0.2978815735623717,-86.86818793064955
1.278547329324623,0.4445986000407629,0.2524556086689692,-120.2947181706488
1.529732403723881,1.100741428225263,0.1470517247187202,-100.1650357028735
1.274878152716014,0.4346608856258172,0.2548553701472088,-120.6201377074883
0.3279678168377221,3.728464929892986,0.02674626691152926,-31.28839659047366
0.3305206860190463,1.83443497808436,0.0878023024972564,-42.54708919031883
1.202354289413526,0.2551296513579473,0.3067430349066241,-118.5217323354043
5.840566125974614e-16,14.63362586719709,6.528201589145466e-05,-27.72182342842362
0.156131097651022,7.082591960202521,0.00389181714371184,-21.79242845592684
0.2187610875862593,4.097836318884774,0.02146906482938243,-50.18444269333858
0.2186330553120178,4.102128839538068,0.02141462688823925,-35.76875865644836
5.840566125974614e-16,11.72021122817787,0.0003091246834761585,-33.12148387642387
5.840566125974614e-16,10.80569746717926,0.0005059409779803459,-22.99319166650865
0.1599672843355818,6.831476848568713,0.004478258962138493,-38.76680303616632
0.31830885533176,3.980900832042707,0.0230094728673384,-40.77835013910671
0.7223633614691721,0.5897257882577662,0.2212625871662149,-45.23969168289501
1,0,1,0
1,0,1,0
0.1497991853124252,7.544134755199764,0.003010286283299746,-69.39056396979475
0.9886677944115061,0.0009097831983240212,0.4879686828936822,-62.61806387111586
3.17603086687411e-16,9.367507583806098,0.001104328185371151,-11.51316104831857
2.287852447174094e-16,13.85633700921095,9.86650857874305e-05,-43.90350156726929
9.555848176237971e-17,12.19217149176537,0.0002399524328967062,-11.98883311209651
3.17603086687411e-16,14.61213016898786,6.603087477630165e-05,-13.2300742413489
5.840566125974614e-16,12.78955530188733,0.0001742799833133746,-17.65975011589746
0.2885334743323782,4.881706315438947,0.013571387257589,-38.91555295036594
0.8596275168156262,0.1439737501013667,0.3521810471959617,-56.01571395978111
3.17603086687411e-16,13.02822374575975,0.0001534157176221185,-12.2961412039103
0.1797714878067425,5.68287730619879,0.008565625737705695,-53.22219589688048
9.682324783204268e-17,14.63393914667439,6.527116542964784e-05,-33.85991417882251
9.555848176237971e-17,9.140357595268913,0.001250161150499141,-14.43020233576358
0.3278927849634893,3.730218394593976,0.02671820322096913,-74.89902863151453
3.17603086687411e-16,14.6320608711343,6.533624686555495e-05,-20.80970900575853
0.2736317987294271,5.424368494437815,0.009928807869499734,-23.08062674118712
0.1590581918695443,6.887083088573284,0.004341041439646476,-23.59708015469454
0.6381636465900699,0.7058753100920327,0.200408259569429,-31.78345577465208
0.3182762475672209,3.981775946051599,0.02299752216250917,-37.81739511061491
0.1407544967637519,8.272265994225307,0.002012761680741659,-15.36041725696126
2.804502661847769e-15,13.61175358663729,0.0001123869179362469,-67.56983160267774
3.17603086687411e-16,14.01450663409817,9.070283492590425e-05,-10.91368288048043
3.17603086687411e-16,12.49758263474841,0.0002037394660552305,-13.45534207742551
1,0,1,0
0.2813782108347757,5.132726327051174,0.01173941027475667,-22.24476142537136
9.682324783204268e-17,7.944788047866574,0.002411303301885603,-28.52753579320008
9.682324783204268e-17,10.80564418828173,0.0005059555388671755,-35.3093603830297
5.840566125974614e-16,9.142267184389816,0.001248857068250675,-18.37619604734313
0.9614166642312867,0.009399837588034643,0.4613819550228883,-86.64115984752209
0.9151880438055111,0.02423861766573054,0.4381396499644991,-59.03177293396778
0.2852547865368162,4.995392993163918,0.01270744077536146,-41.82244829083131
1,0,1,0
3.17603086687411e-16,13.03137516653609,0.0001531577693347219,-23.50838521189437
0.1735513824696267,6.011753393019077,0.007105449842143452,-57.64157921271809
5.840566125974614e-16,9.409903907573863,0.00107908268413448,-31.66515942298059
9.682324783204268e-17,9.409963229745642,0.001079047773099695,-32.35875883648647
1.028145822447522e-15,6.583829061082326,0.005145464320990112,-32.70917455209514
9.555848176237971e-17,11.51924940122232,0.0003443959800608076,-28.50733855139626
3.17603086687411e-16,8.244510979202296,0.002043770989838267,-26.02153699114791
2.287852447174094e-16,14.63190118040477,6.534178309269834e-05,-46.68919818210583
0.149823850648116,7.542270190383732,0.003013402976749902,-67.44979586483099
6.728744545674702e-16,6.575949248966054,0.005168293077383146,-54.02198599836899
0.3220211984718455,1.942246338259906,0.08171241886230424,-74.75536073977374
0.3125075064697365,4.1385219166919,0.02095887784789136,-27.40186253853251
3.17603086687411e-16,14.61201157393295,6.603503024382729e-05,-25.21082926935174
0.1638438379410498,6.576316586215661,0.005167226553389137,-21.41128446766204
2.731941657024047e-16,13.76791047770222,0.0001034196303120183,-12.36674411138871
5.840566125974614e-16,9.142267216065527,0.001248857046630358,-19.29363135610457
3.17603086687411e-16,12.78963660865499,0.0001742724088323877,-12.32190499629727
0.4271424762168338,2.936925395862716,0.04328769123331888,-40.94571009985398
9.555848176237971e-17,11.51924940116506,0.0003443959800714103,-15.32516116164646
0.179863881519853,5.678775885406679,0.008585671977485165,-57.51678983508149
0.4923678500272254,1.929994408034091,0.08237952837628043,-41.882978432669
0.1367737517512693,8.63022461489588,0.001653154022642878,-32.6127959607917
3.17603086687411e-16,13.61236766392981,0.0001123501626537626,-28.84958642688037
0.144204145054042,7.982809398875141,0.002361180072034064,-21.77511533755725
0.3207087751195666,3.91984694259952,0.02385961229289063,-32.56665071648865
0.6406771704505756,0.6921013213420082,0.2027252809224639,-37.98398769333581
1.028145822447522e-15,7.561807479712172,0.002980908455018805,-34.32359058910833
5.840566125974614e-16,11.51924940121719,0.0003443959800617513,-60.83363481259006
2.449231293967717e-15,6.203766481683942,0.006373937747692404,-40.28669347660762
1,0,1,0
9.555848176237971e-17,13.85667094268343,9.86475545899923e-05,-13.10993055339094
3.17603086687411e-16,10.80574749425903,0.0005059273061867042,-25.60337904462031
5.840566125974614e-16,12.49758443113086,0.0002037392701481622,-45.41625247333709
1.08144160628583,0.03574131609950371,0.4250253493917527,-49.45135532616438
9.555848176237971e-17,14.6337828967138,6.527657693361499e-05,-31.20192443960854
0.1425755889967764,8.118496112381727,0.002190794567871968,-23.5770941820646
0.3182558668385941,3.982315120258505,0.02299016236494766,-72.99767644774818
5.840566125974614e-16,12.49758443009721,0.0002037392702609053,-46.97408074896757
5.840566125974614e-16,9.14226720223499,0.001248857056070418,-37.92650032686822
0.1600031155800715,6.829122791437428,0.004484165003146967,-39.53050298679931
0.2134679275271936,4.273114898320053,0.01935994515800438,-29.97596855494277
2.287852447174094e-16,12.78883479704218,0.0001743471195440049,-40.22289081324395
0.5045680028584894,1.189404036912286,0.1377249010605346,-20.58378042731462
0.5743616712356046,1.339611237255582,0.1235512694980249,-36.56121122419074
0.2127439575929941,4.300743840095318,0.01904785368662798,-14.90261592366338
0.3788258743540951,3.358035495212476,0.03343890234125557,-42.00665480367277
0.5431077663243359,0.9366433132084495,0.1665712966711291,-40.66155641185106
0.4797629443911867,2.095694352934473,0.07385729496840215,-57.60065510578035
3.17603086687411e-16,13.34170522185595,0.0001297841043715331,-21.17558859831588
1,0,1,0
5.840566125974614e-16,7.944994832162568,0.002411027788702447,-14.13611077961228
0.1498392628721881,7.541104020206333,0.003015353949516131,-34.38620816374406
0.144198969839069,7.9832536881561,0.002360600685082759,-15.29089098790276
3.17603086687411e-16,13.34170522191577,0.0001297841043674253,-18.63559749297242
9.682324783204268e-17,10.80564203805395,0.000505956126523821,-42.78886242215631
0.1452404062847269,7.9027223247137,0.002468022716030471,-22.86921833775022
3.17603086687411e-16,14.61167677898688,6.604676258814557e-05,-21.6390175788286
5.840566125974614e-16,14.63393929987016,6.527116012416956e-05,-26.32508218400084
0.5401216768149294,1.409725146768551,0.1175510129267337,-33.4826586097909
0.1562312770785433,7.075651184769484,0.003906920968976213,-21.79227072165493
1,0,1,0
2.804502661847769e-15,6.205234783769868,0.006368652663755803,-68.77842365189474
2.509897052099161e-16,11.5192493161429,0.000344395995823088,-11.90146891479558
1,0,1,0
9.555848176237971e-17,14.04435968101858,8.92742678486047e-05,-18.90338357403746
1,0,1,0
5.840566125974614e-16,9.141774760784692,0.001249193218313904,-30.70535829791272
9.555848176237971e-17,14.63393611555869,6.527127040395486e-05,-31.95825050210106
0.1599800758780435,6.830634782813611,0.004480370686549551,-23.50738313904941
0.6862781496516269,0.8047815274832573,0.1848338027547733,-48.23875644465681
0.4692751602050613,2.24093830138321,0.06719970127623781,-48.76357365636979
0.1366166651700292,8.64493820922921,0.001639856306913212,-50.24484467051908
9.555848176237971e-17,13.34170515137244,0.000129784109249631,-20.69896412480834
0.1590421814409896,6.888148184968216,0.004338455562976906,-17.29823548576508
3.17603086687411e-16,13.34170522191577,0.0001297841043674253,-12.26035860492725
3.17603086687411e-16,12.56433239961944,0.0001965895887618974,-14.53062396536268
0.3321832435820355,1.814363087822734,0.08899286081719882,-29.90289414194415
0.1638729199852755,6.57428118959578,0.005173138947604294,-57.02548542069535
9.555848176237971e-17,9.367507584306246,0.001104328185069836,-12.43510837104649
3.17603086687411e-16,12.78946653996154,0.0001742882526906686,-16.68282689462324
0.1365491611523841,8.651182033823929,0.001634246224471447,-36.41250482376932
0.1407001947415085,8.276955869233042,0.002007569393126629,-13.68657080425416
1,0,1,0
0.1735277604069635,6.013048929601617,0.007100235140530209,-26.29762778761022
3.17603086687411e-16,14.61201138886791,6.603503672852895e-05,-24.91984278578218
0.3471901806313956,3.283487531341322,0.0349900385466026,-33.0279396829621
0.1798028369740835,5.681907904074009,0.008570359457523768,-21.29321738628068
0.1638664768870624,6.574953261607305,0.005171185954746693,-21.43740147005541
9.555848176237971e-17,13.85654442739148,9.865419615617821e-05,-25.39759289132341
1,0,1,0
0.923003562269489,0.03945503657944016,0.421274950459004,-60.14232844974676
0.1562590102823559,7.073774790867859,0.003911014473602925,-24.92415094130102
0.4690590554814019,2.244026646551106,0.06706564331825376,-52.77507731502104
0.5638472312618994,1.599796018770377,0.102966060151833,-56.52718274817027
3.17603086687411e-16,6.585060975855832,0.005141904672728848,-20.66685800924874
9.555848176237971e-17,13.02867349209954,0.0001533788784650048,-24.66938409890163
9.555848176237971e-17,11.51924931611362,0.0003443959958285281,-13.00021095500518
1,0,1,0
5.840566125974614e-16,14.01453759525774,9.070134146682562e-05,-38.59090627783932
5.840566125974614e-16,9.141313656854777,0.001249508071440308,-30.5011182430582
3.17603086687411e-16,14.01435937467793,9.070993854937148e-05,-16.39941050855442
9.555848176237971e-17,10.80577914437714,0.0005059186567866192,-12.72280084922958
0.7506076275512454,0.452905741056199,0.2504791422924072,-57.87600038533689
2.287852447174094e-16,10.80575807080331,0.0005059244157933906,-18.81688877743705
0.7966183016532746,0.2786091975746388,0.2988071250620992,-64.40606960173541
0.1562258093891817,7.076061610402839,0.003906026176448196,-17.61550935198548
3.17603086687411e-16,14.63393851020595,6.527118747196026e-05,-20.7731969333066
0.2187156703394262,4.099316714537238,0.02145027396398891,-35.51000340630513
5.840566125974614e-16,10.80573958711876,0.0005059294670873293,-31.54185204766958
9.682324783204268e-17,9.409777481512002,0.001079157089559191,-30.02067822268563
2.287852447174094e-16,11.51924940118499,0.0003443959800677465,-47.35784835373146
1.255236193994482,0.3826840241058278,0.2680851405137246,-79.38536646638252
0.2212289278196175,8.034197303106048,0.002295117363275589,-26.72007195168211
9.682324783204268e-17,11.5192494012248,0.0003443959800603635,-20.47356713427812
1,0,1,0
9.555848176237971e-17,14.04655136060757,8.917028604893407e-05,-12.32283853351102
9.555848176237971e-17,12.49758263584524,0.000203739465935604,-14.82736209580188
1.157164191748712,0.1619982140216081,0.3436617168480531,-59.17912810327484
1.111604336288256,0.08608626269014508,0.3846064527058461,-75.18024132877302
0.2846767122120744,5.015928774525051,0.01255757652754763,-30.49910224073249
6.728744545674702e-16,8.244646461869387,0.002043618446919748,-19.84284671157008
0.149874948423135,7.538407963275361,0.003019869319228596,-49.96569084974848
5.840566125974614e-16,7.944181540491588,0.002412111579099041,-13.21048953601593
1,0,1,0
3.17603086687411e-16,12.19220297207104,0.0002399483836114102,-26.18589071713366
9.555848176237971e-17,11.11313643573178,0.0004285920493110051,-12.17163414330161
3.17603086687411e-16,9.410081921379039,0.001078977926638969,-13.43273243380041
1.23181712203822,0.3237391623331831,0.2846845814725409,-55.26852938552545
1,0,1,0
0.14257541909054,8.118553502337576,0.002190725215369393,-17.27847967009145
0.4920027499784061,1.93460328830065,0.08212785037424358,-35.88465584875056
9.555848176237971e-17,14.04577028018131,8.9207329542762e-05,-13.01454881438685
9.682324783204268e-17,12.19164216857097,0.000240020529625351,-58.18063498995814
0.1406557950372477,8.279457245640664,0.002004805626854622,-20.6635640962115
0.6371701992402282,0.947844699727213,0.1651342589575639,-54.47652567351582
0.3278789529124835,3.730677733810623,0.02671085678676172,-34.455993012033
9.682324783204268e-17,7.944499260123592,0.002411688127672562,-21.98434415055302
0.4775941017954273,2.124999347382612,0.07245642127000074,-85.6992315890996
0.143150481291429,8.070795738070679,0.002249217884462362,-29.98565357014699
0.7766630475344715,0.4863050027162217,0.2427901021939692,-58.76753419307739
0.9404961361755392,0.02298325899485576,0.4397503075054119,-61.83904894261533
9.555848176237971e-17,13.34170522084247,0.0001297841044416992,-25.70877730444871
0.1600206890704016,6.827976314321432,0.004487044260873485,-48.96013456717758
5.840566125974614e-16,12.78948846512494,0.0001742862100275189,-17.02954838867086
0.213164357558185,4.283600195773261,0.0192408786651409,-35.42855166085067
2.051299344608952,5.753242443410926,0.008229126083214744,-102.6145208275323
5.840566125974614e-16,9.367507584096963,0.001104328185195957,-11.83857782986667
9.555848176237971e-17,14.01462655703878,9.069705039649323e-05,-19.41447973352938
4.676412907705265e-16,14.01453612987897,9.070141215106187e-05,-18.60103803817864
3.17603086687411e-16,10.80579256080527,0.0005059149903665627,-13.31921715444295
9.682324783204268e-17,9.142267234635511,0.001248857033955386,-19.58070504825333
3.17603086687411e-16,10.80577920635112,0.000505918639850389,-12.72489732643243
5.840566125974614e-16,9.36750758408818,0.001104328185201231,-25.41415819594375
1,0,1,0
1,0,1,0
9.682324783204268e-17,9.141949776615036,0.001249073734274242,-22.17668684845465
0.5774181774491896,1.457897660564001,0.1136324607094057,-43.22989375745212
0.7145859495614205,0.6320682174600165,0.213298845813288,-48.74933915092009
0.1798135433911328,5.681411829304579,0.008572782900645726,-21.39487205905618
0.1736635361298149,6.005629744495309,0.007130151711144783,-29.77012888797162
2.287852447174094e-16,10.80573696304288,0.0005059301842091912,-17.71654254321131
2.804502661847769e-15,12.56433239929498,0.0001965895887959812,-100.6111610740721
5.840566125974614e-16,10.80571873136078,0.0005059351666920064,-30.45185161031396
9.682324783204268e-17,13.61342525080111,0.000112286889723312,-44.28875479202598
5.840566125974614e-16,14.61206305819635,6.603322624770813e-05,-19.42463708212696
9.682324783204268e-17,12.78961503591952,0.0001742744185008194,-25.99752767664658
1,0,1,0
0.145176737901326,7.907965103007086,0.002460880092343243,-21.62387447576072
5.840566125974614e-16,14.6331568134076,6.529826500495384e-05,-22.86220771804532
0.2355079044433392,3.59549248973957,0.02896822979288427,-62.10248870592319
4.730343101349462e-16,12.78934020603376,0.0001743000230919889,-28.8549179431785
1.028145822447522e-15,7.582257211370802,0.002947279140749937,-37.61429061139803
9.555848176237971e-17,12.49758344607761,0.0002037393775745633,-26.95960309735374
1,0,1,0
5.840566125974614e-16,12.56433239984553,0.0001965895887380831,-47.77669692145825
5.840566125974614e-16,9.142267202214505,0.001248857056084407,-18.94741793499578
5.840566125974614e-16,9.410022485209701,0.001079012902465981,-12.33226756779862
1.028145822447522e-15,12.78911063507456,0.0001743214140326743,-66.29064078351298
1.212348001466047,0.1735966086790484,0.33846748518654,-74.90174352425063
0.1561949202457603,7.078155153092489,0.0039014651831355,-28.58811865354205
3.17603086687411e-16,6.206450606718583,0.006364279775139259,-23.54298595651239
0.1426630541155351,8.11113032944948,0.002199714277931197,-28.56169141112854
5.840566125974614e-16,9.36750758318064,0.001104328185748016,-16.83270372943381
1.681930489223319,1.59866131695884,0.1030465124514304,-78.92421512102312
9.555848176237971e-17,14.20618401995782,8.191560832243594e-05,-12.86241549168382
5.840566125974614e-16,14.04905543247932,8.905163244504744e-05,-38.85325153602702
1,0,1,0
1,0,1,0
2.804502661847769e-15,10.80562395654337,0.0005059610682227045,-104.0223843710437
2.731941657024047e-16,13.8565146847454,9.86557575960445e-05,-17.50818367767548
3.17603086687411e-16,14.63002169506869,6.540697740203827e-05,-24.49291541959361
0.3597650043012675,3.023262774132633,0.04103908979552623,-39.15802215572896
0.2124744462804115,4.30992326537379,0.0189453353675274,-30.45708156680137
4.730343101349462e-16,14.04530328469209,8.922948465867053e-05,-24.90945180625486
3.17603086687411e-16,14.61207082844442,6.603295398438513e-05,-19.07513076087604
5.840566125974614e-16,12.78951810136109,0.0001742834489987799,-24.5113143951837
1,0,1,0
5.840566125974614e-16,13.78962355657124,0.0001022311895579886,-35.97633069943012
0.3201793842351852,3.93385952007462,0.02366160921974747,-37.50920920808248
0.3128940692677562,4.127670186197356,0.02109369706483538,-30.85125545514241
9.682324783204268e-17,14.61179760756561,6.604252810510358e-05,-50.11353746899379
0.3278823295304553,3.730613374357958,0.02671188598972668,-43.66392986451478
1.042051524211342,0.01001574629071911,0.4601409224912666,-77.01846720203332
5.840566125974614e-16,14.633939218808,6.527116293153501e-05,-16.62833016903652
0.144207351726118,7.982545567131893,0.002361524197201037,-21.17983732665792
9.555848176237971e-17,10.80574745773942,0.0005059273161669431,-11.33515064873942
0.4099325359626804,3.279486282360665,0.03507544183976452,-48.86853319880356
1,0,1,0
0.3183204002877607,3.980583934262775,0.02301380209082365,-31.99095803212066
1.416968824597013,0.6494936966670366,0.2101468772040813,-80.86521674932818
0.6556772261259946,0.6173203231423088,0.2160224085723703,-42.56399419109862
0.1562147217069542,7.076774006738688,0.003904473537723108,-19.59287495477966
9.555848176237971e-17,14.04451606337761,8.926684441690202e-05,-18.2100452466612
0.1499678980908068,7.531400876166352,0.003031637119805697,-16.59219853989159
4.730343101349462e-16,12.78939908834389,0.0001742945369883619,-17.03034145105942
9.555848176237971e-17,14.04389050414423,8.929654328948544e-05,-13.01024875653625
0.3181711041821215,3.984605500269772,0.02295892603568506,-30.34747323150405
5.840566125974614e-16,12.19214209371594,0.000239956214405479,-18.98052985541401
9.555848176237971e-17,14.04467251940328,8.925941811049887e-05,-28.08294067894092
5.840566125974614e-16,9.410044200193333,0.001079000123926532,-12.83641247788071
5.840566125974614e-16,7.948939180204803,0.002405778593459307,-38.00487206610041
1,0,1,0
0.1638615675511571,6.575233198831175,0.005170372700367687,-14.41927867519659
4.730343101349462e-16,9.367507584268175,0.001104328185092762,-24.8203419386612
0.2736032664035377,5.425560588281854,0.009922031829040057,-51.29212861860309
0.4690460103926656,2.244276915465846,0.0670547928245237,-32.17544343458911
3.17603086687411e-16,14.63393927562839,6.527116096372021e-05,-17.64814474063781
0.1590654543398405,6.886596178754274,0.004342224100968461,-15.82856933624307
1,0,1,0
1,0,1,0
9.555848176237971e-17,14.63346632803455,6.528754224199851e-05,-20.12495863122559
3.17603086687411e-16,13.02880236677885,0.0001533683238596484,-23.97250642014148
0.1734891727638438,6.015166068585302,0.007091721858435263,-28.21856560862673
1,0,1,0
0.1442495295343103,7.979017974564073,0.002366130273229294,-33.46313624139037
1.080983340393133,0.03536078741917947,0.425420828018918,-50.24549157005016
1.594144950785681,2.053265920488144,0.07594004164924345,-94.46541877806055
3.17603086687411e-16,7.94504323428189,0.002410963303804803,-12.11309880384104
6.728744545674702e-16,13.03652021468199,0.0001527375791660068,-74.08085207291894
0.9445626084796939,0.01983451479759424,0.4440001216701671,-78.90162470777906
5.840566125974614e-16,14.6339374637447,6.527122371324801e-05,-53.15954314194568
5.840566125974614e-16,9.41004418552976,0.001079000132555463,-12.83591722905997
6.771941737530898e-17,14.01450819845175,9.070275946632123e-05,-31.09568337891753
1,0,1,0
0.1798154042525511,5.681254454105847,0.008573551863599094,-27.01549803469824
1,0,1,0
9.555848176237971e-17,14.61209244682694,6.603219649942149e-05,-12.6335744537865
9.682324783204268e-17,12.49758305422176,0.0002037394203089349,-51.72559720922899
2.287852447174094e-16,12.78946657158028,0.0001742882497448583,-37.28226128689769
9.555848176237971e-17,14.04389047293523,8.929654477141113e-05,-13.01044842435448
1,0,1,0
1.044258059488622,0.01106336618306614,0.4581154834804761,-71.54150236135963
1.234286434910612,0.3711131199969486,0.2711990733853386,-95.64753234954648
0.3472277091221762,3.282676736893237,0.03500732626743497,-24.11840082139204
9.555848176237971e-17,14.61210050658815,6.603191409626508e-05,-12.53628432471359
0.1562565351611736,7.073727825233505,0.003911116989163133,-54.31302763024907
2.206330776604724,6.821109472299213,0.004504329284279907,-114.2020404698787
5.840566125974614e-16,9.409814737085981,0.001079135163026601,-36.81615841447444
1.259052378830318,0.245474136435476,0.3101400311491782,-46.5949886073286
1.413765846247071,1.068095232464486,0.150688042188322,-77.25568882917605
0.1638675096436723,6.574724187580557,0.00517185154243438,-44.52610848093832
9.555848176237971e-17,8.244628391056192,0.00204363879257663,-13.13811820881527
0.1367642996664314,8.631072580147134,0.001652384688720698,-33.47732860407449
0.359398153985567,3.028990917900558,0.04089443407418042,-72.74640617249476
0.952537298306675,0.01438607187523644,0.4522645656851247,-48.48815374905813
0.855333224688505,0.1540621668440849,0.347341621664419,-67.00299267943436
0.846054256378358,0.1768666807309529,0.337039954731661,-56.87864954939186
0.7844035945730533,0.3193515792945902,0.2859987914316481,-61.17092690745694
0.1425788663027739,8.117390011286773,0.002192131665015418,-161.5600326566758
1,0,1,0
5.840566125974614e-16,7.947225415379954,0.002408057864604685,-20.98331488448459
9.555848176237971e-17,14.04451593258189,8.926685062549122e-05,-26.99419348717357
6.728744545674702e-16,9.367507584059069,0.001104328185218773,-24.47605518632465
3.17603086687411e-16,13.85649290576845,9.865690097227153e-05,-24.10784623836706
2.287852447174094e-16,14.63155028554417,6.535394972628783e-05,-49.36006067196736
5.840566125974614e-16,13.85645581743319,9.865884810633663e-05,-45.7647706403348
5.840566125974614e-16,9.41001455677366,0.001079017568122842,-12.142591764745
2.449231293967717e-15,12.5643324416933,0.0001965895843358823,-115.4662844070733
2.287852447174094e-16,8.244646199860085,0.002043618741910613,-26.64019330113037
2.731941657024047e-16,13.76791060133219,0.000103419623505796,-12.36829654458362
9.682324783204268e-17,12.49758264879677,0.0002037394645231783,-36.06279586170073
1,0,1,0
5.840566125974614e-16,6.203340553897128,0.006375471697848023,-28.37426898592157
9.555848176237971e-17,11.51924931611362,0.0003443959958285281,-13.00037671545945
2.731941657024047e-16,14.63346652609003,6.528753538115328e-05,-14.4235221285319
0.3219408157048389,1.943326565643531,0.0816538978248697,-52.71880775986478
0.6851681567401827,0.8121396691601319,0.1837442060699429,-95.66385656920092
3.17603086687411e-16,10.80577914662819,0.0005059186561714446,-12.72301468573678
0.1407084414531364,8.272837050157634,0.002012128719320772,-39.39949809983793
3.17603086687411e-16,13.02816522998413,0.0001534205113616349,-11.19650445391656
9.555848176237971e-17,12.49758443194565,0.0002037392700593443,-14.48614731347886
3.17603086687411e-16,10.80579254517902,0.0005059149946368691,-13.31836911198672
2.731941657024047e-16,9.40993302822384,0.001079065546519931,-24.71303580534138
1,0,1,0
0.3182865111648059,3.981502055164839,0.02300126175938683,-21.80473813310245
3.17603086687411e-16,14.01435912116283,9.070995077908872e-05,-17.21282716575666
9.682324783204268e-17,6.206611947987923,0.006363699719140137,-42.78278303251997
3.17603086687411e-16,11.1131680868148,0.000428584735231774,-13.5597441476018
3.17603086687411e-16,13.02853659136562,0.0001533900911920294,-12.29707056803935
3.17603086687411e-16,14.63127388715769,6.536353493752367e-05,-28.03701590521731
2.804502661847769e-15,7.679099389540568,0.00279320206078143,-35.84243344104683
0.3200615896545061,3.936983036512899,0.02361770942862884,-57.16249015657964
0.3278619561854509,3.730950171555619,0.02670650056886259,-45.47460265451922
5.114956077737342e-17,14.01465596596396,9.069563190233776e-05,-13.01972879557659
1.096782471249977,0.05776230048712705,0.4050341625563,-88.789613044381
1,0,1,0
0.722184639568545,0.472521517469076,0.2459147170452058,-62.81336898458898
1,0,1,0
0.2028388984405258,4.968920680345313,0.01290337327263114,-31.81094507113488
5.840566125974614e-16,13.85652256615772,9.865534383246555e-05,-38.57216545910178
9.555848176237971e-17,14.63033503530479,6.539610392203299e-05,-19.01694987266599
9.555848176237971e-17,13.85661164658061,9.865066735120775e-05,-18.95594335266118
0.2886584186338006,4.877614711559346,0.01360359602807287,-38.62646817121999
0.56496507189624,1.586404374606644,0.1039203007770551,-76.14185147325992
9.682324783204268e-17,9.140044068203096,0.001250375394094172,-41.68833291950882
9.555848176237971e-17,9.409925669919183,0.001079069876884442,-25.02481640789444
2.731941657024047e-16,10.80570496786632,0.0005059389281098503,-10.64233716364378
9.555848176237971e-17,14.63393929259045,6.527116037630121e-05,-18.74838622591242
0.3182040300401977,3.983706058651904,0.02297118733416431,-47.14744923071728
0.4694088479089146,2.239037397211774,0.06728236411624605,-44.42433377103614
0.5781338600343709,1.45068159819111,0.1142093079348573,-40.81506308909176
0.4108346922580547,3.260502827682146,0.03548368093649079,-32.23414088015086
0.5205992111786961,1.605158128763527,0.1025868789094282,-30.39460984261631
0.4773767654902117,2.1279865151091,0.07231531518610135,-53.2156263949702
0.9580810279000668,0.01298909784024715,0.45463089715036,-61.21133061329795
1,0,1,0
5.840566125974614e-16,9.141427396219356,0.001249430399916873,-52.12170305044837
1,0,1,0
0.1599800759724236,6.830634778081681,0.004480370698419112,-30.5008634764118
3.17603086687411e-16,14.6121004997515,6.603191433585121e-05,-12.53616902126313
1,0,1,0
3.17603086687411e-16,13.34170522191578,0.0001297841043674253,-12.96101729810673
0.1425753476381855,8.118627286500548,0.002190636054682615,-16.88083691205353
0.3036056866755349,2.201052588718412,0.06895826704166486,-19.65865923792792
3.17603086687411e-16,12.49758263507216,0.0002037394660199254,-31.47474448295316
1.028145822447522e-15,9.409925734143286,0.001079069839088453,-32.25980077804213
1.045224323734246,0.01153749875351195,0.4572307701993419,-69.01161627143303
0.5397960296254158,1.412794365390241,0.1172965330645439,-46.48384855183662
1,0,1,0
0.3278664428546949,3.73101567869081,0.02670545323680218,-35.45969817194466