dN/dS,LRT,p-value,Log(L)
1,0,1,0
1.648438301923377,0.212417296936966,0.3224396565694322,-10.74881863213825
1,0,1,0
1,0,1,0
1,0,1,0
1,0,1,0
1,0,1,0
2.804502661847769e-15,1.368547721863347,0.121030781005894,-11.92440905337561
1,0,1,0
2.804502661847769e-15,1.056866491856081,0.1519654775490313,-10.75228248319765
1.413126133163133,0.1067008812585577,0.3719659294271085,-11.14926802562334
1,0,1,0
1,0,1,0
1,0,1,0
1.156006687408595,0.02000507180383337,0.44376145998612,-11.43129018828178
1.820311989422532,0.2961105582782082,0.2931655443361649,-26.6870711434189
1.028145822447522e-15,1.056866524163528,0.1519654738534992,-10.75493597464015
1,0,1,0
1,0,1,0
1.028145822447522e-15,1.283651497614834,0.1286106017828874,-11.26613247122834
1,0,1,0
1,0,1,0
1.458345312526626,0.1257375837248951,0.361446527260997,-10.54697513819131
1,0,1,0
1,0,1,0
1,0,1,0
1,0,1,0
1.028145822447522e-15,1.215665770185105,0.1351064632913814,-9.383226351078102
1.461933181131826,0.1272816164521018,0.3606336858475236,-10.47115509090752
3.804770969688438,2.389139822148621,0.06109042061742859,-17.16763224291052
1,0,1,0
1,0,1,0
1,0,1,0
2.804502661847769e-15,1.056716851714359,0.1519825955913107,-12.11909194954239
1.515912462047433,0.1510577315217816,0.348763297329178,-17.20923227267123
1,0,1,0
1,0,1,0
1,0,1,0
1,0,1,0
1.795827672900998,0.2842755179552299,0.2969562431395104,-11.76021547814352
1.416246302526782,0.1079900420464952,0.3712220755216831,-14.55723135735144
1.64627883894046,0.21139209879086,0.3228392362879386,-16.18320136984332
1,0,1,0
1,0,1,0
1,0,1,0
1,0,1,0
1,0,1,0
2.804502661847769e-15,1.103894471534488,0.1467065082524506,-12.97757195366299
1,0,1,0
1,0,1,0
1,0,1,0
1.028145822447522e-15,1.321255677041353,0.1251834101406349,-10.67370963266407
1.660612758718216,0.2183323670220894,0.320156759638566,-11.41296186259484
1.893436853964072,0.3323361658858381,0.2821433481456296,-10.95618669511116
1,0,1,0
1,0,1,0
1.492846994723466,0.1408099694700695,0.3537385585958231,-10.68414798770701
1,0,1,0
1,0,1,0
1,0,1,0
1,0,1,0
1,0,1,0
1,0,1,0
1,0,1,0
1,0,1,0
1,0,1,0
2.804502661847769e-15,1.206927905720427,0.1359706984653775,-10.38424376369421
4.936130869128893e-15,1.21570357682311,0.135102738901949,-10.48305650204492
1,0,1,0
1.515846667565785,0.1510332925097266,0.3487749281586183,-10.65625378072881
1,0,1,0
1,0,1,0
1.028145822447522e-15,1.215703576343142,0.1351027389492307,-10.48303106339597
1,0,1,0
1.561000127632891,0.1715962020821102,0.339348545608361,-11.35027394622613
1,0,1,0
4.410334345144469,4.2508402593159,0.01961545766343797,-20.54702226596171
2.649253326292559,0.7019059904963214,0.2010719970351221,-20.75949559586475
1,0,1,0
1.654122875801428,0.2152352462738705,0.3213473270675022,-18.0622986833662
3.339278418708385,2.015835441233456,0.07783278311716862,-20.13244084197564
2.331167265008836,0.5497157125969494,0.2292169385574788,-12.30723485655171
3.300294798097716,1.98313338486561,0.07953035004432263,-17.09957563125617
1.720302814971447,0.2469539421387168,0.3096140571914556,-20.28557699761508
1,0,1,0
3.128997462964049,1.836985571679563,0.08765233403723904,-24.62895607290217
1,0,1,0
1,0,1,0
1,0,1,0
1,0,1,0
2.804502661847769e-15,1.114700288754115,0.1455312438105426,-17.8309632961105
1,0,1,0
1,0,1,0
1,0,1,0
3.024164478302771,1.744364758443336,0.09329336601150023,-15.8885715050394
1,0,1,0
1,0,1,0
1.028145822447522e-15,1.283651497614837,0.128610601782887,-10.57267695682523
1,0,1,0
1,0,1,0
4.936130869128893e-15,1.321216411919835,0.1251869297466216,-16.72595118477507
1,0,1,0
1,0,1,0
1,0,1,0
1.516758291902673,0.1514399243937916,0.34858154772462,-10.83159947525583
3.180204313826255,1.880597536628692,0.08513312470710349,-16.39226432462939
2.804502661847769e-15,1.255386117324843,0.1312631229820277,-10.64425123916005
1,0,1,0
1.028145822447522e-15,1.417717603632099,0.1168897199742677,-10.96585200267823
1,0,1,0
1,0,1,0
1,0,1,0
1,0,1,0
1,0,1,0
1,0,1,0
1,0,1,0
1,0,1,0
1.028145822447522e-15,1.299970991701173,0.1271092612157741,-10.77594555675256
1,0,1,0
4.0479524494288e-15,1.191423895965457,0.1375212638643777,-11.43123615605872
1,0,1,0
1.458345336516321,0.1257375939488661,0.3614465218601292,-10.5469866790865
1,0,1,0
1,0,1,0
1,0,1,0
3.378999549791661,2.051111258968717,0.07604757011708874,-20.11410849014744
2.093959926088373e-15,0.5983208830077658,0.2196097017107231,-11.20336153622683
1.486214052856048,0.1378830716674102,0.3551973306491981,-23.893406299611
1,0,1,0
1,0,1,0
2.804502661847769e-15,1.103894472624834,0.1467065081332516,-11.01605010362743
1.028145822447522e-15,0.8656064450788215,0.1760872544911448,-10.99657801380408
1,0,1,0
1,0,1,0
1,0,1,0
1,0,1,0
2.449231293967717e-15,1.416602336904582,0.116981726159026,-16.83946415939892
2.804502661847769e-15,1.283651497614819,0.1286106017828886,-11.32586134865432
1,0,1,0
1,0,1,0
1,0,1,0
1.028145822447522e-15,1.395460595509242,0.1187425480129525,-10.79252515151064
1,0,1,0
1,0,1,0
1,0,1,0
1,0,1,0
1.461814685985316,0.1272645385487792,0.36064264587519,-9.65368571978744
1,0,1,0
1,0,1,0
1,0,1,0
1.038263951005382e-15,1.395422862225658,0.1187457192776677,-16.65289871952185
1.028145822447522e-15,1.302200500398115,0.1269058339329248,-10.78252781976409
1,0,1,0
2.804502661847769e-15,1.191423895756273,0.1375212638854474,-14.12343498964096
1,0,1,0
1.038263951005382e-15,0.7222537925065069,0.1977028090338985,-14.10321624786082
2.804502661847769e-15,1.103894472624834,0.1467065081332516,-10.32229116668107
2.804502661847769e-15,0.5678668287611224,0.2255539145598357,-11.74709796321122
1,0,1,0
1,0,1,0
1,0,1,0
1,0,1,0
1,0,1,0
1,0,1,0
1,0,1,0
1,0,1,0
1,0,1,0
2.804502661847769e-15,0.8590349384724725,0.1770044490991113,-11.16601130454554
1,0,1,0
1,0,1,0
1,0,1,0
1,0,1,0
1,0,1,0
1,0,1,0
1,0,1,0
1,0,1,0
1,0,1,0
1,0,1,0
1,0,1,0
1,0,1,0
1,0,1,0
1,0,1,0
1,0,1,0
1,0,1,0
1,0,1,0
1,0,1,0
2.804502661847769e-15,1.417717603701398,0.1168897199685535,-11.02498750867451
1,0,1,0
1,0,1,0
1,0,1,0
4.936130869128893e-15,0.567754181287043,0.2255763637837996,-16.95761304714474
1,0,1,0
1,0,1,0
1,0,1,0
1,0,1,0
1,0,1,0
1,0,1,0
1,0,1,0
1,0,1,0
2.804502661847769e-15,1.21570203032168,0.1351028912476409,-10.42330306055801
1.41336973850241,0.1068021193112543,0.3719073350315204,-17.52326354006981
1,0,1,0
1,0,1,0
1,0,1,0
1,0,1,0
2.804502661847769e-15,0.5552316982232135,0.2280939347273793,-11.54096460232125
1,0,1,0
1,0,1,0
1,0,1,0
1.028145822447522e-15,1.417717603701607,0.1168897199685362,-11.0251938503097
1,0,1,0
1,0,1,0
2.804502661847769e-15,1.103894471534488,0.1467065082524506,-12.97775302707071
1,0,1,0
1,0,1,0
1,0,1,0
1,0,1,0
2.804502661847769e-15,1.321254112903432,0.1251835503428761,-10.61320963303566
1,0,1,0
1,0,1,0
1,0,1,0
1,0,1,0
1,0,1,0
1,0,1,0
1,0,1,0
1,0,1,0
1,0,1,0
1,0,1,0
1,0,1,0
1,0,1,0
4.936130869128893e-15,1.02279665993273,0.1559282754624271,-10.8238524625656
1,0,1,0
1,0,1,0
1.659539810162707,0.217820776444146,0.3203527088241477,-10.82528277422286
1,0,1,0
1,0,1,0
4.0479524494288e-15,0.8590349384733713,0.1770044490989855,-11.16650905654819
1.028145822447522e-15,1.022790467374822,0.1559290078810072,-10.18983073096875
1,0,1,0
1.038263951005382e-15,1.103894472624845,0.1467065081332505,-16.66131130060037
3.323720555077071,2.002845294682537,0.07850212305574727,-22.26774078719122
1,0,1,0
1,0,1,0
1,0,1,0
1,0,1,0
1.028145822447522e-15,1.191423896781625,0.1375212637821701,-13.27290021351174
1.517082758167094,0.1515864456260871,0.3485119404286936,-10.13758242741921
4.724747364600422,4.570602769508049,0.01626255961605094,-21.59412831708604
1.461704744898277,0.1272135529797289,0.3606693998019528,-10.34784355823552
1,0,1,0
1,0,1,0
2.804502661847769e-15,0.7636088475917546,0.1911007487173285,-11.18705904775593
1,0,1,0
2.804502661847769e-15,1.16815790010692,0.1398900330009602,-16.99498762618695
1,0,1,0
1.028145822447522e-15,0.8656064489712421,0.176087253949798,-10.99678432055143
1.597123288251134,0.1882460800480423,0.3321902081875776,-9.917638194507044
1,0,1,0
1,0,1,0
1,0,1,0
1,0,1,0
1.028145822447522e-15,1.168176492950689,0.1398881195862734,-10.5774965033466
1,0,1,0
1,0,1,0
1.715899066428846,0.2448463595587853,0.3103637613399785,-10.5307831339125
1,0,1,0
1,0,1,0
1.486138416011008,0.1378558297644794,0.3552109904862386,-13.6115853894657
1.161346622526638,0.02126525703134519,0.4420293281025041,-14.02067374999088
4.98561826636569,4.824292986305643,0.01403068588006806,-24.29508068489994
2.804502661847769e-15,1.283651497614819,0.1286106017828886,-11.32547414777539
1,0,1,0
1,0,1,0
1,0,1,0
1.539163020960912,0.1616594920827517,0.343816618053015,-11.49523398351426
1,0,1,0
1,0,1,0
1,0,1,0
1,0,1,0
1,0,1,0
1,0,1,0
2.449231293967717e-15,0.8875490008142819,0.1730711854128573,-10.63369693815414
1,0,1,0
1,0,1,0
1,0,1,0
1.514389433465499,0.1503794435161261,0.3490865059819311,-11.03983022195669
2.804502661847769e-15,1.347928798950058,0.1228202668092911,-10.75442269311688
1,0,1,0
1,0,1,0
1,0,1,0
1.028145822447522e-15,1.206927905180923,0.1359706985189515,-11.23751852511426
1.028145822447522e-15,1.022790468536837,0.1559290077435707,-10.18991689504474
1.028145822447522e-15,1.301952824388341,0.1269284128641839,-10.78179660700349
1,0,1,0
1,0,1,0
1,0,1,0
1,0,1,0
1,0,1,0
2.804502661847769e-15,0.8059282363578895,0.1846634068889745,-11.32287382572937
1,0,1,0
1.028145822447522e-15,0.7235818904026452,0.19748574586028,-13.63232952449391
1,0,1,0
1,0,1,0
1,0,1,0
4.936130869128893e-15,0.8590349344905981,0.1770044496568428,-10.47227373766057
1,0,1,0
1,0,1,0
1,0,1,0
1,0,1,0
1,0,1,0
1,0,1,0
1,0,1,0
1,0,1,0
1.028145822447522e-15,1.370286299559019,0.1208813498194565,-12.6187062355444
2.449231293967717e-15,1.370781675444036,0.1208388132602432,-13.23857710341612
1,0,1,0
1,0,1,0
1.028145822447522e-15,1.022797153961111,0.1559282170319088,-10.87585045726535
1,0,1,0
1,0,1,0
1,0,1,0
2.449231293967717e-15,0.8656064489711532,0.1760872539498104,-10.9967843158457
1,0,1,0
1,0,1,0
1,0,1,0
1,0,1,0
1,0,1,0
1,0,1,0
1.652508926097229,0.2143553749108733,0.3216874570448259,-13.3118995899573
1,0,1,0
1,0,1,0
1.814999258204318,0.2934724761923597,0.294001915500364,-11.02202569474857
1,0,1,0
1,0,1,0
1,0,1,0
1,0,1,0
1,0,1,0
3.337708925379227,2.014533142850311,0.07789959312132672,-19.61446108294736
2.482559263781949,0.6230185029887849,0.2149638991204124,-12.483935438734
2.333498063650457,0.5508546303717772,0.228984351408799,-11.25650932484055
1,0,1,0
2.449231293967717e-15,1.371153262017323,0.1208069181059357,-9.599944974829139
1,0,1,0
1,0,1,0
1,0,1,0
1,0,1,0
1,0,1,0
2.804502661847769e-15,1.371277038574625,0.1207962960133789,-19.29784858034705
1.028145822447522e-15,0.8656049067564737,0.1760874684368079,-10.93726237758919
2.449231293967717e-15,0.7637466524612577,0.1910792773822311,-13.18762387781432
1,0,1,0
1,0,1,0
1,0,1,0
1,0,1,0
1.648170175221322,0.212289815897396,0.3224892796719812,-10.76400041373365
1,0,1,0
1,0,1,0
1,0,1,0
1,0,1,0
1.028145822447522e-15,1.417593684842515,0.1168999385847687,-11.12431462112074
1,0,1,0
1,0,1,0
1,0,1,0
1,0,1,0
1,0,1,0
1,0,1,0
1,0,1,0
1,0,1,0
1,0,1,0
1,0,1,0
1,0,1,0
1,0,1,0
1,0,1,0
1,0,1,0
1,0,1,0
1,0,1,0
2.093959926088373e-15,1.191423911219552,0.1375212623279259,-17.97889639406655
1,0,1,0
1,0,1,0
1,0,1,0
1,0,1,0
5.720338817361059,7.324941801660373,0.003400208316258313,-28.9569508465333
1,0,1,0
1,0,1,0
2.804502661847769e-15,1.215702034210032,0.1351028908645994,-10.42350926626233
1,0,1,0
2.804502661847769e-15,0.8656064523823233,0.1760872534753946,-10.99696515014813
1,0,1,0
1.461167921473809,0.1269507521316342,0.3608073966210512,-11.16474930807592
2.804502661847769e-15,1.168157869969939,0.1398900361024245,-9.888259274815706
1,0,1,0
2.804502661847769e-15,1.395459055474618,0.1187426774419644,-10.73311430367381
1,0,1,0
1.659466956756952,0.2177850831491277,0.3203663905079169,-10.92303693041343
1.028145822447522e-15,1.371028978535502,0.1208175848449452,-10.98744955942387
1,0,1,0
1.64727256974042,0.2118716874626472,0.3226521666839944,-9.361849981003374
2.449231293967717e-15,1.347932384212324,0.1228199528539856,-10.89224817555314
1,0,1,0
1,0,1,0
1,0,1,0
1,0,1,0
1.038263951005382e-15,1.321217912075447,0.1251867952750079,-16.5329655498415
1,0,1,0
4.936130869128893e-15,1.321235262811367,0.1251852399949283,-9.920574710314286
1.038263951005382e-15,0.8655860267739826,0.1760900942420036,-10.24340376043533
1.028145822447522e-15,1.206927905720427,0.1359706984653775,-11.0789604333088
2.093959926088373e-15,0.7559690663849992,0.192296472199693,-18.14119192756704
1,0,1,0
1.028145822447522e-15,1.191423895823469,0.1375212638786794,-19.12641456178899
1,0,1,0
1,0,1,0
1,0,1,0
1,0,1,0
1,0,1,0
1.436529665176852,0.1164669793162787,0.3664491910827267,-17.01020076201316
1,0,1,0
1.028145822447522e-15,1.36855063823927,0.1210305301544004,-12.17674931102165
1.028145822447522e-15,1.255596446633103,0.1312431360311116,-9.545365176037313
1,0,1,0
1,0,1,0
1,0,1,0
1,0,1,0
1.661691418530995,0.2188533101166463,0.3199575154566274,-10.00085788512092
1,0,1,0
2.804502661847769e-15,0.5679230481323252,0.2255427120525206,-12.2085886729162
1,0,1,0
2.804502661847769e-15,1.255386098327005,0.1312631247875048,-10.64443205687947
1,0,1,0
4.936130869128893e-15,0.7207672891354484,0.1979461698765485,-13.63283266637825
1,0,1,0
1,0,1,0
1,0,1,0
1,0,1,0
1,0,1,0
1,0,1,0
1,0,1,0
1,0,1,0
1,0,1,0
1,0,1,0
2.804502661847769e-15,1.321255680932978,0.1251834097918077,-10.67391591520371
1,0,1,0
2.804502661847769e-15,1.355361372495487,0.1221715084310714,-12.88233064380195
1.028145822447522e-15,0.8590349386530214,0.1770044490738222,-11.22323862228175
1,0,1,0
1,0,1,0
1,0,1,0
1,0,1,0
1,0,1,0
1.519605568287933,0.1527029864565463,0.3479827776993666,-14.32333111195297
1.435977514169711,0.1162370506236208,0.3665760499484829,-11.2131330580044
1,0,1,0
2.804502661847769e-15,1.206927905177391,0.135970698519302,-10.54334567540481
1.028145822447522e-15,1.417717603630503,0.1168897199743991,-10.96425993650736
1,0,1,0
1,0,1,0
1,0,1,0
1.682061344639352,0.2287968820148158,0.3162086804060775,-12.14269020414751
1,0,1,0
1,0,1,0
1,0,1,0
1,0,1,0
1,0,1,0
1,0,1,0
1,0,1,0
1,0,1,0
1,0,1,0
1,0,1,0
1,0,1,0