dN/dS,LRT,p-value,Log(L)
1,0,1,0
0.4777784708524038,1.415018704951052,0.117112521554279,-23.12981294656861
0.2445386863469756,3.359615989733904,0.03340682343099771,-23.3692002323004
1,0,1,0
1.107572815003642,0.03022222418393028,0.430993480563416,-31.80629077635609
0.2505328951461854,3.209274228220004,0.0366109780390465,-20.60651418046951
0.2151495920574031,4.216743461475112,0.02001345605405169,-13.44549546049853
9.555848176237971e-17,9.285661015459294,0.001154772826327477,-11.96981034195799
1.864373424415511,2.22459072545486,0.06791432320451285,-61.39977950453684
9.555848176237971e-17,7.2798843656679,0.003486551231769552,-12.10987264533405
0.8383472399093902,0.1317525567407785,0.3583109020403638,-46.44022389067388
0.7206462954416789,0.2398101491990587,0.3121716343336385,-35.72126774407526
1.466050895942887,0.7744302570725097,0.1894249983197432,-65.23368343869717
6.728744545674702e-16,7.078866180937162,0.003899917376604223,-28.47946105461233
1.286190859065496,0.4249134666650747,0.2572477232950186,-61.8928568317907
0.7964628700209623,0.1675484402099272,0.34114992032605,-43.89554814771182
0.5493513469495498,0.8833372081902837,0.1736446356823286,-38.34964853023403
2.731941657024047e-16,9.158701467672266,0.001237690803876423,-31.41904127403126
0.50988789535801,1.723336724444167,0.09463205066814256,-28.93661046108655
0.918576912223095,0.02963703811690266,0.4316581864451543,-85.42178138209977
3.17603086687411e-16,8.376889404351992,0.001900111390608028,-17.81853315043685
6.728744545674702e-16,3.976583535715321,0.02306852645460006,-12.38450597437319
0.9656009045118841,0.005229685061735267,0.4711749925338045,-43.13532692842688
9.682324783204268e-17,3.976868418237679,0.02306462480764104,-20.07240286999104
1,0,1,0
1.100962817329917,0.03577055144063479,0.4249950558619203,-41.13589563481518
6.728744545674702e-16,9.158862086351192,0.001237582173053198,-21.23108362177601
0.2387850667562146,3.50588618538503,0.03057556083552354,-19.91761548526545
0.6469798626125066,0.6593345261952095,0.2083974894654312,-32.72005420540284
0.8249707720188002,0.1182526313157979,0.3654687167057368,-53.0523355778634
0.3850518238314975,1.283732508678796,0.1286030951736016,-22.87364952454893
3.17603086687411e-16,9.287398047620833,0.001153678323320917,-12.66381170808402
1,0,1,0
0.9606601590632675,0.005280288082389006,0.4710361153619156,-52.86385957844205
0.6620224593693552,0.5873016926071841,0.2217322192199669,-36.31729503113986
0.4438692176186838,1.760783721051617,0.09226339568284014,-21.55027081657869
1.924199612531109,1.738415855902858,0.09366983678341745,-42.05453519376743
0.5496333083199243,0.8820246953070097,0.1738238654286001,-36.85073716140721
0.3702767393582035,1.41267621579361,0.1173063169271661,-22.81948094729367
1.044208602821218,0.00737028204017065,0.4657926916266779,-36.94108012525381
1.259468269571018,0.2954196441185672,0.2933841222186981,-71.15543892757579
0.956191238927848,0.008129835304757194,0.4640778103495859,-47.67083661243201
0.7354431810027056,0.2094346469933726,0.3236054415859692,-32.20020428371451
0.7172314993918534,0.3705829867687811,0.2713433309176136,-42.04376563095929
0.7372559912696287,0.2059150659804345,0.3249940747994858,-37.71594153939181
1.375466613047914,0.4570753933836755,0.2494969866052629,-45.65672577370196
0.2182452475422428,4.11386621386297,0.02126651270525409,-13.8433243135082
0.7971830183845917,0.1661683243921601,0.3417699176174767,-38.897594649586
0.282446434775249,2.549147844874156,0.05517688074270127,-20.36513791571981
3.17603086687411e-16,8.376931547282407,0.001900067331077393,-11.58129162251491
6.728744545674702e-16,5.425064421794787,0.009924851532761236,-11.84564120925422
9.555848176237971e-17,9.070961160544829,0.001298502645557309,-12.16194772152562
1.22132293067329,0.1868216406901695,0.3327876046106591,-49.1337605604681
0.5493737414493555,0.8835651102166935,0.1736135401493988,-27.06295286544872
0.2654770407575477,2.877108694573607,0.0449236075309371,-20.67959670003693
3.17603086687411e-16,6.136183570565446,0.00662214313117071,-9.997770600560422
0.4369990604242294,1.839000787679112,0.08753405313415913,-21.00035342336599
0.4781151107222131,1.411936991389737,0.1173675538555143,-39.68385684908831
0.2386274596486652,3.510091661848278,0.03049804040085646,-21.90599508931066
9.555848176237971e-17,7.536681939738443,0.00302276369393456,-11.32353216706076
1,0,1,0
0.2433805387072459,3.387196236884201,0.03285229416902186,-19.69386403859431
3.17603086687411e-16,8.376900201976028,0.001900100101824453,-18.3700840822322
0.737038789348579,0.206330575113796,0.3248293956300161,-37.45697599722934
5.840566125974614e-16,7.536681914334991,0.003022763736554523,-13.98067162725106
3.17603086687411e-16,6.136183571211639,0.006622143128750591,-16.49890222250614
9.682324783204268e-17,8.212242455400357,0.002080434905681994,-30.14059115565588
3.17603086687411e-16,8.376952031349902,0.001900045915799065,-11.97094398542811
0.2744690502765619,2.692148078013815,0.05042189154481197,-37.21230395545149
1.326477803550176,0.4358214917740213,0.2545730845952857,-46.425450797659
9.555848176237971e-17,8.376952045079587,0.001900045901445324,-11.97138248054787
0.7965724416320524,0.1673378720270193,0.3412443219191771,-35.89009716786497
0.238696487435088,3.508121079033302,0.03053433848975867,-39.9843656733882
0.9686577704556509,0.003070262566204462,0.4779059345077101,-30.78360187015907
0.4588354899089708,1.599274144323736,0.1030030527293129,-31.15156068125775
0.9212313926718798,0.02763072139900657,0.4339899775828068,-35.78398059914494
1.093396321294947,0.03864229011990972,0.4220795111245791,-46.91036018682372
0.7375004351613159,0.2054435262109138,0.3251812035418285,-38.3395297204976
1.156019575738239,0.06001613083978441,0.4032352234475113,-37.39592296572742
0.9731881835398511,0.002976090653945107,0.4782470696196586,-49.53969854152605
0.9757938565694784,0.002417111095951441,0.480394250759945,-69.3342115196517
0.6671532952575255,0.3761994068867551,0.2698221504908042,-36.61023815135128
1.461306669126352,0.7621300062102137,0.191331381827278,-62.41586978492845
0.2506413547146875,3.206657775590998,0.03666957527905657,-22.89325012089066
0.5022466115129706,0.6040484591932085,0.2185187556538513,-41.12119454228929
1.611568899824819,1.365302248978026,0.1213103325651811,-84.80180281869303
3.17603086687411e-16,9.552338917613429,0.0009984740042459084,-14.18773768667386
0.2384931739023146,3.513708877574686,0.03043153084518058,-20.62860286039994
0.3337302826877932,1.796202406556247,0.09008614217141903,-28.28509123976119
0.3334606585714415,1.799427074098801,0.08989088716400195,-22.6208076426171
6.728744545674702e-16,7.672334250160205,0.002803693543959207,-26.15584937839468
9.555848176237971e-17,7.078996350811579,0.003899634083296633,-11.67882948810233
9.682324783204268e-17,8.17794038616281,0.002120143897097193,-22.17156800097009
0.2434550080095017,3.38529723776,0.0328901585994863,-20.58531200526447
1.324927047244355,0.4323779046435732,0.2554122237912289,-44.87746603160067
1,0,1,0
1,0,1,0
0.2293201448716226,3.771885018930035,0.02606043172582595,-50.41816620831904
1.298037341909736,0.3738134616519915,0.2704664536805188,-53.8431671249639
1,0,1,0
9.682324783204268e-17,9.070627628972048,0.001298739508098667,-35.93762614178667
9.555848176237971e-17,7.977444340852195,0.002368187961321655,-11.38676861256896
1,0,1,0
3.17603086687411e-16,8.376889248695939,0.001900111553345019,-10.87116109362546
0.4411096004466292,1.791127657471776,0.09039441476437976,-32.3339503526438
0.8824961464980026,0.06504992960503841,0.3993426744498855,-34.45905316334696
3.17603086687411e-16,8.517017624495768,0.001759203093156358,-11.65598073916786
5.840566125974614e-16,7.279737227821386,0.003486836828736239,-32.35589383097961
5.840566125974614e-16,9.552660878989812,0.0009982988880444799,-27.73147058655145
5.840566125974614e-16,5.99341707497517,0.007179679997222466,-13.28327892569609
0.5013860741309873,1.21393253450556,0.1352773448631458,-54.84800154087559
5.840566125974614e-16,9.55169341616557,0.0009988251891284716,-17.93533109036332
1,0,1,0
0.2434261737230895,3.386032040481773,0.03287550173316212,-16.19715727180795
0.9709830578981326,0.002623223342894221,0.4795761384456841,-29.75603697345705
0.4871611771563091,1.332224271142245,0.1242049514479705,-29.97556556364673
1,0,1,0
6.728744545674702e-16,8.906417781204382,0.001420850807520968,-36.25819292265242
9.555848176237971e-17,9.158500051307559,0.001237827040971196,-10.31045681163276
5.840566125974614e-16,8.177939875458339,0.002120144494009601,-12.68124735782508
1,0,1,0
0.4305367899965595,1.916378618830258,0.08312821475665239,-20.53254104945968
5.840566125974614e-16,5.193436927838984,0.01133616788083075,-12.43583008003523
5.840566125974614e-16,7.078962870213203,0.003899706946298487,-24.06477904359904
5.840566125974614e-16,5.995379242670218,0.007171698646384506,-17.25580326978323
1.224930121086255,0.1923520287254377,0.3304831058650584,-63.09996766957742
0.9281077146001597,0.01140130550986385,0.4574829885160566,-50.19422152838029
0.4366959571936672,1.842557480712927,0.08732574526668757,-34.47728679412269
1,0,1,0
9.682324783204268e-17,8.517276438361137,0.001758952917205792,-17.9556078386138
1.028145822447522e-15,7.536681939735743,0.003022763693939112,-34.49701140853252
5.840566125974614e-16,6.189208707141887,0.006426582298615646,-19.02522672962769
5.840566125974614e-16,6.189146032028169,0.006426809911030673,-24.87237671199179
6.728744545674702e-16,4.338227552184826,0.0186328494183079,-25.56146838206495
5.840566125974614e-16,7.536681939735757,0.003022763693939057,-27.5665177330421
6.728744545674702e-16,5.425002084670361,0.009925205851914587,-18.42728518781957
1.028145822447522e-15,9.550890634596314,0.0009992621169447879,-39.69401099920522
0.2293270129578932,3.771686506252465,0.02606352459775868,-37.02658546532944
1.028145822447522e-15,4.338870382790546,0.01862581544964614,-27.76490503532901
0.4891297361241541,0.6579656829578369,0.2086395268448807,-47.90754605745436
0.4772878400641271,1.419516288411707,0.1167415180442628,-25.81547391143008
5.840566125974614e-16,9.55808721140879,0.0009953521625903905,-18.82199614038788
0.250480983709472,3.210484109899404,0.0365839158928582,-20.38646587817034
1,0,1,0
5.840566125974614e-16,5.995379322996467,0.00717169831983494,-13.02181734138487
9.555848176237971e-17,8.376931517545103,0.001900067362166691,-11.58034164390943
0.6554815669098993,0.6181442407819304,0.2158688673836014,-26.29378087854585
3.17603086687411e-16,7.536681939673638,0.003022763694043307,-14.17860969010812
0.2747010408445863,2.692489422500628,0.05041109262943921,-35.60925256100518
0.250532808025817,3.209206723888514,0.03661248858125615,-32.28815740200078
5.840566125974614e-16,9.558055887578895,0.0009953691474093862,-18.12887830300743
3.17603086687411e-16,8.911488898219787,0.001416910629271684,-12.57141586863962
9.555848176237971e-17,9.070929847585866,0.00129852488106813,-11.46912253448633
0.4907994610829202,1.301977093045856,0.126926200237852,-30.91554355497003
0.3255721216087626,1.89577730424315,0.08427586782926377,-13.894032984683
6.728744545674702e-16,4.94282112372246,0.01309962081023142,-21.21102970841364
2.449231293967717e-15,7.536681939738415,0.003022763693934616,-35.50472792404603
4.936130869128893e-15,4.083251434650506,0.02165512088823829,-32.94622704452836
1,0,1,0
5.840566125974614e-16,9.070961185807061,0.001298502627618603,-12.1627558063761
3.17603086687411e-16,7.078977743870425,0.003899674576952672,-18.07086595165746
3.17603086687411e-16,8.177940386216992,0.002120143897033855,-13.56862623819923
0.8247744267799763,0.118612440874962,0.3652721544669643,-28.38268402462295
9.555848176237971e-17,9.552500255772102,0.0009983862478227801,-30.23103214708129
0.2182406531195779,4.114016059892094,0.02126462877289825,-16.2229068342996
1.028145822447522e-15,8.212242455356574,0.002080434905732176,-48.32844824600077
6.728744545674702e-16,8.177940384316102,0.002120143899255633,-41.34881859838953
5.840566125974614e-16,5.995379284545251,0.00717169847615029,-30.92323252821777
0.2445922146130145,3.358264085460412,0.03343426066575567,-17.62476323563503
5.840566125974614e-16,6.136183571518185,0.006622143127602509,-11.48760600935279
2.287852447174094e-16,8.376920742302268,0.001900078627353474,-18.51218423760726
1,0,1,0
3.17603086687411e-16,8.516696332954133,0.001759513711923344,-11.65541416853886
1,0,1,0
3.17603086687411e-16,9.158610454718477,0.001237752362731548,-11.91893543084794
5.840566125974614e-16,5.193436845894393,0.01133616841531199,-12.43638533229774
0.2434430906614327,3.385598670841532,0.03288414516988974,-27.51330183404481
5.840566125974614e-16,8.717848418764092,0.00157554850872027,-13.1543477612944
1,0,1,0
1,0,1,0
0.229413984748054,3.769140080843542,0.02610323294009775,-25.49833954710519
1,0,1,0
5.840566125974614e-16,8.717848418907863,0.001575548508595981,-11.63332295671831
5.840566125974614e-16,7.078989095086158,0.003899649873635058,-18.7730619724543
0.2218405489264995,4.00017945512402,0.02274770984326135,-16.27455859518353
5.840566125974614e-16,9.557909885742916,0.0009954483183218232,-16.19303573767037
9.555848176237971e-17,9.552660979539287,0.0009982988333600007,-12.82219991356053
0.2747893815858187,2.690838949318042,0.05046333112720292,-16.98735656483759
0.2385983651623166,3.510897806082163,0.03048320448304992,-19.93522277727829
1,0,1,0
2.804502661847769e-15,4.084717486088806,0.02163634237102469,-48.75518307936529
3.17603086687411e-16,7.536681914365285,0.003022763736503731,-11.1277920306716
1,0,1,0
3.17603086687411e-16,9.157736956562719,0.001238343332787661,-12.23554144459518
1,0,1,0
5.840566125974614e-16,5.994190728667839,0.007176531977594047,-26.83972943582275
5.840566125974614e-16,9.552657751615428,0.0009983005888872798,-20.21753005285975
0.2445386830924908,3.359616077823823,0.03340682164397485,-22.30818748789897
0.4187022920850819,2.067672857716531,0.07522546976946431,-27.27545763045729
0.717045949932259,0.3711977407836002,0.2711760598233983,-40.60258176645382
0.2093846817558999,4.418996893722067,0.01777046198955351,-32.83975936681583
9.555848176237971e-17,8.717848397855835,0.001575548526789372,-14.29092718642701
0.2433884286861353,3.386995639075682,0.03285629171960519,-15.59946185356846
3.17603086687411e-16,8.71784841890786,0.001575548508596036,-11.34461200590078
3.17603086687411e-16,8.212242442850417,0.002080434920070762,-13.26495949103919
0.5062342039193178,0.5886280198843536,0.2214750729404586,-22.58244736625121
0.2505479973350767,3.208771327006929,0.03662223304977585,-37.71752138023781
3.17603086687411e-16,6.136183571518192,0.006622143127602453,-11.48763408433901
3.17603086687411e-16,8.3768579131415,0.001900144314672225,-10.58380760724346
0.2092572613671617,4.423590880428357,0.01772268448124725,-30.38358917822497
0.4309724316495296,1.91104359341994,0.08342369037888464,-19.86732513712327
1,0,1,0
0.265344951421404,2.879858358643816,0.04484695559125912,-25.04320580878534
9.555848176237971e-17,9.558117983851901,0.0009953354770377287,-12.27578803948549
0.2652496170291175,2.881846234829801,0.0447916282483235,-21.47772895822536
0.2745585857098753,2.695266673812206,0.05032332423079788,-14.8835002071244
0.2505324122376854,3.209303133292003,0.03661033125164631,-14.21129323043317
5.840566125974614e-16,9.070846790889611,0.001298583861974345,-24.66013494676027
1,0,1,0
0.7054251726076871,0.4109413937522248,0.2607460387367738,-32.89095008383421
0.2386960889874684,3.508241194923194,0.03053212464239718,-28.96678726328149
0.2386069879890866,3.510610300934204,0.03048849471771364,-33.2663875268314
0.2153540093784361,4.207563740128158,0.0201220487367782,-31.62866990533572
6.728744545674702e-16,4.338936238703806,0.01862509499942661,-12.41955417471335
6.728744545674702e-16,8.516825897350124,0.001759388444733778,-18.64733388801883
3.17603086687411e-16,7.536681914333517,0.003022763736557021,-12.22648351967537
1,0,1,0
1.028145822447522e-15,9.158485221241122,0.001237837072560866,-37.49935486369312
5.840566125974614e-16,5.994399629292801,0.007175682198412026,-19.03017974368182
2.731941657024047e-16,9.158437569674952,0.001237869306350448,-9.903209225868693
3.17603086687411e-16,7.079000197966906,0.003899625710916399,-11.98085181925821
0.2293270125059808,3.771686408754881,0.02606352611688828,-23.08303952145177
6.728744545674702e-16,7.078977890460024,0.003899674257932972,-18.07703811467663
0.9754228813277088,0.002492290114489037,0.4800919375131513,-55.25064026352268
0.2386172038643158,3.510408623123709,0.03049220627074539,-16.42002587836107
9.555848176237971e-17,9.552660172955662,0.000998299272025438,-13.73548418770335
0.3336598909104042,1.797042495041943,0.09003522724825475,-28.05191590748909
3.17603086687411e-16,7.07898511315225,0.003899658539382733,-18.21510109456701
3.17603086687411e-16,6.188968615921418,0.006427454264454457,-22.49142895008932
5.840566125974614e-16,7.536681939716843,0.003022763693970809,-20.33038615996539
1.220366633331691,0.1854082900521945,0.33338302798425,-60.07235800617517
0.1691869910668725,6.26032436273827,0.006173579760926751,-15.67683729447551
3.17603086687411e-16,7.536681939738436,0.00302276369393456,-12.81306966869007
1,0,1,0
2.731941657024047e-16,9.160471102404788,0.001236494485146178,-11.54817583697202
5.840566125974614e-16,8.177939876587313,0.002120144492690101,-14.02453413695562
0.8827660077575674,0.06473102074988901,0.3995844240287407,-33.30298628876603
1.926833770703797,3.139206645360673,0.03821548852588386,-78.21582813266525
0.4367709478006331,1.841731845889434,0.08737404998838916,-28.84486222478865
3.17603086687411e-16,5.425147742967738,0.00992437796240403,-13.44807016944534
0.2294971315340399,3.766711347637937,0.02614116566908509,-38.0849310374681
2.287852447174094e-16,5.19343684633812,0.0113361684124178,-12.43638232480932
1,0,1,0
9.682324783204268e-17,7.977398876130877,0.002368247438209903,-31.48673317657988
3.17603086687411e-16,7.279858165334414,0.003486602085296608,-11.11280074541991
6.728744545674702e-16,6.189240029262599,0.006426468551571307,-12.48500488056865
0.4697295763333489,1.490458633862673,0.1110726569568334,-20.3277616129284
1,0,1,0
1,0,1,0
0.7523352061809991,0.2671424879020776,0.3026275443557445,-33.51539739390309
3.17603086687411e-16,9.157736988021966,0.00123834331149858,-12.23534562562815
9.682324783204268e-17,7.977118230920127,0.002368614611589159,-40.40589148099248
0.2152686631625058,4.211593632523943,0.02007430065514659,-20.04049563017776
0.2434550073501124,3.385297258374184,0.03289015818820418,-14.43387002356511
0.2505503825123548,3.208810185018912,0.03662136326882959,-26.78510119354977
1.028145822447522e-15,5.193763342404566,0.01133403905855396,-21.1817209285827
0.4871612076023643,1.332223998907139,0.1242049756163067,-53.36221683877517
0.2196358945434773,4.069174218210406,0.0218363097772144,-35.21268064609168
0.5085263904408187,1.738778736982354,0.09364682166091848,-29.63891023130262
1.197541469484019,0.1527734130982736,0.3479494752220961,-45.43927443957367
3.17603086687411e-16,8.717848418907824,0.001575548508596036,-13.12359231230233
0.2446327433296107,3.357244218863109,0.03345497504625772,-28.62214726272619
5.840566125974614e-16,8.376774916556947,0.001900231090391002,-16.2901821009335
0.3253836085142057,1.898175630705119,0.08414133314408467,-27.47525073568196
1.558680012262485,1.193697415365151,0.1372925053056082,-61.33388280045329
3.17603086687411e-16,6.136183571497778,0.006622143127678892,-11.09670367810964
9.682324783204268e-17,9.158548102705161,0.001237794537846559,-17.90940312937369
9.555848176237971e-17,9.158593319592622,0.001237763952843918,-11.69685047803076
9.555848176237971e-17,7.07900749733594,0.003899609825699035,-12.37164842946399
9.682324783204268e-17,5.995379323109461,0.007171698319375586,-13.02263289323066
2.731941657024047e-16,7.079000263894081,0.003899625567442389,-11.98295184385315
3.17603086687411e-16,6.136183571408367,0.006622143128013791,-17.48180441218373
1,0,1,0
1,0,1,0
5.840566125974614e-16,5.995053081146438,0.007173024714175302,-21.23537681631534
0.2203258874611552,4.046473293585343,0.02213186299967307,-20.9151577881895
0.2183481013188577,4.110473955360234,0.02130920870365932,-20.53930394182708
3.17603086687411e-16,7.279891668195532,0.003486537058066397,-12.50094744370768
1,0,1,0
2.731941657024047e-16,7.078977894224465,0.003899674249740526,-10.8826842570579
2.804502661847769e-15,8.212242442441067,0.002080434920540108,-91.4704416681343
2.287852447174094e-16,7.078962859616944,0.00389970696935904,-24.06449225724665
6.728744545674702e-16,8.908345507039158,0.001419351685510273,-42.75975734409268
3.17603086687411e-16,9.558098030223615,0.0009953462963386284,-11.89154649249446
5.840566125974614e-16,8.376889355561396,0.001900111441618169,-25.05055395486645
1,0,1,0
4.730343101349462e-16,9.018189547652003,0.001336530131092806,-12.72715409829438
9.682324783204268e-17,9.551856937412431,0.0009987362135974731,-21.68850457526583
1.028145822447522e-15,5.553492189104013,0.009221926570049721,-31.15160333268078
9.555848176237971e-17,8.376931527403627,0.001900067351859935,-11.58065658815174
1.028145822447522e-15,4.973514265086962,0.01286915056172716,-36.66637595122471
5.840566125974614e-16,8.17794010476085,0.002120144226000376,-19.98919032450314
1,0,1,0
1.028145822447522e-15,8.212242442977882,0.002080434919924656,-40.75262967008143
3.17603086687411e-16,5.995379318817214,0.007171698336824794,-12.63093953640489
1,0,1,0
6.728744545674702e-16,8.376795335176311,0.001900209741664272,-30.20428706631855
1.10423916738059,0.02851973533972796,0.4329463527557371,-44.15426703611958
0.2385452835416541,3.512314309712593,0.03045715438771895,-20.64410433096731
5.840566125974614e-16,4.086015840451346,0.02161972617125801,-21.02092420889161
0.2182680121676387,4.113103028017733,0.02127611054747608,-19.84635100093107
3.17603086687411e-16,6.136183571497774,0.006622143127678948,-11.09669736525943
1.096600017796212,0.02469926991224725,0.4375593705315621,-49.44385640889963
2.731941657024047e-16,9.287398358671389,0.001153678127422397,-12.66399093372233
3.17603086687411e-16,9.158862008486622,0.001237582225712797,-26.83718065724567
1,0,1,0
1,0,1,0
1.028145822447522e-15,7.078840154625226,0.003899974021112917,-96.28844918543105
4.730343101349462e-16,9.070909337480366,0.001298539445620583,-11.077998862345
3.17603086687411e-16,9.548962190900507,0.001000312497975553,-13.14333932076222
0.2745889427922953,2.694637809745849,0.0503431833449936,-25.33558801056166
0.3231630303636341,1.927685604871357,0.08250593698723518,-29.06395521265199
3.17603086687411e-16,9.157736786427954,0.001238343447921175,-12.23660111838598
3.17603086687411e-16,9.558118527963437,0.0009953351820100598,-12.28163413097724
9.555848176237971e-17,8.376900413366684,0.001900099880818795,-10.88920174615551
1,0,1,0
5.840566125974614e-16,9.012553474988351,0.001340657772597564,-28.29501143993659
0.2446352606366021,3.357178465436903,0.03345631102619584,-22.50441773974565
0.4780388961765504,1.412647729256186,0.1173086760195935,-29.23490203933665
9.682324783204268e-17,9.557941558442607,0.0009954311429507534,-30.66472826837698
0.5013621669038973,1.21416893379704,0.1352540220970573,-35.32487292904798
1.062651537307035,0.01444643027581094,0.452165011065941,-57.7096121323499
5.840566125974614e-16,9.552660891334014,0.0009982988813310167,-15.47862929584272
0.2203735834594252,4.044945085419826,0.02215191005941242,-20.01566846382522
1,0,1,0
0.2092535523012343,4.42372511644038,0.01772129044774662,-14.62848366205743
1,0,1,0
0.487265311275895,1.331321067186877,0.1242851672826222,-30.33861380843718
1.443085782626086,0.4770570252180164,0.244879198029986,-58.73555895112266
0.6668615140257917,0.3770735233006874,0.2695868067303267,-28.02760575626397
4.730343101349462e-16,8.376868876194628,0.00190013285273305,-10.48130631111757
6.728744545674702e-16,9.158541493991166,0.001237799008088736,-17.02857726416817
1,0,1,0
5.840566125974614e-16,8.376931671319074,0.001900067201401234,-11.5826968471495
3.17603086687411e-16,9.157736955628579,0.001238343333419822,-12.23554725973617
0.4869152931860303,1.334348341495151,0.1240165570864107,-28.69534894240865
5.840566125974614e-16,7.977413240889796,0.002368228646086878,-18.37870496032313
3.17603086687411e-16,9.159183581170574,0.001237364766344784,-27.28153466168561
9.555848176237971e-17,6.189219510177708,0.006426543066894164,-12.09429055251533
5.840566125974614e-16,5.194353474032781,0.011330191368359,-21.18396388512897
0.323312776310358,1.925775582317158,0.08261067971588937,-16.01063766701505
0.2505218259928227,3.209526063159974,0.03660534332690157,-13.39380997781839
5.840566125974614e-16,6.136183571477943,0.006622143127753222,-23.87346585705735
0.2092676246162483,4.423208033838151,0.01772666095194686,-28.32532726985121
0.7165150498104529,0.3729540055561174,0.27069923435109,-30.13472490194829
1,0,1,0
0.2434430888597709,3.38559878095986,0.03288414297330222,-14.48692033117678
1,0,1,0
1,0,1,0
3.17603086687411e-16,9.552499225646532,0.0009983868081125946,-13.1515513397332
5.840566125974614e-16,8.516956271764066,0.00175926240354457,-17.95228724670365
0.2652545205935961,2.881745158388,0.04479443965995006,-20.0898028779221
1,0,1,0
3.17603086687411e-16,9.070835716075202,0.001298591726718368,-23.85276136740328
0.5488132053561345,0.8869265263757384,0.1731557756734742,-24.63027487891433
1.548223011341894,1.159236288590677,0.140811991913133,-63.58585318675166
1,0,1,0
1.028145822447522e-15,8.523403784302531,0.00175304062520959,-74.5335149594069
0.9551756518766644,0.008523138865470514,0.4632215626372763,-42.59386002804644
5.840566125974614e-16,9.552660262751459,0.0009982992231894472,-29.43778093012427
1,0,1,0
5.840566125974614e-16,9.158610406615004,0.001237752395268354,-19.00841555018476
1,0,1,0
9.682324783204268e-17,7.279828616667288,0.003486659438679651,-16.81877778674555
1,0,1,0
1,0,1,0
1.028145822447522e-15,8.177940102782017,0.002120144228313248,-40.83362813954553
6.728744545674702e-16,8.376763897553325,0.001900242611432734,-29.79754321905388
2.731941657024047e-16,9.157736925322972,0.001238343353928251,-12.23573593524915
1,0,1,0
0.7973552771018586,0.1658393399786746,0.3419181520589465,-38.39523569881553
1.680457515939116,1.821729430529274,0.08855377790654961,-74.51031908273202
0.5310233238643263,0.9991777557638599,0.158754774391081,-22.46893181456912
3.17603086687411e-16,9.558118151813844,0.0009953353859655789,-12.27711842643861
0.2386809638091213,3.508614306085065,0.03052524894685316,-41.18638315645325
2.167691886131002,4.216908688096424,0.02001150712916916,-77.78347751671376
5.840566125974614e-16,6.189240044900014,0.006426468494784177,-12.4855042556545
1.157448777823035,0.06101826934463617,0.4024468515418535,-29.60694971581717
1.295163301731967,0.3679016843174026,0.2720751287194825,-49.94965205301624
5.840566125974614e-16,7.977368031765202,0.002368287789634549,-23.70820756697851
2.287852447174094e-16,5.425032936180422,0.009925030492801856,-11.43298338039814
0.2091668367732371,4.426680465482605,0.01769062835812313,-46.13952455161667
0.2742052481100779,2.701540033414233,0.05012568354180469,-35.83855332839687
0.7310570781309086,0.3271688736972322,0.2836654662959732,-28.25236678524206
0.8743637572109061,0.0752896300571706,0.3918926329966949,-46.61504525523453
0.6460732648637862,0.6644821235521263,0.2074910152521987,-28.07415527313956
0.4776465103501532,1.416222088563877,0.1170131155265381,-26.50824570839999
0.2182528525514111,4.112899073532105,0.02127867625466662,-149.5147644654561
1,0,1,0
5.840566125974614e-16,5.193942368330251,0.01133287165675007,-13.49569993861254
9.555848176237971e-17,9.158219023174773,0.001238017152528248,-19.22787077808849
3.17603086687411e-16,6.136183571493326,0.006622143127695601,-17.88811633719183
3.17603086687411e-16,9.070898493418163,0.00129854714622879,-18.00885815317667
5.840566125974614e-16,9.551132042266474,0.0009991307062551802,-31.07992413498729
5.840566125974614e-16,9.070596120996825,0.001298761886235789,-42.54302277182911
9.555848176237971e-17,6.189188175382355,0.006426656861323266,-11.40053499906176
1.028145822447522e-15,8.212242455397927,0.002080434905684769,-103.1696633961741
6.728744545674702e-16,5.425116276908795,0.009924556802469064,-19.84104246783392
4.730343101349462e-16,9.018126673230338,0.001336576106649723,-11.62637625158697
6.728744545674702e-16,8.177939887229307,0.002120144480251718,-26.67304728111274
1,0,1,0
1.028145822447522e-15,4.083315991540708,0.02165429362428462,-21.50341544924527
3.17603086687411e-16,7.536681914333521,0.003022763736557021,-12.22665532399171
1,0,1,0
6.728744545674702e-16,4.084141546990658,0.02164371747812144,-28.12161535679841
0.4187292311042033,2.06725044892093,0.07524631231215101,-53.38904242127715
9.555848176237971e-17,7.079000200121811,0.003899625706226761,-11.98104518599485
3.17603086687411e-16,9.284126960361061,0.001155740309577935,-12.91489480432928
9.682324783204268e-17,8.516955706344266,0.001759262950151774,-10.55624150096595
3.17603086687411e-16,8.177940386216992,0.002120143897033855,-13.57087379852839
2.731941657024047e-16,7.079007480909148,0.003899609861447662,-12.37081489946672
5.840566125974614e-16,6.189208678031285,0.00642658240433247,-11.79149734959466
1,0,1,0
0.4871849013597968,1.332020667418902,0.1242230284743173,-20.03920128132927
9.555848176237971e-17,9.158593295638003,0.00123776396904679,-11.69680080585586
2.804502661847769e-15,4.083169034886836,0.02165617684790172,-32.72055693523963
1,0,1,0
5.840566125974614e-16,8.51733909972231,0.001758892352607344,-11.65672317410657
3.17603086687411e-16,9.550246472477497,0.0009996128534983106,-21.0374691324676
9.682324783204268e-17,4.937333687770092,0.01314127499957901,-22.27377513391881
0.4892745844312021,1.314923888672212,0.1257525449833727,-45.76525898877474
0.2505123452634907,3.209682761030713,0.03660183774055537,-26.01339986042701
1,0,1,0
0.9559900632931091,0.008206969468432135,0.4639082650499488,-45.20087990876617
1,0,1,0
0.5493958727342303,0.8832584614681451,0.1736553818418898,-41.61600241920881
1,0,1,0
0.3315414344513579,2.011501901997143,0.07805535301807176,-24.23394436553061
3.17603086687411e-16,9.070929792850862,0.001298524919936095,-18.70129575904254
3.17603086687411e-16,9.552338448055231,0.0009984742596633733,-12.4578363887244
5.840566125974614e-16,9.070929759690394,0.001298524943483759,-18.70049059890291
3.17603086687411e-16,9.070929828137537,0.001298524894878639,-18.70242294515324
0.2158661905910618,4.188053645999929,0.02035490524104172,-46.34600351056267
1.028145822447522e-15,5.99505306971119,0.007173024760671776,-40.54839283698118
3.17603086687411e-16,6.189219497535177,0.006426543112805938,-12.09388664387113
1,0,1,0
9.682324783204268e-17,9.552660970358268,0.0009982988383531732,-17.83491336967957
0.4869924791001408,1.333675419790339,0.1240762039713059,-33.62195217231884
0.7173601678900283,0.3701674634803425,0.2714565001940072,-35.58357388249965
0.8842245244146191,0.06299343464276319,0.4009128805844922,-38.34681648815254
0.4184586701515094,2.070930591731887,0.07506494548208709,-23.7115579921237
0.5304096668582007,1.003262108069777,0.1582612293085233,-22.2590452578517
0.4869314471109902,1.334207988015947,0.1240289949343124,-35.75147248854919
1.048186155040082,0.01088005987205065,0.4584626530146259,-46.12709826014574
1,0,1,0
1.028145822447522e-15,5.994837522028121,0.007173901246677661,-36.40146064042821
1,0,1,0
0.2445386836285972,3.359616076462729,0.03340682167158648,-27.91524748629518
1,0,1,0
1,0,1,0
5.840566125974614e-16,8.717848418907867,0.001575548508595981,-12.04542064347271
0.2182408200072616,4.114040826033538,0.02126431741861223,-15.35304301548922
0.4608871911243804,0.7894801669964906,0.1871286789585496,-17.7330563146536
5.840566125974614e-16,8.177939875791644,0.00212014449362008,-30.64694766925016
3.17603086687411e-16,6.189188343594282,0.006426656250444751,-18.88691271577862
0.7970809673454654,0.1663628696073545,0.3416823395553586,-40.67141735976703
0.2745988171717453,2.694470891197525,0.05034845596110832,-27.41508202693031
1,0,1,0
0.5013244335551384,1.214470886150401,0.1352242392840439,-27.11929332182357