dN/dS,LRT,p-value,Log(L)
1,0,1,0
3.314053952657045,0.9959950451630704,0.1591407671007555,-9.810726893704741
1,0,1,0
1,0,1,0
1,0,1,0
1,0,1,0
1,0,1,0
1,0,1,0
1,0,1,0
1,0,1,0
1,0,1,0
1,0,1,0
1,0,1,0
1,0,1,0
1,0,1,0
3.63999020934953,1.129494397046926,0.1439416053252323,-19.56459369204981
8.054333073515119e-16,0.5278767913914955,0.2337504353930364,-10.49487793349151
1,0,1,0
1,0,1,0
1,0,1,0
1,0,1,0
1,0,1,0
1,0,1,0
1,0,1,0
1,0,1,0
1,0,1,0
1,0,1,0
1,0,1,0
2.896011571560032,0.8144010941560467,0.1834111283786548,-9.622160453820211
1,0,1,0
1,0,1,0
1,0,1,0
1,0,1,0
4.936130869128893e-15,0.5277438520178208,0.2337784692081721,-12.13221177033346
3.033365575226007,0.8756671350223328,0.174695584467514,-16.10266548237391
1,0,1,0
1,0,1,0
1,0,1,0
1,0,1,0
3.597755213370919,1.114368270624315,0.1455671754565618,-10.79933949708873
2.793902304197334,0.7684214259463715,0.1903529201552053,-13.8348323827396
1,0,1,0
1,0,1,0
1,0,1,0
1,0,1,0
1,0,1,0
1,0,1,0
1,0,1,0
1,0,1,0
1,0,1,0
1,0,1,0
2.804502661847769e-15,0.662298421746975,0.2078748424275272,-10.40164924278374
1,0,1,0
1,0,1,0
1,0,1,0
1,0,1,0
2.951971711876752,0.8397300657763793,0.1797369918000746,-9.08553271601
1,0,1,0
1,0,1,0
1,0,1,0
1,0,1,0
1,0,1,0
1,0,1,0
1,0,1,0
1,0,1,0
1,0,1,0
1,0,1,0
1,0,1,0
1,0,1,0
1,0,1,0
1,0,1,0
1,0,1,0
1,0,1,0
1,0,1,0
1,0,1,0
1,0,1,0
2.8540555710282,0.7957630320501963,0.1861815900753968,-10.1238312562764
4.936130869128893e-15,0.3629586132884484,0.273433835629217,-11.43562963927367
1,0,1,0
3.304284757501605,0.9927500866643939,0.1595355784957724,-16.91636918097824
3.298914637034948,0.9905046782339291,0.1598095290301351,-10.14942016167804
4.736535576177313,1.528418366712948,0.1081749875199975,-11.30226398243648
6.577638080402167,4.125248613659029,0.021123906286455,-15.27159818927496
2.804502661847769e-15,0.5882774484340771,0.2215429964226412,-10.21957406535065
1,0,1,0
3.092445190292831,0.9021749935117853,0.1710995921179448,-17.57905670005105
1,0,1,0
1,0,1,0
1,0,1,0
1,0,1,0
1,0,1,0
1,0,1,0
1,0,1,0
1,0,1,0
3.005652181029388,0.8634957111527974,0.1763811436046255,-10.11523853421404
1,0,1,0
1,0,1,0
2.093959926088373e-15,0.6498950676065505,0.2100750990798082,-10.30445416663714
1,0,1,0
1,0,1,0
1.028145822447522e-15,0.6622852515973463,0.2078771605225429,-9.677754427586956
1,0,1,0
1,0,1,0
1,0,1,0
1,0,1,0
3.216932807770041,0.9556972702770423,0.1641366667868261,-9.304234521188832
1,0,1,0
1,0,1,0
1,0,1,0
1,0,1,0
1,0,1,0
1,0,1,0
1,0,1,0
1,0,1,0
1,0,1,0
1,0,1,0
1,0,1,0
1.038263951005382e-15,0.6535666939026186,0.2094201862351375,-10.48123555236718
1,0,1,0
5.64667360488876e-15,0.5974561243385459,0.2197751396445001,-10.77329477206347
1,0,1,0
1,0,1,0
1,0,1,0
1,0,1,0
1,0,1,0
3.359179690052214,1.016980027978214,0.1566182138278454,-11.84191094842862
8.48884454792928e-15,0.2840579348914218,0.2970268769335802,-10.8605163545517
5.64667360488876e-15,0.682043874131729,0.2044419053832541,-16.69793619044559
1,0,1,0
1,0,1,0
1.038263951005382e-15,0.5561030819736814,0.2279173226168756,-10.71887126566221
1,0,1,0
1,0,1,0
1,0,1,0
1,0,1,0
1,0,1,0
4.936130869128893e-15,0.7224226628776194,0.1976751899368337,-15.28330000805686
4.936130869128893e-15,0.6498950676065647,0.2100750990798056,-11.02856998332315
1,0,1,0
1,0,1,0
1,0,1,0
2.804502661847769e-15,0.7009774997723639,0.2012277175153108,-10.52060717576541
1,0,1,0
1,0,1,0
1,0,1,0
1,0,1,0
1,0,1,0
1,0,1,0
1,0,1,0
1,0,1,0
2.804502661847769e-15,0.7009775024792333,0.2012277170610763,-10.52082149169874
1,0,1,0
1,0,1,0
1,0,1,0
1,0,1,0
2.093959926088373e-15,0.3638493497097244,0.2731880693055881,-14.10658967256787
1,0,1,0
2.269969926313108e-14,0.2718978990238732,0.3010307389115606,-10.26538400431514
1,0,1,0
1,0,1,0
1,0,1,0
1,0,1,0
1,0,1,0
1,0,1,0
1,0,1,0
1,0,1,0
1,0,1,0
1,0,1,0
1,0,1,0
1,0,1,0
1,0,1,0
1,0,1,0
1,0,1,0
1,0,1,0
1,0,1,0
1,0,1,0
1,0,1,0
1,0,1,0
1,0,1,0
1,0,1,0
1,0,1,0
1,0,1,0
1,0,1,0
1,0,1,0
1,0,1,0
1,0,1,0
1,0,1,0
1,0,1,0
1,0,1,0
1,0,1,0
4.936130869128893e-15,0.2720320889286398,0.3009859379879931,-11.13449144469189
1,0,1,0
1,0,1,0
1,0,1,0
1,0,1,0
1,0,1,0
1,0,1,0
1,0,1,0
1,0,1,0
4.936130869128893e-15,0.6071849709278005,0.2179248456823418,-10.18025655132383
1,0,1,0
1,0,1,0
1,0,1,0
1,0,1,0
1,0,1,0
1,0,1,0
1,0,1,0
1,0,1,0
1,0,1,0
1,0,1,0
1,0,1,0
1,0,1,0
5.64667360488876e-15,0.5561030816394208,0.2279173226845823,-13.00049966130987
1,0,1,0
1,0,1,0
1,0,1,0
1,0,1,0
1,0,1,0
1,0,1,0
1,0,1,0
1,0,1,0
1,0,1,0
1,0,1,0
1,0,1,0
1,0,1,0
1,0,1,0
1,0,1,0
1,0,1,0
1,0,1,0
1,0,1,0
1,0,1,0
1,0,1,0
1,0,1,0
3.293767476877469,0.9883598515335912,0.1600717859061217,-9.891478427328892
1,0,1,0
1,0,1,0
2.093959926088373e-15,0.4239534628776696,0.2574854531604475,-10.89799791914388
1.038263951005382e-15,0.5088304291114234,0.2378227965848405,-9.917623116541282
1,0,1,0
4.936130869128893e-15,0.5561030819736743,0.227917322616877,-9.587882986797522
3.287961218206363,0.9859258447483832,0.1603700882533692,-15.75160258081829
1,0,1,0
1,0,1,0
1,0,1,0
1,0,1,0
4.936130869128893e-15,0.5974561250000434,0.2197751395178751,-13.29345825263447
3.039201888245137,0.878319231900857,0.1743312209181613,-9.202583955183211
3.22740323160143,0.959549345831217,0.1636502229777302,-9.158071614215467
1,0,1,0
1,0,1,0
1,0,1,0
5.64667360488876e-15,0.3860578619123594,0.2671894349510531,-10.93700525879251
1,0,1,0
1.038263951005382e-15,0.5882661470754549,0.2215451866041832,-9.596996715959049
1,0,1,0
5.64667360488876e-15,0.4170412194557471,0.2592085613284615,-10.72465244400674
3.165988910683075,0.9332946650313296,0.1670041346744702,-9.004896526612839
1,0,1,0
1,0,1,0
1,0,1,0
1,0,1,0
1.028145822447522e-15,0.5882786294991504,0.2215427675364324,-10.28682478997353
1,0,1,0
1,0,1,0
1,0,1,0
1,0,1,0
1,0,1,0
1,0,1,0
1,0,1,0
3.31280171890279,0.9954722731730428,0.1592042855632155,-9.82647510446896
1,0,1,0
1,0,1,0
1,0,1,0
1,0,1,0
1,0,1,0
1,0,1,0
1,0,1,0
1,0,1,0
1,0,1,0
1,0,1,0
1,0,1,0
1,0,1,0
1,0,1,0
1,0,1,0
1,0,1,0
1,0,1,0
1,0,1,0
1,0,1,0
1,0,1,0
1,0,1,0
1,0,1,0
1,0,1,0
4.936130869128893e-15,0.6544378843992611,0.2092652372234463,-10.48461146710574
1,0,1,0
1,0,1,0
1,0,1,0
1,0,1,0
1,0,1,0
5.64667360488876e-15,0.4026496846841603,0.2628620061971324,-11.0067881498962
1,0,1,0
1,0,1,0
1,0,1,0
1,0,1,0
1,0,1,0
1,0,1,0
1,0,1,0
1,0,1,0
1,0,1,0
1,0,1,0
1,0,1,0
1,0,1,0
1,0,1,0
1,0,1,0
1,0,1,0
2.804502661847769e-15,0.7043604599897648,0.2006611920274861,-13.25938302160495
1,0,1,0
1,0,1,0
2.093959926088373e-15,0.5088349469262283,0.2378218170285937,-10.61164287231578
1,0,1,0
1,0,1,0
1,0,1,0
1,0,1,0
1,0,1,0
1,0,1,0
1,0,1,0
1,0,1,0
1,0,1,0
1,0,1,0
3.333086842667807,1.003944244183099,0.1581789973846876,-12.64250241861628
1,0,1,0
1,0,1,0
1,0,1,0
1,0,1,0
1,0,1,0
1,0,1,0
1,0,1,0
1,0,1,0
3.2950696856663,0.9888911348410367,0.160006770983798,-10.58474222095539
4.982455556778223,1.608176027974427,0.1023741930231046,-11.47315792166702
1,0,1,0
1,0,1,0
1,0,1,0
1,0,1,0
1,0,1,0
1,0,1,0
1,0,1,0
1,0,1,0
2.804502661847769e-15,0.7045778047764024,0.2006248737880922,-10.7373213222498
5.64667360488876e-15,0.4170406789718157,0.2592086968518387,-10.69421459687475
1.038263951005382e-15,0.3861789555306565,0.2671573872761024,-13.21027872438749
1,0,1,0
1,0,1,0
1,0,1,0
1,0,1,0
1,0,1,0
1,0,1,0
1,0,1,0
1,0,1,0
1,0,1,0
1.028145822447522e-15,0.7228584898749872,0.1976039352183966,-10.80773350663024
1,0,1,0
1,0,1,0
1,0,1,0
1,0,1,0
1,0,1,0
1,0,1,0
1,0,1,0
1,0,1,0
1,0,1,0
1,0,1,0
1,0,1,0
1,0,1,0
1,0,1,0
1,0,1,0
1,0,1,0
1,0,1,0
8.48884454792928e-15,0.5974561316167737,0.2197751382512896,-17.51948257530517
1,0,1,0
1,0,1,0
1,0,1,0
1,0,1,0
2.779766716313128,0.7619699001076157,0.1913563748734654,-10.81303531892528
1,0,1,0
1,0,1,0
2.093959926088373e-15,0.6071849736306483,0.2179248451716103,-10.18047066645147
1,0,1,0
1,0,1,0
1,0,1,0
1,0,1,0
4.936130869128893e-15,0.5882661366198434,0.2215451886304759,-9.596580838945947
1,0,1,0
1,0,1,0
1,0,1,0
1,0,1,0
1.028145822447522e-15,0.7045777318275448,0.2006248859762196,-10.73753540987218
1,0,1,0
1,0,1,0
1,0,1,0
1,0,1,0
1,0,1,0
1,0,1,0
1,0,1,0
4.936130869128893e-15,0.6622857681669174,0.2078770695997448,-9.707629754046803
1,0,1,0
1,0,1,0
1.038263951005382e-15,0.417028039706814,0.2592118661135971,-10.0003294622677
1,0,1,0
1,0,1,0
1,0,1,0
8.48884454792928e-15,0.5974561238748066,0.2197751397332699,-18.73293700376115
1,0,1,0
1,0,1,0
1,0,1,0
1,0,1,0
1,0,1,0
1.028145822447522e-15,0.700976923758347,0.2012278141751135,-10.48756714825206
1,0,1,0
1,0,1,0
1,0,1,0
1,0,1,0
1,0,1,0
1,0,1,0
1,0,1,0
1,0,1,0
1,0,1,0
1,0,1,0
1,0,1,0
1,0,1,0
1,0,1,0
1,0,1,0
1,0,1,0
1,0,1,0
1,0,1,0
1,0,1,0
1,0,1,0
1,0,1,0
1,0,1,0
1,0,1,0
1,0,1,0
1,0,1,0
4.936130869128893e-15,0.6622984244534074,0.2078748419511685,-10.40186352991158
1,0,1,0
1.038263951005382e-15,0.688163721774707,0.203394835084961,-12.97843242449712
1.038263951005382e-15,0.4239534629311912,0.257485453147183,-10.92630592170286
1,0,1,0
1,0,1,0
1,0,1,0
1,0,1,0
1,0,1,0
1,0,1,0
1,0,1,0
1,0,1,0
4.936130869128893e-15,0.6098597602429869,0.2174203089088342,-10.22669112662882
1,0,1,0
1,0,1,0
1,0,1,0
1,0,1,0
3.364865390930092,1.019341138281394,0.1563376720190261,-11.20035810264603
1,0,1,0
1,0,1,0
1,0,1,0
1,0,1,0
1,0,1,0
1,0,1,0
1,0,1,0
1,0,1,0
1,0,1,0
1,0,1,0
1,0,1,0