dN/dS,LRT,p-value,Log(L)
1,0,1,0
0.5436649883717218,0.9181147875308113,0.1689852274462822,-22.68420010478151
0.2783723436883381,2.625172679533037,0.05259053097813604,-23.04889457213838
1,0,1,0
1.254127737395254,0.1425676290794584,0.3528708337139594,-31.2578373354166
0.2853629573643913,2.496564879758147,0.05704745908590081,-20.23462054954287
0.2452930266314436,3.338021212621673,0.03384798756591872,-13.28711124925022
0.2453687512679132,3.33508681208675,0.03390841399889016,-21.31895524939216
1.818915247599203,1.772061265438509,0.09156359343796633,-53.80391074568795
5.840566125974614e-16,6.399219358692278,0.005708527750746983,-11.92005481441768
0.9567767613064274,0.007910792333916561,0.4645637499580335,-45.68419789349169
0.820071575200498,0.08405268049715175,0.3859393311557268,-35.17161826605003
1.11323247532334,0.0443438411424637,0.4166075982854048,-52.41855340088352
9.682324783204268e-17,6.225445613674637,0.00629636064126321,-21.53814759056493
1.47155611829099,0.9621739045845032,0.1633198856194406,-60.91001896435423
0.9072972540113152,0.02928316272118536,0.4320634318924367,-43.33792187012581
0.6250792837734171,0.518413431891247,0.235759626284122,-37.46328645079737
9.555848176237971e-17,8.018331423156319,0.00231531068747759,-31.27233380603991
0.5812753795554458,1.065388708880825,0.1509946775955373,-28.53893826474241
1.047222802175973,0.008372898075435842,0.4635462462385154,-85.03058451519271
9.682324783204268e-17,7.363367569843874,0.003328300241067284,-17.61008704151119
2.287852447174094e-16,3.512289903327101,0.0304576030307156,-12.16077706387254
1.110343699239359,0.04487598538838711,0.4161161149221114,-41.43106410532842
1.028145822447522e-15,3.512580861449408,0.03045225503892196,-19.85654557005552
1,0,1,0
1.252975897184066,0.1885399117252433,0.3320673123068542,-40.39463455646384
5.840566125974614e-16,8.017839223278393,0.002315940021384189,-21.03887697363216
0.5437071130476396,0.9178379265302112,0.1690216516507714,-26.92832527508463
0.4913770933768617,1.294753755047232,0.1275868694771571,-26.95576171357918
0.938774517092833,0.012200931433199,0.4560231473688691,-45.8602812675223
0.4388127306167542,0.9092671199292113,0.1701544741064751,-22.55239611746187
1,0,1,0
1,0,1,0
1.104251118343223,0.03100115640813783,0.430118904047621,-45.37617163255114
0.753714837595478,0.2636374843013414,0.3038160477083656,-35.70717182718569
0.2521021219388244,3.174468604359078,0.03739876947532755,-15.35311329570387
1.756556803392455,1.059105066490119,0.1517096936715026,-35.12434397994424
0.6253774288523807,0.5176564474776129,0.2359215452289676,-23.49967875449433
0.4223736825583372,1.010414200245087,0.1574018149816042,-23.23707433784694
1.188208924260697,0.1122727591439059,0.3687856605322061,-36.21742503270293
1.197489881731577,0.1527687053503257,0.3479517010875747,-64.61848690045326
1.08808541721136,0.02765850993179697,0.4339570971541396,-47.02709702252827
0.8336629246666156,0.07028717861044953,0.3954595533122284,-31.76934287222905
0.8162014565587828,0.1322883619279622,0.3580355433863112,-41.49203118761139
0.4171500455838494,1.044466875714619,0.1533924328483153,-30.10141653210582
1.251796815462075,0.1870262342758622,0.3327016340765718,-39.66208515778352
0.2487628385254829,3.252775313647849,0.03565131620006923,-13.57784653192652
0.908346345782591,0.02858054930810283,0.4328755777760481,-38.30250992117531
0.3212077191359719,1.952822245368658,0.08114152566402838,-20.02821303396602
5.840566125974614e-16,7.36341534393955,0.00332821181232229,-11.41422540984009
5.840566125974614e-16,4.792315844072938,0.01429348315286477,-11.71097485386928
3.17603086687411e-16,7.969343295807796,0.002378809793276093,-11.94560382515553
1.113095485082742,0.04424334173829436,0.4167007637491698,-42.16394529059893
0.6250510283601545,0.5188968379562695,0.2356563196267787,-26.63081212816053
0.3024424099649519,2.218196803653747,0.06819613914405315,-20.32618124836521
3.17603086687411e-16,5.396044890213783,0.01009121890870146,-9.830766154575437
0.4981638825443311,1.240174519056154,0.1327187112290873,-20.6118165931501
0.5440987480403253,0.9154355284181861,0.1693381572961735,-39.17567387369444
0.2714966468976519,2.754661116515955,0.04848568085122373,-21.5402073180133
3.17603086687411e-16,6.617072882644791,0.005050285274619537,-11.12100571743672
1,0,1,0
0.2773346726643773,2.643187671142634,0.0519973466667138,-19.39961526289922
6.728744545674702e-16,7.363382429409825,0.003328272736097704,-18.21121667890025
0.4170285588890325,1.045258527241785,0.1533008117541241,-27.71151133307196
3.17603086687411e-16,6.617072861507904,0.005050285334558424,-13.78216751240059
1.028145822447522e-15,5.396044890884397,0.01009121890482373,-16.34087228120653
1.028145822447522e-15,7.207033984675512,0.003630920157583262,-29.55585068646834
3.17603086687411e-16,7.363433347100599,0.003328178489510392,-11.75467024969942
0.3123906883023491,2.071531328310705,0.07503538661406184,-22.40169586896311
1.007310128315427,0.0002103173436864836,0.4942146133818557,-35.79529237056468
3.17603086687411e-16,7.363433361422732,0.003328178463001097,-11.75510577768862
0.9074364834637031,0.02918937244680819,0.4321712591302253,-35.27126885874417
0.2715798101496968,2.753054944383798,0.04853440101441897,-22.77388228004351
1.09707874096523,0.02487641134106156,0.4373377045953896,-30.23078876325208
0.5230480931419917,1.053737439101681,0.1523239443327345,-30.67460821434781
1.048286503891053,0.008742497365730628,0.4627526494310616,-33.95869865251746
0.9989204647934478,4.659092539327503e-06,0.4991388865021164,-39.79786760690736
0.8349789365956725,0.06903661028560748,0.396372336326977,-37.80691995219786
1.317631923951057,0.2082838003627643,0.3240579409386044,-35.76774128279003
1.108851175843795,0.04119625033111163,0.4195797896427256,-43.05982472435802
1.111893125878165,0.04333048968554465,0.4175521098589483,-45.15374598418604
0.7578546506458033,0.1687898446284208,0.3405947789899139,-36.12799235098498
1.665839248636764,1.32465817245523,0.1248788812209035,-61.37540522765858
0.2855027298720142,2.494091187079562,0.05713716239340288,-22.60771558149825
0.5685842552835503,0.3878276428319367,0.2667217503822449,-40.77615122622591
1.574344256172923,1.066234906234484,0.1508987213175795,-72.11433816345971
1,0,1,0
0.2713647995954122,2.757293283662456,0.04840595430597439,-20.34053033755065
0.3791220803715354,1.334157376996458,0.1240334803574375,-27.89299448034762
0.3787778288161182,1.337130852274271,0.1237702913431674,-22.27019900648083
6.728744545674702e-16,6.742819048869855,0.00470628858129285,-25.9196265167159
9.555848176237971e-17,6.22556939937871,0.006295920480422768,-11.46242831923063
3.17603086687411e-16,7.184293293752734,0.003677225693819342,-13.36592174173908
0.2774304345130557,2.641392079411425,0.05205614046421786,-26.36430018090623
1.004439588068021,7.764309096103261e-05,0.4964847529378463,-33.44549079241971
1,0,1,0
1,0,1,0
0.26140388342427,2.964225529586699,0.04256260613589818,-54.0637798513221
1.480908814623855,0.8125537473017914,0.183683155064169,-53.04513613045885
1,0,1,0
1.028145822447522e-15,7.968930497411364,0.00237935233899278,-42.19265879419176
2.731941657024047e-16,7.004448210607531,0.00406537154176484,-11.25205302887505
1,0,1,0
4.730343101349462e-16,7.363367405609505,0.003328300545065443,-10.65484888703365
0.5021812799949377,1.208042950633022,0.1358600286007355,-31.93169975765053
1.009353525435404,0.0003437058196311682,0.4926043111564575,-33.91619102602112
9.555848176237971e-17,7.471618924607341,0.003133958167284012,-11.51334796625298
1.028145822447522e-15,6.399066538395203,0.005709019160722362,-32.11145521350559
2.287852447174094e-16,8.372218490780639,0.001905001177159693,-27.51519179878182
1,0,1,0
0.5711241256021027,0.7616290982403058,0.1914095904828356,-54.3544944283833
5.840566125974614e-16,8.371231193267377,0.00190603637580411,-17.6568897673258
1,0,1,0
0.2773934713375483,2.642084439662046,0.05203346160871436,-15.7798538237105
1.09961273912068,0.02631242331511885,0.4355698309376839,-29.20239216232993
0.2774151393646697,2.641676561658223,0.0520468206936357,-23.32666154703644
1,0,1,0
1.028145822447522e-15,7.820972022905124,0.002582170663168071,-42.43725575245406
1,0,1,0
4.730343101349462e-16,7.18429289040742,0.003677226520457877,-12.51097906952419
1,0,1,0
0.2452930246670614,3.338021217712072,0.03384798746119499,-13.28710470695456
4.730343101349462e-16,4.557616773438941,0.01638632370790011,-12.26576471921091
9.682324783204268e-17,6.225545934664169,0.006296003914514847,-17.3157865796656
3.17603086687411e-16,5.27824366056619,0.01079675978826744,-12.07635018937183
1.115307324712846,0.04590342828574023,0.4151757206061705,-55.85033218716321
1.050500345518294,0.004770195113565023,0.4724683037828387,-49.61617583035427
0.4977761902359273,1.243296028553317,0.1324183865416528,-34.10443958799257
1,0,1,0
5.840566125974614e-16,7.471422347773593,0.003134300373436927,-10.8194139386785
2.449231293967717e-15,6.617072882641907,0.005050285274627697,-34.24046861388862
5.840566125974614e-16,5.465329490917789,0.009698698197223909,-12.26876698729688
5.840566125974614e-16,5.465230763308746,0.009699246148541563,-24.67172891052241
6.728744545674702e-16,3.837123875432965,0.02506472123001657,-25.23700445591368
9.682324783204268e-17,6.617072882641935,0.005050285274627642,-20.80260468073202
5.840566125974614e-16,4.792250078748673,0.01429402887904213,-18.2972292863948
9.682324783204268e-17,8.370575838351115,0.001906723842816149,-33.00595223438404
0.2614045464867668,2.964210224653129,0.04256300893150422,-36.63858210835809
6.728744545674702e-16,3.837784225069697,0.02505485071386809,-27.4406547397123
0.553497900079972,0.4299597246801454,0.2560043557138434,-47.33261568805408
0.2714586161816754,2.755440876707851,0.04846204753901784,-19.64596232363921
5.840566125974614e-16,8.394835660118041,0.001881442650560894,-18.61353388458231
0.2852971637656451,2.497695365741833,0.05700651607639506,-20.12958354011766
1,0,1,0
2.287852447174094e-16,5.278243669664477,0.01079675973184668,-12.76995361184765
5.840566125974614e-16,7.363415318593479,0.003328211859236652,-11.41345446461532
0.4989864506442144,1.233572235457473,0.1333567232862118,-20.21864475992938
3.17603086687411e-16,6.617072882575847,0.005050285274815047,-13.89841267293315
0.3125603721389874,2.069970270051812,0.07511222486477642,-35.28553256459484
2.287852447174094e-16,7.004382865942311,0.004065519935220197,-17.55825335357663
9.682324783204268e-17,8.394802759032778,0.001881476704926166,-17.92037041915767
9.555848176237971e-17,7.826024439841749,0.002574962446154905,-12.31236707859835
5.840566125974614e-16,7.96931040647366,0.002378853015488513,-11.25273579637152
0.2793170116898626,2.607654252927169,0.05317448421887344,-23.74061550747558
0.3703906471978495,1.411301176666957,0.1174202553228898,-13.19196557034617
6.728744545674702e-16,4.341764061447059,0.01859418671724905,-20.99566529094857
2.449231293967717e-15,6.617072882644763,0.005050285274619593,-35.28417526212128
6.728744545674702e-16,3.608393523823114,0.02874431358348534,-14.11769959953208
1,0,1,0
3.17603086687411e-16,7.96934332230007,0.002378809758460998,-11.9464106910313
5.840566125974614e-16,6.225551107822547,0.006295985520084257,-17.9119201127086
3.17603086687411e-16,7.184293293752688,0.003677225693819397,-12.26656439631343
0.9384643280933901,0.01233725553487375,0.4557791506611326,-27.821340166939
5.840566125974614e-16,8.372054534309257,0.001905173048766917,-29.9874649375128
0.2487539113291004,3.252990797131581,0.03564663016803682,-15.92899837628763
1.028145822447522e-15,7.20703398462895,0.003630920157677464,-41.31033914194708
2.804502661847769e-15,7.184293291833768,0.00367722569775214,-34.52305837386479
6.728744545674702e-16,5.278243641725808,0.01079675990510137,-24.64053431696417
0.2784408463553193,2.623897418431589,0.05263280197268955,-17.29655001563231
5.840566125974614e-16,5.396044891196073,0.0100912189030215,-11.27126945423624
5.840566125974614e-16,7.3634333679904,0.003328178450844765,-11.75530546066471
1,0,1,0
9.555848176237971e-17,7.471290972891648,0.003134529095568439,-11.51278025236963
1,0,1,0
1,0,1,0
5.840566125974614e-16,4.557616691257039,0.01638632449424565,-12.26631025301494
0.277415144003121,2.641676505604003,0.0520468225298179,-27.14660974012419
3.17603086687411e-16,7.648508068512371,0.002840964646977862,-12.92189361298233
1,0,1,0
1,0,1,0
4.730343101349462e-16,7.648508051150458,0.002840964674320323,-14.09190946247639
1,0,1,0
1,0,1,0
9.682324783204268e-17,6.225563031248555,0.006295943123635461,-18.61409292959562
0.2522933815785678,3.169963514413208,0.0375020609240625,-15.95030977831999
3.17603086687411e-16,8.394784857366844,0.001881495234361652,-10.6258578111944
5.840566125974614e-16,8.372218590743238,0.001905001072376122,-12.570346766742
0.3126705081251259,2.068464715252148,0.07518641543775079,-16.59064808027291
0.2714586272003035,2.755440747982888,0.04846205143943377,-19.64719899956501
1,0,1,0
2.804502661847769e-15,3.609510780137995,0.02872500864893279,-41.36900279214813
3.17603086687411e-16,6.617072861540127,0.005050285334467053,-10.95767806366846
1,0,1,0
2.731941657024047e-16,8.017346872302543,0.002316569722786932,-12.06548705313444
1,0,1,0
5.840566125974614e-16,5.277030424428638,0.01080428608497841,-20.5203228107217
2.287852447174094e-16,8.372215321709184,0.001905004499071272,-19.94528070337384
0.2783723417297549,2.625172769321303,0.0525905280032406,-22.01844986582212
0.4768193452808696,1.424242718819023,0.1163531664227644,-26.81512176253048
0.8159603316060664,0.132688748930903,0.3578301901884235,-40.01497229152151
0.2388918079769562,3.5040890586031,0.03060875159399978,-32.44998651935349
3.17603086687411e-16,7.648508051150458,0.002840964674320323,-14.09236703408502
0.27734451080679,2.643003802391917,0.05200336381344128,-15.18228856463786
1,0,1,0
3.17603086687411e-16,7.20703397423344,0.003630920178708474,-12.97846731048702
0.5738384722743793,0.374121628682218,0.2703830772539415,-22.21301316671838
0.2853819695801251,2.496128717338294,0.05706326432378389,-31.65640068501333
1,0,1,0
1,0,1,0
5.840566125974614e-16,8.372049788163309,0.001905178024271925,-21.12384019408289
0.4914530967603494,1.295286650919209,0.1275379846486668,-19.5854693433749
1,0,1,0
0.3022733880203695,2.220771447987886,0.06808250299366653,-24.69392013287159
5.840566125974614e-16,8.394802654561698,0.001881476813060279,-10.96544046054597
0.3021503653282336,2.222649255146429,0.06799975659368479,-21.15298274544841
0.3124140225598074,2.0720659766775,0.07500909064477984,-14.51511932557086
0.285362216298588,2.496594568118155,0.05704638344289037,-13.82985061275103
6.728744545674702e-16,7.969226691409766,0.00237896303501578,-24.509160954239
1,0,1,0
0.2676906335614017,2.831134282319653,0.04622651989586474,-18.87426326713086
0.2715845817565863,2.752908183067987,0.04853885539853259,-28.60864460904921
0.2714699811961839,2.755161699102104,0.04847050753251053,-32.9952851193561
0.245487406543322,3.332115734196293,0.03396971323136361,-23.36847336367732
1,0,1,0
9.682324783204268e-17,7.471422302708916,0.003134300451891114,-18.51253287798006
3.17603086687411e-16,6.617072861506337,0.005050285334562921,-12.05641408591353
1,0,1,0
9.682324783204268e-17,8.035746125908531,0.002293155730528074,-37.28043574103649
1.028145822447522e-15,5.27724362551286,0.01080296310111001,-18.80721177905236
1,0,1,0
5.840566125974614e-16,6.225574694066633,0.006295901654121139,-11.8138793999696
0.2614045562627381,2.96421013244532,0.04256301135824414,-14.03605686957721
5.840566125974614e-16,6.225551261158891,0.006295984974860169,-17.91804409117292
1.111964700076293,0.04338257837483184,0.4175032804475237,-48.27060062404541
0.2714827826659755,2.754977733419636,0.04847608317350233,-16.09541059929426
3.17603086687411e-16,8.372217774333862,0.001905001928159233,-13.50431295102342
0.379031733283549,1.334936157357163,0.1239644825920894,-27.70924797005643
2.287852447174094e-16,6.225557596100977,0.006295962449500536,-18.00661213154753
9.682324783204268e-17,5.465179588747432,0.009699530186732419,-16.92943986135348
9.682324783204268e-17,6.617072882621819,0.005050285274684652,-20.10744276166137
1.112483783171395,0.04385745736151136,0.4170595187717403,-47.96692269126101
0.1927636157787042,5.077003753133035,0.01212261681687093,-15.52574645027588
9.682324783204268e-17,6.617072882644774,0.005050285274619593,-11.86720672456884
1,0,1,0
3.17603086687411e-16,8.020137807726648,0.002313002510137663,-11.3780162946764
3.17603086687411e-16,7.184292891547084,0.00367722651812219,-13.82586949107598
0.7533511503815439,0.2645839377936952,0.3034941368413286,-26.07834441128938
1.955038461773292,2.90321267616369,0.04420159998859935,-65.23211798879908
0.4989654518472617,1.233742029708601,0.1333402674266261,-28.39622442086871
6.728744545674702e-16,4.792393712240308,0.0142928370243236,-13.19681125996018
0.2616235826446522,2.95948626038021,0.04268753156672128,-25.2660271394537
5.840566125974614e-16,4.557616692034856,0.01638632448680327,-12.26630508838383
1,0,1,0
5.840566125974614e-16,7.004424850626997,0.004065424590114497,-24.85579800064324
2.287852447174094e-16,6.399190583787803,0.005708620276205612,-10.87353421278804
4.730343101349462e-16,5.465329487047779,0.00969869821870234,-12.26864928641732
0.5355462535147698,0.9694249601213443,0.1624118170538595,-19.93112125304194
1,0,1,0
1,0,1,0
0.856982927933794,0.07512018254453778,0.392011336002284,-32.89747575505454
2.509897052099161e-16,8.017346904692644,0.002316569681355296,-12.06528953537504
9.682324783204268e-17,7.004326727169335,0.004065647427121843,-29.87441672024949
0.2454501086467686,3.333061278148463,0.03395019193955456,-19.86152002008739
0.277430425672799,2.641392102526581,0.05205613970688033,-14.051425666487
0.2853858225400247,2.496123099120886,0.05706346794288375,-26.53623520835978
9.682324783204268e-17,4.557949951214404,0.0163831360685911,-20.99103733143236
0.2774456624326664,2.641110149053858,0.05206537843691394,-45.64468149657372
0.2506147350502325,3.208635041283657,0.03662528378570956,-34.94133060411723
0.5795217422547337,1.078477419944555,0.1495192087145187,-29.24232655997496
1.363050221838159,0.4326338842296167,0.2553496817672175,-44.6003233186314
3.17603086687411e-16,7.648508068665954,0.002840964646735999,-12.87167317237833
0.2784923787239153,2.622941455696008,0.05266451362593444,-28.27723691874949
9.682324783204268e-17,7.363250833688376,0.003328516327082254,-16.1311828674066
0.3699981352165115,1.414903810151571,0.1171220178282208,-27.19574811471742
2.026975178965506,3.192484955034757,0.03698873943148484,-70.63785239639603
3.17603086687411e-16,5.396044891181138,0.01009121890310788,-10.92975786356608
5.840566125974614e-16,8.035779446539721,0.002293113547668424,-16.97288532723949
9.555848176237971e-17,8.035868022230026,0.002293001417503215,-11.56207562091673
3.17603086687411e-16,6.225581108893277,0.006295878845024028,-12.15530137203353
3.17603086687411e-16,5.278243669784754,0.01079675973110084,-12.7707687920137
5.840566125974614e-16,6.225574762954007,0.006295901409178961,-11.81597567107944
9.682324783204268e-17,5.396044891088394,0.01009121890364417,-17.32287969143443
1,0,1,0
1,0,1,0
1.028145822447522e-15,5.2779106689174,0.01079882495752388,-21.01247356081956
0.2507963654342867,3.203835569498366,0.03673289334833996,-19.93321940990524
0.4979738999557762,1.241702082595964,0.1325716365262637,-26.92046110698283
3.17603086687411e-16,6.39922577831517,0.005708507108714622,-12.26173741427712
1,0,1,0
5.840566125974614e-16,6.225551231196992,0.006295985081396893,-10.71471716800788
1.028145822447522e-15,7.207033973897069,0.003630920179388986,-74.23142115019876
2.287852447174094e-16,6.225557672277354,0.006295962178638204,-18.00994332104928
2.449231293967717e-15,7.823990386675234,0.00257786193368903,-36.13760383863891
3.17603086687411e-16,8.394850538777479,0.001881427250566448,-11.72459662571076
9.682324783204268e-17,7.363367521608687,0.003328300330350753,-24.85003122831105
1,0,1,0
5.840566125974614e-16,7.930635358582798,0.002430236342356784,-12.55918585991305
3.17603086687411e-16,8.371397840230877,0.001905861603426262,-21.3878644546134
9.682324783204268e-17,4.881142382311282,0.01357582177708949,-25.17794236321558
2.287852447174094e-16,7.363415328885051,0.003328211840187445,-11.41376750981333
1.028145822447522e-15,4.36066385267344,0.01838898529491939,-36.43972314926398
9.682324783204268e-17,7.184293071099923,0.003677226150136492,-19.71044421928788
1,0,1,0
2.804502661847769e-15,7.207033974295669,0.003630920178582575,-32.41559143684279
6.728744545674702e-16,5.278243666208898,0.0107967597532756,-12.42845200479734
1,0,1,0
9.682324783204268e-17,7.363400432858548,0.003328239412130451,-18.30281216857347
0.8342654330404661,0.06971050863870687,0.3958793730805858,-41.63793687643408
0.2713904372987463,2.756786414273648,0.04842129591880268,-20.35614082567934
6.728744545674702e-16,3.610670451025392,0.02870498539904459,-20.51506281858899
0.2488300466282186,3.25112772656108,0.03568716743676309,-19.58815997762292
5.840566125974614e-16,5.396044891181134,0.01009121890310788,-10.92975617745217
0.8286408022377965,0.07519072277078465,0.3919619030117854,-42.42102645460817
5.840566125974614e-16,8.146461770970561,0.002157263077867899,-12.60827154919579
5.840566125974614e-16,8.017838937414759,0.00231594038694416,-21.04098712136065
1,0,1,0
1,0,1,0
1.028145822447522e-15,6.225417032925151,0.006296462274024361,-89.62588530749458
4.730343101349462e-16,7.969292381388566,0.002378876703873767,-10.91099790344566
3.17603086687411e-16,8.369428440493593,0.001907928070082998,-12.85934340678483
0.3124152855586654,2.07202858930674,0.07501092915400542,-19.62445735078935
5.840566125974614e-16,5.465296613380538,0.009698880668360277,-18.81742924009261
2.731941657024047e-16,8.01734669875167,0.002316569944783797,-12.06654604744123
5.840566125974614e-16,8.394868550491172,0.001881408607909862,-12.0653001262305
3.17603086687411e-16,7.363349520204125,0.003328333651157034,-10.31433129286051
1,0,1,0
5.840566125974614e-16,7.907800415613885,0.002461104137413073,-22.58225127526958
0.2783594523794016,2.625413487183494,0.05258255312009569,-22.1806395186378
0.2719083272378696,2.746590744921484,0.04873102043809274,-22.63130805235792
5.840566125974614e-16,8.394784903802687,0.001881495186297155,-24.82359427484429
0.5710904819732401,0.7618423010277979,0.1913762967883449,-34.83734927859627
0.907686903664793,0.02902094824440837,0.4323653387485803,-44.1183123447128
3.17603086687411e-16,8.372218501494643,0.00190500116592901,-15.19822465582199
0.2508564111041717,3.202390078959368,0.03676536931683089,-25.83123361694543
1,0,1,0
0.2387735745221181,3.507240847386335,0.03055056719113869,-14.29404508163572
1,0,1,0
0.5553228087699168,0.8489613732692405,0.1784231631983217,-29.89445976241906
0.8196399276974959,0.08451477030364174,0.3856349392847694,-40.68859318618301
0.3788473505262457,1.336529185301124,0.1238234910458206,-21.13871435758981
1,0,1,0
5.840566125974614e-16,8.018168128584676,0.002315519458977622,-16.8662507637282
1,0,1,0
5.840566125974614e-16,7.363415478657213,0.003328211562966421,-11.41578437505713
2.731941657024047e-16,8.017346872258084,0.002316569722843831,-12.06548732429765
0.5548720511743467,0.8515647555512231,0.1780550263333209,-28.94393946172887
2.287852447174094e-16,7.004415546482726,0.004065445719160565,-18.25180979748181
9.682324783204268e-17,8.01882354280341,0.002314681630283255,-27.09860954735139
9.555848176237971e-17,5.465311453147663,0.00969879830685022,-11.92731443024073
5.840566125974614e-16,4.558552367496311,0.01637737416502211,-20.99326111611366
0.3661995473209458,1.450964975792829,0.1141865885766373,-15.64132700904102
0.2853491430976416,2.496799697934456,0.05703895196762848,-13.12909395675146
5.840566125974614e-16,5.396044891065877,0.01009121890377435,-23.26619943147204
3.17603086687411e-16,8.37221858726458,0.001905001076022539,-11.87680820809202
0.8152779733462201,0.1338228811188671,0.3572504070173856,-29.56778728472503
1,0,1,0
0.2774151373578173,2.641676609457413,0.05204681912786535,-14.15377994987678
1,0,1,0
1,0,1,0
3.17603086687411e-16,8.372053725762797,0.001905173896385726,-12.86506697770522
2.287852447174094e-16,7.47155446784069,0.003134070371126452,-17.81743814734948
0.3021566332599598,2.222554665524342,0.06800392203318067,-19.76495357458815
1,0,1,0
6.728744545674702e-16,7.96921154073754,0.002378982946798502,-23.65207658035715
0.6243257647802978,0.5216923297249991,0.2350603369106349,-24.16193409699101
1.005610235401579,0.0001239821403800079,0.495557978497374,-51.91007174443257
1,0,1,0
4.936130869128893e-15,7.478511264869155,0.003121983876153256,-67.56888142555324
0.8146601512716084,0.1348505884308793,0.3567274305568017,-35.85348568665031
6.728744545674702e-16,8.372217865518984,0.001905001832576414,-29.18511028112144
1,0,1,0
4.730343101349462e-16,8.035877604951835,0.00229298928683247,-18.7652938545147
1,0,1,0
9.555848176237971e-17,6.399207655858309,0.005708565380923569,-11.22649186023786
1,0,1,0
1,0,1,0
1.028145822447522e-15,7.184293072297152,0.003677226147682788,-40.55347718195279
5.840566125974614e-16,7.363235758840432,0.003328544232624686,-29.60501313832043
9.555848176237971e-17,8.017346839871394,0.002316569764271081,-12.06568486035281
1,0,1,0
0.9084407283610877,0.02851771716045448,0.432948702832168,-37.76828127121627
1.677652493476675,1.584781238529303,0.1040366683845964,-67.46635268533463
0.604942960888383,0.6007357574029513,0.2191487194861343,-22.01783335595218
1,0,1,0
0.2715675226172167,2.753217233314217,0.04852947586712703,-40.89399254436798
2.193594665750095,3.851593087122666,0.02484938217830374,-69.98222042367061
5.840566125974614e-16,5.465329503155509,0.009698698129304906,-12.26913906480487
0.8785718874485757,0.03496053631442919,0.4258391886876475,-20.99852106497635
1.231737524875676,0.2023651533051662,0.3264092487517813,-42.54469446084923
5.840566125974614e-16,7.004359694108786,0.004065572558267339,-23.47311628354546
3.17603086687411e-16,4.792282850089556,0.01429375693699536,-11.29965395283119
0.2381724994971132,3.523188697101887,0.03025795718877555,-39.08585784949828
9.682324783204268e-17,6.402047790504135,0.005699440459868976,-28.29225678821163
0.8331703097707379,0.10613223313036,0.3722956237253793,-27.70638542825981
0.7487613757097176,0.2767281718489585,0.2994268758950226,-33.7385969777925
0.7368114333453087,0.3100428976456513,0.2888269314310845,-27.66825267988875
0.5431987808587342,0.9209915802070299,0.1686073751870764,-25.69556757762643
0.2506287252558381,3.207807960003208,0.03664380372879716,-131.2905616297742
1,0,1,0
1,0,1,0
9.682324783204268e-17,8.017510925957922,0.002316359883955843,-19.06488935438032
6.728744545674702e-16,5.396044891176523,0.01009121890313458,-17.72886190031539
5.840566125974614e-16,7.969277476188786,0.002378896292318688,-17.80033562322646
9.682324783204268e-17,8.370659547845051,0.001906636017545704,-30.78699145275254
2.287852447174094e-16,7.969094818463546,0.002379136354829947,-29.91732397651251
3.17603086687411e-16,5.465278540332967,0.009698980975728078,-11.2335143036031
4.936130869128893e-15,7.207033984675491,0.003630920157583317,-70.70448093937618
9.682324783204268e-17,4.79236066910746,0.01429311120339788,-19.597879533125
5.840566125974614e-16,7.930569373601639,0.002430324968868636,-11.45931783864671
3.17603086687411e-16,7.184292902291141,0.003677226496102692,-26.52018912283222
1,0,1,0
5.840566125974614e-16,3.608126757604911,0.02874892504138565,-14.1143837124488
3.17603086687411e-16,6.617072861506337,0.005050285334562921,-12.05659045608596
1,0,1,0
2.804502661847769e-15,3.608544466917891,0.028741704651574,-26.94087916193421
0.4768467329252751,1.423980951962662,0.1163746338858628,-41.45868700422137
3.17603086687411e-16,6.225574696444919,0.006295901645664681,-11.81408256949415
9.555848176237971e-17,8.143227416154943,0.002161114275978204,-12.85929373581821
3.17603086687411e-16,7.4715539004326,0.003134071358866675,-10.41356675610102
3.17603086687411e-16,7.184293293752738,0.003677225693819342,-13.36718375141777
5.840566125974614e-16,6.225581091697244,0.006295878906167562,-12.15446824921807
5.840566125974614e-16,5.465296556937258,0.009698880981624913,-11.57508982659706
1,0,1,0
0.5552184300838444,0.8495673167284039,0.1783373853141736,-19.5832290120688
3.17603086687411e-16,8.035867996945996,0.002293001449510057,-11.56203022629823
6.728744545674702e-16,3.608393541581343,0.02874431327653365,-21.11781092336705
1,0,1,0
3.17603086687411e-16,7.47194709949655,0.003133386956725548,-11.51408406608614
3.17603086687411e-16,8.370037782312338,0.001907288451903022,-26.01848840400886
1.028145822447522e-15,4.336330107573815,0.01865362783260055,-22.03004173888137
0.5570070581855947,0.839828288529759,0.1797229425257583,-44.53630718458482
0.2853355194398307,2.497005701852757,0.05703148989949952,-19.45760339577173
1,0,1,0
1.087577273080889,0.02750631065531195,0.4341373937502092,-44.44312174731319
1,0,1,0
0.6250908788658572,0.5186258609212331,0.2357142199729894,-34.57396057210934
1,0,1,0
0.3869006649393075,1.419832777002902,0.116715464589066,-23.01100329246926
5.840566125974614e-16,7.969277464750604,0.002378896307350831,-25.04113605679885
9.555848176237971e-17,8.371889598911885,0.001905345962473493,-12.17130471759719
6.728744545674702e-16,7.969310317740103,0.002378853132100678,-18.49203827976306
4.730343101349462e-16,7.969343268554233,0.00237880982909161,-11.94540924542291
0.2461140547344627,3.3149432067665,0.03432634642796806,-38.47864961519377
1.028145822447522e-15,5.277910652232279,0.01079882506101304,-40.30032459918473
5.840566125974614e-16,5.465311440112327,0.009698798379196738,-11.92691790206377
1,0,1,0
9.682324783204268e-17,8.372218581286852,0.001905001082288582,-17.64016721531783
0.5549717613051943,0.8509859912559321,0.1781367776354907,-27.31294798858839
0.8163650267476603,0.1320216578226905,0.3581725277257221,-34.91006473380915
0.5020796036089219,1.208893001182979,0.1357757355487917,-23.78077613680459
0.4765056120991265,1.427153057435994,0.116114811775053,-23.21514450091397
0.6045061410773617,0.6026222246587523,0.2187896370292743,-21.80278577634447
0.5548912372159193,0.8514539048297962,0.1780706801768068,-29.48802030980412
0.4777752897801399,1.415521499641805,0.1170709755660552,-27.7727891398317
1,0,1,0
2.449231293967717e-15,5.277690485702621,0.01080019072874422,-36.16478087669611
1,0,1,0
0.2783723327754806,2.625172767420658,0.05259052806621373,-22.01744385232241
1,0,1,0
1,0,1,0
1,0,1,0
0.2487544183460301,3.253002941728621,0.03564636608405369,-14.97087984027892
0.5210937145180506,0.5339220839249421,0.2324812926857229,-17.24153063241916
5.840566125974614e-16,7.18429289074475,0.003677226519766541,-30.4354330933474
1.028145822447522e-15,5.465278719527333,0.009698979981174749,-18.7279433473568
0.6050349475014491,0.6003385765494045,0.2192244364950685,-32.97417867166305
0.3124288400204757,2.071842865616581,0.07502006279859813,-20.31353808143395
1,0,1,0
0.5710414528687865,0.7621019523842065,0.1913357607799698,-26.62365444900848