dN/dS,LRT,p-value,Log(L)
1,0,1,0
0.4454857761298572,1.74140916923723,0.09348018738453773,-23.35437524036861
0.2280574333664051,3.810828682357155,0.02546112552070495,-23.5333495659043
1,0,1,0
1.031053731622828,0.002772366386338376,0.4790040879637809,-32.07664748582565
0.4676109705055369,1.510708552787051,0.1095154997002821,-33.09696376958595
0.2007656477009575,4.743617061777776,0.0147035904162599,-13.54069600098004
3.17603086687411e-16,9.950884467674644,0.0008038606833677964,-11.98662590488029
1.738326041872742,1.790119028416697,0.09045583062179102,-62.01882050414194
3.17603086687411e-16,7.806633226883484,0.002602739847537339,-12.22320940206816
0.7823221260186866,0.2615703331376125,0.3045216809092028,-46.81504071231497
0.6721025829412797,0.3615971978268107,0.2738102640651907,-52.6892133064211
1.367401020410066,0.529570345714319,0.2333937755583237,-65.77837014412789
9.555848176237971e-17,7.592878668590281,0.002929965272608082,-28.56912341067129
1.356663111295276,0.6965070288922846,0.2019799390873338,-68.08464122558964
0.9921094389595638,0.0002522138040745858,0.4936645679614114,-51.95887539640807
0.5122459582604127,1.130571617086986,0.143826722420712,-38.57932870560818
3.17603086687411e-16,9.809820264714084,0.0008679123482005502,-31.51930719446377
0.4755009613562068,2.154783537728875,0.07106323601826042,-29.13152863860219
0.8569474118824348,0.1002674132640777,0.3757544817088133,-85.80370557941717
5.840566125974614e-16,8.98298162136048,0.001362528126846674,-23.37803659572419
6.728744545674702e-16,4.271115047311923,0.01938274218930536,-18.40274315849845
0.8984740968809599,0.0500553739250762,0.4114834735225827,-43.45608897707488
5.840566125974614e-16,4.271050602922841,0.01938347728238321,-20.1974853446077
1,0,1,0
1.284062820059055,0.2873775100018605,0.2959530027651979,-46.19760725531606
4.730343101349462e-16,9.809982640831699,0.0008678357220750499,-21.32558185587289
0.2226524397521697,3.972183193261543,0.02312888036790128,-20.10824613447857
0.6036085533061397,0.9087356424722941,0.1702250563589217,-32.93961531635553
0.7691903751972906,0.2253744934885162,0.3174874934912373,-58.8144822327741
0.3592377402031678,1.518012623939917,0.1089602452240028,-23.03743474449448
9.555848176237971e-17,9.952623774881896,0.0008031015630510785,-12.68074090405908
1,0,1,0
1.165341555122448,0.09492540233854641,0.3790032488373337,-59.09483119688226
0.6173294024686042,0.8236506874260527,0.1820574741587623,-36.63508997781578
0.4138046010795714,2.134584716184989,0.07200472873223002,-21.81143949259666
1.795213572225895,1.41869673337014,0.116809016781546,-42.48986532302279
0.5125002773947522,1.129116402072952,0.1439819452277749,-37.08959096225561
0.3465332229916593,1.650220430763326,0.09946446600505077,-23.65597045612304
0.9736401395788592,0.002876821353027026,0.4786125837834516,-37.32959000598578
1.371739456429522,0.6296448966847947,0.2137427990383122,-84.37012848282806
0.8915256806793632,0.05469036783442505,0.4075469431347941,-48.03702005060765
1.026806023000788,0.00207718792903222,0.4818240286359866,-41.07818060309841
0.8920459083092265,0.0541249413865188,0.4080175012144566,-49.21268902067566
0.6863892109705478,0.321852119092128,0.2852483547524335,-37.98675737983483
1.282467011835787,0.2846388408548819,0.2968383752988601,-46.11080484981653
0.2036310194792962,4.632545757797438,0.01568549132467678,-20.98044331613988
0.7435237922929137,0.2910241408136187,0.2947824915587846,-39.18822814756385
0.2633145083306886,2.922912341332648,0.04366505751401423,-20.55615860958052
9.555848176237971e-17,8.983119030708028,0.001362425670270728,-11.67638553340476
9.555848176237971e-17,5.826784480755887,0.007891974192162199,-11.92313780681657
3.17603086687411e-16,9.726315448293917,0.0009082413314371318,-24.26216118423929
1.368604237319556,0.5323951412357673,0.2328008147345015,-55.01783285927836
0.5122744707162917,1.130784025871215,0.1438040833008802,-27.31256166454081
0.2476227179226333,3.28053458049137,0.03505304524134628,-26.95656504160065
5.840566125974614e-16,6.581035420840291,0.005153545977690299,-10.09290220053981
0.4076874767012463,2.218796169918775,0.068169666177821,-21.2146592740032
0.4457789523059545,1.738130434038013,0.09368794380765066,-39.92327941871463
0.2225149444692585,3.976492112140122,0.02306977870591109,-22.08764958783048
3.17603086687411e-16,8.079324918783314,0.002238656086553159,-11.44687486626068
1,0,1,0
0.4543936990108911,1.645371974506617,0.09979500123613272,-26.58489784065264
5.840566125974614e-16,8.983087061131116,0.001362449507058328,-18.46352455421821
0.6861994486601075,0.322350824751382,0.2850991493299656,-37.7184090581964
9.555848176237971e-17,8.079324890907898,0.002238656120989002,-14.07685721157489
9.682324783204268e-17,6.581035421502676,0.005153545975772555,-16.59214121585323
6.728744545674702e-16,8.80231306894143,0.00150424440197755,-30.25826740314471
3.17603086687411e-16,8.98314148505386,0.001362408928373249,-12.09362885780404
0.2559362410391429,3.079191782027564,0.03964996165784634,-37.39011255268349
1.236498537928155,0.2516088546416029,0.3079722524513095,-47.23936693639674
3.17603086687411e-16,8.983141499099894,0.001362408917900626,-12.09406862557218
0.7429937122998023,0.292498674786529,0.2943118761209789,-36.24424513102927
0.2225748797866841,3.974477541383592,0.02309739096978097,-40.16080881972815
0.9020020448643857,0.03299242844001071,0.4279333419583438,-31.08013690839185
0.4280777279614426,1.947658211893653,0.08141971220750127,-31.40111760220103
0.85926200033957,0.09670614377274944,0.3779093899466001,-36.17113520834678
1.020687517244677,0.002077826630454638,0.4818212363779303,-47.3500515481308
0.6866015293240644,0.3212880273475349,0.2854173070101982,-38.60108313902753
1.799701199247079,1.42975644203517,0.115902095720707,-50.52563126061013
0.9079518477038843,0.03846007481799063,0.4222610940846834,-49.9759014414678
0.9102277044189693,0.03646058634362248,0.4242837333091841,-69.69550926911231
0.6218064431236213,0.5316934173788184,0.2329478902942186,-45.4878663614024
1.591047002226388,1.297902144289424,0.127298388484395,-80.50500041094891
0.2338022294498572,3.641765323751166,0.0281735793656106,-23.02942054676138
0.4676681454611517,0.7556475265760412,0.1923470298998601,-41.30352774492646
1.503630401388059,1.019108875642672,0.1563652398434266,-85.42031537923231
3.17603086687411e-16,10.23505372976132,0.0006889829949374704,-20.8680395023686
0.2223978356259349,3.980196673675579,0.02301909372446331,-20.79198705174942
0.3110530809914071,2.092087266291259,0.07403182781510759,-36.39029487620516
0.3107867622463905,2.095879672086724,0.07384834065201173,-28.89835560297547
3.17603086687411e-16,8.227323215262487,0.002063217358421243,-26.30245970936541
5.840566125974614e-16,7.593012001198485,0.002929748589938219,-11.80155507766521
3.17603086687411e-16,8.768694120375855,0.001532223871503757,-22.28412744525968
0.2271259619588256,3.836540980407747,0.02507343741482282,-26.87087235147843
1.029018292562566,0.004043853270388809,0.474647830177746,-39.58765624904586
1,0,1,0
1,0,1,0
0.2139572377741053,4.259027012659772,0.01952113875259331,-68.86296200161046
1.210788337997734,0.2055329552499785,0.3251456940918195,-54.26626136488414
1,0,1,0
5.840566125974614e-16,9.726005740788821,0.0009083943880661693,-48.65941087622286
3.17603086687411e-16,8.551666048666071,0.001726030709107096,-11.46410532478764
1,0,1,0
9.555848176237971e-17,8.983077439472076,0.001362456681131774,-10.99380129626571
0.411343828822577,2.167262606102639,0.07048849241824723,-32.56344355681517
0.8222791555183355,0.1633108450594563,0.3430632078782133,-34.45411370486177
9.555848176237971e-17,9.12815177778203,0.001258529369278782,-11.73964071304536
6.728744545674702e-16,7.806484636940283,0.00260295387373316,-32.48207093892515
5.840566125974614e-16,10.23537904709038,0.0006888614911670365,-45.76053136255442
9.555848176237971e-17,6.430657226648638,0.00560835330365933,-13.42490465890775
0.4676821768972995,1.509965969207528,0.1095721396531441,-55.10924956799061
3.17603086687411e-16,10.23440111817715,0.00068922680627026,-18.1035032934066
1,0,1,0
0.2271008186016979,3.837291892306737,0.0250622094233946,-22.13774417538343
0.9040175887781644,0.03155608319391234,0.4295027287773627,-30.05296211978863
0.4544707674922324,1.644559505373998,0.09985051603232553,-30.25247905839053
1,0,1,0
9.682324783204268e-17,9.549621141148279,0.0009999534563671642,-36.49966599307478
5.840566125974614e-16,9.815910599687488,0.0008650429760347356,-10.38784801166814
9.555848176237971e-17,8.768693569191154,0.001532224334536925,-12.78654061621841
1,0,1,0
0.4017382120042825,2.304803884826711,0.06448727919944108,-20.69520111002304
9.682324783204268e-17,5.566849971971969,0.009151830166024444,-21.52341734332268
3.17603086687411e-16,7.592977851068021,0.002929804086743537,-24.18394872815742
3.17603086687411e-16,6.43264079916873,0.005602093623089555,-17.40474702356582
1.1422557516407,0.08454208160391374,0.385616976819422,-63.56206996600243
0.8633741456505749,0.04530501233826101,0.4157220823597658,-50.51205984029568
0.4074235625190004,2.22253808422694,0.06800465225255226,-34.68824484966441
1,0,1,0
9.682324783204268e-17,9.128412864548736,0.001258349776414092,-18.03753943282146
0.2475551754224387,3.282188745335461,0.03501773560876614,-44.95437342994799
9.682324783204268e-17,6.646661125823599,0.004967090672681918,-19.14623032405102
3.17603086687411e-16,6.646597189706647,0.004967268922222545,-24.9916100798035
5.840566125974614e-16,4.661401885152223,0.01542399754010154,-25.74942503011568
5.840566125974614e-16,8.079324918780543,0.002238656086556601,-27.67733312029485
5.840566125974614e-16,5.826720884880693,0.007892259512321143,-18.50301537731288
1.028145822447522e-15,10.23326480463533,0.000689651533891833,-45.54952806486299
0.2140073476973862,4.257310070550659,0.01954088000812826,-42.69867936608345
9.682324783204268e-17,4.662053001847077,0.01541814985183815,-27.95303878775997
0.4554122791359146,0.817660362212834,0.1829325550897857,-53.60239436864703
0.4450586538517233,1.746191235459285,0.09317813225480531,-26.04693282114934
2.287852447174094e-16,10.24746843118307,0.0006843615381540435,-18.9429703482379
0.2336625482405924,3.645681310570446,0.02810739974797882,-20.53182196626333
9.555848176237971e-17,9.672423484416068,0.0009352720304871553,-11.72012121381162
9.555848176237971e-17,6.432640882010375,0.005602093361810889,-13.17263995660115
9.555848176237971e-17,8.983119004330547,0.00136242568993783,-11.67555946266988
0.6118901642540551,0.8569350586455613,0.177298908711998,-32.89819390439285
3.17603086687411e-16,8.079324918716356,0.002238656086635871,-14.32017008266714
0.2561491098964843,3.079422408789597,0.0396443395362932,-35.77893550197101
0.2337076531373062,3.644372988825438,0.02812949183122476,-32.42993484580782
9.555848176237971e-17,10.24743647434465,0.0006843733939275731,-18.2497906386972
3.17603086687411e-16,9.554230735736805,0.0009974454820541045,-12.71986248404179
3.17603086687411e-16,9.726411422067905,0.0009081939067568379,-11.59187730067864
0.4576181122297796,1.612672670190513,0.1020582568551893,-31.1481525555091
0.303573305555132,2.200712712813122,0.06897347204116044,-14.05924748315366
6.728744545674702e-16,5.299256702626167,0.01066726331812617,-21.32501198791588
1.028145822447522e-15,8.0793249187833,0.002238656086553215,-35.64824289124792
2.804502661847769e-15,4.386012076820322,0.01811748674896735,-33.86220286061047
1,0,1,0
3.17603086687411e-16,9.726443391351964,0.0009081781099455344,-12.2855360299316
3.17603086687411e-16,7.592992469767417,0.002929780330008569,-18.16437230134678
3.17603086687411e-16,8.768694120430897,0.001532223871457516,-13.69208976047537
0.7690350200097061,0.2258390798136745,0.3173132002330498,-28.7023416870635
3.17603086687411e-16,10.23521685978366,0.0006889220642915528,-30.33355207300189
0.2036261609491392,4.63275146301136,0.01568361095245818,-16.36046923631615
6.728744545674702e-16,8.802313068896197,0.001504244402014854,-55.20515088621126
5.840566125974614e-16,8.768694118499511,0.001532223873079996,-41.47432388725031
9.682324783204268e-17,6.432640842070668,0.005602093487778848,-31.04099851580678
0.2281040012998956,3.809446864986967,0.02548213907360297,-32.82162733731649
9.555848176237971e-17,6.581035421817774,0.005153545974860285,-11.61019908565652
5.840566125974614e-16,8.983109567783799,0.001362432725863172,-18.63311815415004
1,0,1,0
0.2189942449353513,4.089134355279604,0.02157987056406341,-19.57997837202818
1,0,1,0
3.17603086687411e-16,9.81602688938225,0.00086498828146786,-12.06100902463456
5.840566125974614e-16,5.56651848194365,0.00915356302063125,-12.54167742934177
0.2271155801915937,3.836849272711888,0.02506882703879765,-27.72958564343789
3.17603086687411e-16,9.343683792353982,0.001118776481682127,-13.55769050033909
1,0,1,0
1,0,1,0
0.2140390971274181,4.256221422388919,0.01955340803884753,-25.65314108859742
1,0,1,0
5.840566125974614e-16,9.343683792421075,0.001118776481641159,-11.75672060851199
9.682324783204268e-17,7.59300404942821,0.002929761512131146,-18.86664145804418
0.2068234003527873,4.514266631382675,0.0168066466803739,-16.43084457479061
3.17603086687411e-16,10.2472859745423,0.0006844292311440348,-16.28637331032865
9.555848176237971e-17,10.23537933170264,0.0006888613848758385,-12.97304489019437
0.2562254907328326,3.077741615255789,0.03968533289569598,-17.18899130340166
0.2224895335952645,3.977318478670654,0.02305846236147768,-20.09857622701263
1,0,1,0
1.028145822447522e-15,4.387480816880739,0.01810188461968459,-48.96865491801421
5.840566125974614e-16,8.079324890939187,0.002238656120950366,-11.23308046049975
1,0,1,0
3.17603086687411e-16,9.8088452076687,0.0008683726268475245,-12.3408593631647
1,0,1,0
1.028145822447522e-15,6.431439237148204,0.005605884608902323,-26.95045134708889
3.17603086687411e-16,10.23537606184598,0.0006888626060365111,-20.35754244976307
0.2280574310810653,3.810828731559539,0.02546112477280149,-22.48154219824329
0.3904952215549306,2.478171144004563,0.05771820555186274,-27.5339009401794
0.6685586362168706,0.5575990525309891,0.2276146207777401,-40.88441231570214
0.1953971707758674,4.963485345861528,0.01294398926157742,-33.07303169130231
3.17603086687411e-16,9.343683769321721,0.001118776495742657,-14.3871673329519
0.2270678729134298,3.838280237292651,0.02504743931763759,-15.83894813923192
3.17603086687411e-16,9.343683792421071,0.001118776481641159,-11.46802787990123
3.17603086687411e-16,8.802313055169581,0.001504244413332245,-13.4349937271649
0.4711353135273144,0.739075082531464,0.1949786616860294,-29.54511322841883
0.2337206489015634,3.643933331387061,0.02813691994217088,-37.92173004639769
9.555848176237971e-17,6.581035421817781,0.00515354597486023,-11.61023177351839
3.17603086687411e-16,8.983045459004288,0.001362480526590881,-10.70632871366567
0.1952850188996001,4.968210080156602,0.01290867575976978,-30.59165920358474
0.2009554765231185,4.736111159849617,0.01476788168445164,-13.18678251605106
1,0,1,0
0.2475078008268151,3.283350798115478,0.0349929533250749,-25.19813982535559
3.17603086687411e-16,10.24743644506482,0.0006843734047902728,-18.24925959643982
0.2474246544363797,3.285391987495089,0.03494946776288088,-21.66886648070546
0.2560251849935959,3.082274003839135,0.03957489546789589,-15.09416660712543
0.2337072479125549,3.644479737750679,0.02812768859816078,-14.4230000569035
3.17603086687411e-16,9.726325144843599,0.0009082365398499492,-24.75188684877174
1,0,1,0
0.6581199058007774,0.6054535706811066,0.2182523872863477,-33.17693321771605
0.2225746394062951,3.974601162645307,0.02309569557989866,-29.14689959504221
0.4451431309856376,1.745221372029064,0.09323930102796246,-33.97838485934395
0.2009417773987534,4.7342956943654,0.01478347585966705,-31.69305078995701
9.682324783204268e-17,4.662119975815216,0.01541754848881544,-12.61106470578365
9.682324783204268e-17,9.127957667066212,0.00125866290841592,-18.72938141622614
4.730343101349462e-16,8.079324890906374,0.00223865612099089,-12.33181495503878
1,0,1,0
6.728744545674702e-16,9.815899142001783,0.0008650483651210794,-37.63407183449651
5.840566125974614e-16,6.431650486464342,0.005605217916495764,-19.14261043649244
9.555848176237971e-17,9.815846864057296,0.0008650729543193125,-9.980599755283974
3.17603086687411e-16,7.593015373759791,0.00292974310930344,-12.07624083812415
0.4281003557923191,1.94737665661247,0.08143491085821375,-30.44044327711421
5.840566125974614e-16,7.592992619803162,0.002929780086187661,-18.170557778893
0.90988657199469,0.03674644557401052,0.4239911002521553,-55.61406331771222
0.2225060015978582,3.976817536246365,0.02306532161779024,-16.57627900583428
5.840566125974614e-16,10.23537851466576,0.0006888616900062039,-13.84995541349122
0.3109598835733479,2.093412938684111,0.07396762963651315,-28.23303204267535
5.840566125974614e-16,7.593000539588203,0.002929767215889612,-18.33610221479461
9.682324783204268e-17,6.646414641181124,0.004967777891162872,-22.58295471560509
5.840566125974614e-16,8.079324918760996,0.002238656086580748,-26.13117028736738
1.366395986302458,0.5272025681305763,0.2338926690846955,-65.49692575537584
0.1578300262222023,6.971609753345852,0.004140648286204307,-15.7356265417557
5.840566125974614e-16,8.079324918783314,0.002238656086553159,-12.96388878279495
1,0,1,0
3.17603086687411e-16,9.811609228902913,0.0008670685049680937,-11.65349149222622
5.840566125974614e-16,8.768693571833253,0.001532224332317367,-22.00367158279198
0.823237447740563,0.1613221247236396,0.3439710872930908,-34.3653554206202
1.594551993572157,1.495952768577951,0.1106475731517574,-73.14082233104746
0.4077506286161545,2.217946990334539,0.06820717636301221,-29.07474233869283
4.730343101349462e-16,5.826873348972285,0.007891575506535964,-13.59025333645229
0.21411108999408,4.253742407496716,0.01958196768411818,-38.28163611361429
5.840566125974614e-16,5.566518482529005,0.009153563017570976,-12.54167350448612
1,0,1,0
9.555848176237971e-17,8.551591718141381,0.00172610118818739,-30.93222162043356
3.17603086687411e-16,7.806607051043553,0.002602777549429613,-11.25344776945297
9.555848176237971e-17,6.646693076963309,0.004967001597536547,-12.6077631891447
1.097305267891049,0.04171076856704303,0.4190860467867705,-38.91043100737861
1,0,1,0
0.2036338619901387,4.632456111942993,0.01568631086009353,-16.35965403642044
0.7017482379887517,0.4240761319122157,0.2574550547503971,-33.86088189926015
3.17603086687411e-16,9.810797881063671,0.0008674511096077864,-12.34518686738415
1.028145822447522e-15,8.551337080734911,0.001726342653708357,-40.53885771876021
0.2008684844223691,4.738383113953809,0.01474839057797755,-20.12490604948287
0.2271259655366099,3.836541009083081,0.0250734369859541,-14.65392804169825
0.2337229108404643,3.643969309368785,0.02813631200792527,-26.92846576203788
2.287852447174094e-16,5.566848526383382,0.009151837722061795,-21.27625598294338
0.2271743384310606,3.835089500799043,0.02509515569788023,-47.31806848659871
0.2048472689170166,4.586625849181701,0.01611119394100352,-35.34482658565252
0.7912687005584322,0.2962527804606339,0.2931205918938898,-42.69468917218852
1.116415231825972,0.05832915167893304,0.4045782716947567,-45.85976562414073
3.17603086687411e-16,9.343683792421082,0.001118776481641159,-13.2744588573901
0.22813920548446,3.808406145133148,0.025497977598817,-34.89746473011597
9.682324783204268e-17,8.982959169687952,0.001362544868238003,-16.38176070328727
0.303408752411103,2.203199478904672,0.06886230858034414,-27.63682436626209
1.453548244755225,0.8661961571388872,0.1760052650706954,-60.8324936910187
3.17603086687411e-16,6.581035421795985,0.005153545974923346,-11.19186933708527
3.17603086687411e-16,9.81596329317572,0.0008650181922564837,-18.04974914342402
9.555848176237971e-17,9.816005740886894,0.000864998227985303,-11.77427028704506
3.17603086687411e-16,7.59302337186379,0.002929730111898343,-12.49446633011828
3.17603086687411e-16,6.432640855440766,0.00560209344561019,-18.60960033803859
5.840566125974614e-16,7.593015441189237,0.002929742999726259,-12.07835039640354
9.682324783204268e-17,6.581035421704392,0.005153545975188523,-17.57529096598927
1,0,1,0
1,0,1,0
5.840566125974614e-16,6.432311093967819,0.00560313359684339,-21.34792116166848
0.2054762961791019,4.562382529171579,0.01634078944989975,-21.07858387913034
0.2037198939750366,4.629134446710495,0.01571670877536263,-20.68446571603843
9.555848176237971e-17,7.806641228106432,0.002602728323233328,-12.64174317894509
1,0,1,0
3.17603086687411e-16,7.592992624089089,0.002929780079222677,-10.97803046656611
2.804502661847769e-15,8.802313054774061,0.001504244413658318,-100.0296714326619
5.840566125974614e-16,7.592977840590081,0.002929804103771194,-24.18367804610941
1.028145822447522e-15,9.551050746852567,0.0009991749575998243,-42.89887554534654
9.555848176237971e-17,10.2474779548251,0.0006843580049867293,-11.98750012547517
9.682324783204268e-17,8.983077552682964,0.001362456596719575,-25.1697966442151
1,0,1,0
9.555848176237971e-17,9.672487756226069,0.0009352393126055292,-12.82248005498569
3.17603086687411e-16,10.23456649256881,0.0006891650152398565,-21.81916904385779
6.728744545674702e-16,5.955550354003002,0.007335511094054448,-31.3162015093055
5.840566125974614e-16,8.983119015863856,0.001362425681338597,-11.6759206741227
1.028145822447522e-15,5.330017734900565,0.01048058593650597,-36.76781162839382
3.17603086687411e-16,8.768693816762145,0.001532224126560178,-20.15745638114806
1,0,1,0
1.028145822447522e-15,8.802313055381589,0.001504244413157441,-40.89652464874877
5.840566125974614e-16,6.432640877417583,0.005602093376296358,-12.75428338450313
1,0,1,0
5.840566125974614e-16,8.98304546521598,0.001362480521959197,-24.47489073171394
1.028225165409847,0.00229868993301352,0.4808801754164816,-50.19245860884706
0.2224433108652649,3.978767997157384,0.02303862664090661,-20.80748837706639
5.840566125974614e-16,4.388807731960064,0.01808780116043757,-21.60304157912272
0.2038051701672961,4.625869104075818,0.01574665115860502,-20.68408800909401
9.555848176237971e-17,6.581035421795992,0.005153545974923346,-11.19187391194865
1.363227771302435,0.3465484672567811,0.2780367461043867,-55.52594662197968
5.840566125974614e-16,9.952624067292213,0.0008031014354897281,-12.68090920574733
9.682324783204268e-17,9.809982522536387,0.000867835777896675,-26.93005542783139
1,0,1,0
1,0,1,0
1.028145822447522e-15,7.592829920887993,0.002930044497987228,-102.4816514920978
9.555848176237971e-17,9.726388944636074,0.0009082050135766906,-11.17329991682556
3.17603086687411e-16,10.23164011320261,0.0006902592661480189,-13.31362265623058
0.2560514956572702,3.081628401520803,0.03959060615125037,-25.51528460757218
0.3009057895696415,2.242441684967311,0.06713440546444116,-29.24536818508639
2.509897052099161e-16,9.808845037389467,0.0008683727072499869,-12.34190848672791
9.555848176237971e-17,10.24750037689853,0.0006843496867148802,-12.40437140492884
3.17603086687411e-16,8.983087273007769,0.001362449349079919,-10.98438295260998
1,0,1,0
3.17603086687411e-16,9.660188003661226,0.0009415217433010881,-28.43277995019155
0.2281415086193248,3.80833550642226,0.02549905301360234,-22.6958614425394
0.4457136576680071,1.738875224365003,0.09364070321776352,-29.45754297878627
5.840566125974614e-16,10.24735038889729,0.0006844053320877452,-31.16272780544018
0.4676619074908519,1.510217633805127,0.1095529402267255,-35.60076987604876
0.9911294406623125,0.0003190243091779621,0.4928747704069105,-59.93140756384155
3.17603086687411e-16,10.23537924239492,0.000688861418228659,-15.62051096984105
0.2055174936311533,4.560835582168707,0.01635555520533155,-20.17893314236058
1,0,1,0
0.1952816693636184,4.968352001535337,0.01290761656386186,-21.60927466667736
1,0,1,0
0.4545615742494555,1.643596551538359,0.09991636020284439,-30.57028289956935
1.684075124705139,1.147994991310355,0.1419846309122066,-71.9207715173528
0.6215207379152929,0.5328130195935614,0.2327133014043714,-28.28825572218359
4.730343101349462e-16,8.983055108068299,0.001362473331955993,-10.57656279654875
5.840566125974614e-16,9.809658511908538,0.0008679886869981113,-17.13225435619512
1,0,1,0
3.17603086687411e-16,8.983119162689334,0.001362425571865222,-11.67795743339336
3.17603086687411e-16,9.808845208823733,0.0008683726263021274,-12.34085225055344
0.4542566071988063,1.646820528073015,0.09969611364696673,-28.92665646579402
9.555848176237971e-17,8.551634325246823,0.001726060788415973,-18.45441315125663
5.840566125974614e-16,9.809657575972366,0.0008679891287304287,-27.37289463998827
9.555848176237971e-17,6.646670590767108,0.004967064285620937,-12.18958336134322
5.840566125974614e-16,5.568670774253562,0.009142318013406425,-30.26501788874071
1,0,1,0
0.2336981222573657,3.644701743569069,0.02812393880580194,-13.54064198373848
3.17603086687411e-16,6.581035421813148,0.005153545974873663,-18.14784388513139
0.1952941631711982,4.967816438330225,0.01291161408296809,-29.22199431278227
0.6680967079750985,0.5596583632420149,0.2271989629984309,-30.42732677794897
1,0,1,0
0.2271155719289671,3.836849385615675,0.02506882535053517,-14.67969803419019
1,0,1,0
1,0,1,0
9.555848176237971e-17,10.23521574838128,0.0006889224793926729,-13.32165357053079
3.17603086687411e-16,9.128089194398996,0.001258572422162429,-18.03427189593483
0.247428925596733,3.285288355668598,0.03495167414381961,-27.06941448635494
1,0,1,0
0.2056036075609873,4.557532397960102,0.01638713106316475,-32.28063050539073
0.7680674913368202,0.2281099037841656,0.3164644308278609,-31.14045762880257
1.443776188628397,0.8363317581616059,0.1802240008585368,-64.15469790732054
1,0,1,0
2.449231293967717e-15,9.135252491039466,0.001253654280381211,-74.60376011937413
0.8906133789813937,0.05568738997075684,0.4067234128605557,-54.25490138679215
9.682324783204268e-17,10.23537860107096,0.0006888616577373496,-35.63473156496632
1,0,1,0
2.731941657024047e-16,9.816026844569009,0.0008649883025442229,-19.14871435703919
1,0,1,0
3.17603086687411e-16,7.806576363885981,0.002602821749824569,-16.93023651177202
1,0,1,0
1,0,1,0
2.449231293967717e-15,8.7686938147273,0.001532224128269588,-34.5912532593911
3.17603086687411e-16,8.982949568903294,0.001362552027255826,-29.91492537568016
3.17603086687411e-16,9.808845177219769,0.0008683726412249126,-12.34104688414702
1,0,1,0
0.7436752706515837,0.2906026972896711,0.2949172831924265,-38.70417465417931
1.567928933676388,1.397330456842298,0.1185855255179855,-75.49610587984591
0.4953069098171745,1.263431658677128,0.1305012613354212,-22.7022832169266
9.555848176237971e-17,10.24746838971219,0.0006843615535393477,-11.7106275106991
0.2225619321445379,3.974965801925279,0.02309069553946147,-41.08618173179271
2.245852785251932,5.071306921677689,0.01216251865953305,-86.2110150193798
9.682324783204268e-17,6.646629164545274,0.004967179777730202,-18.45323585316946
1.43906595854596,0.47017864529451,0.246452497441918,-36.40940352419808
1.208471216494391,0.201675303184814,0.3266859871560246,-50.19472723626927
0.2337092725301927,3.644329786893678,0.02813022164535101,-32.21949265332592
9.682324783204268e-17,5.826815888021574,0.007891833288736383,-12.61306147276172
0.1950787348715569,4.976772095956136,0.01284493652089619,-40.19956808098388
0.2557057709886783,3.088440299930909,0.03942517703671039,-50.06474511777746
0.6819821451944702,0.5005572376545402,0.239627689565891,-28.56229100171863
0.8161913252387705,0.176425859187475,0.3372314828272995,-53.2706179778301
0.8040995585000461,0.2043183788444338,0.3256287620558305,-35.28826634910542
0.445370859446385,1.742688748477093,0.0933992524582411,-26.73976030629948
0.20485417555979,4.585687549790123,0.0161200171342738,-148.3620590005651
1,0,1,0
3.17603086687411e-16,5.567029567189987,0.009150891478672096,-13.59179530843762
5.840566125974614e-16,9.809332510598487,0.0008681425631064665,-19.33160138809022
3.17603086687411e-16,6.581035421791427,0.005153545974936558,-17.98182503437386
5.840566125974614e-16,9.726379436582597,0.000908209711852237,-18.12984735056466
9.682324783204268e-17,10.23403484424661,0.0006893636820324289,-31.52007536312234
3.17603086687411e-16,9.726357343492595,0.0009082206289478534,-25.44820770498029
9.555848176237971e-17,6.646638622514836,0.00496715340962689,-11.49576669161237
1.028145822447522e-15,8.802313068938929,0.001504244401979604,-108.6991161535313
5.840566125974614e-16,5.826777781024326,0.007892004249718754,-25.6831361457156
9.555848176237971e-17,9.672423616341948,0.0009352719633284323,-11.72164936710749
2.287852447174094e-16,8.768693581027136,0.001532224324593878,-27.4712909495734
1,0,1,0
9.682324783204268e-17,4.386078796666041,0.01811677769241438,-21.73304866672015
5.840566125974614e-16,8.079324890906371,0.00223865612099089,-12.33194380953661
9.555848176237971e-17,10.23521577392281,0.0006889224698530816,-13.3218108596392
5.840566125974614e-16,4.387544622037545,0.01810120714920699,-28.41058373340712
0.3905203241266768,2.477672257190534,0.05773651876069874,-59.7076396414073
5.840566125974614e-16,7.593015375534709,0.00292974310641908,-12.076396993036
9.555848176237971e-17,9.9441254427785,0.0008068175656384402,-20.81561563739865
3.17603086687411e-16,9.128088616531532,0.001258572819700821,-10.63989356940448
3.17603086687411e-16,8.76869412043089,0.001532223871457516,-13.6943371600412
3.17603086687411e-16,7.593023355104432,0.00292973013913328,-12.49363347682708
3.17603086687411e-16,6.646661091207203,0.004967090769188276,-11.91416181889903
1,0,1,0
0.4544914461140037,1.644342637647618,0.09986534041120482,-20.29953666976382
9.555848176237971e-17,9.816005716446444,0.0008649982394801636,-11.77422514292617
1.028145822447522e-15,4.385928497510378,0.01811837501828678,-32.94662231185763
5.840566125974614e-16,7.806641226197986,0.002602728325982073,-12.64157520758453
9.555848176237971e-17,9.128476795984547,0.001258305804079707,-11.74042313792149
3.17603086687411e-16,10.23293844472781,0.0006897735686217654,-21.19667376660768
6.728744545674702e-16,5.293762573521192,0.01070096579313884,-22.3786101587247
0.4562862437003563,1.626521739884893,0.1010924083131144,-46.0298900136893
0.2336897169460578,3.644863517906927,0.02812120668817825,-26.15698125681909
1,0,1,0
0.891350729035673,0.05488126109854363,0.40738865797627,-45.57795174834688
1,0,1,0
0.5122895385546946,1.130467546078719,0.1438378162525878,-41.88028159933305
1,0,1,0
0.3055497201233223,2.381344023496389,0.06139593131008414,-24.42356021147064
2.287852447174094e-16,9.726411308727847,0.0009081939627614277,-18.82110898107741
3.17603086687411e-16,10.23505313266356,0.0006889832179693411,-12.62765929473059
9.555848176237971e-17,9.726411247874246,0.0009081939928309857,-18.82068614404237
0.2055753745386455,4.558651331520807,0.01637642781069354,-30.32842761729474
0.4029484280733283,2.284521369110067,0.06533522355814048,-53.50439759045473
1.028145822447522e-15,6.431651720426004,0.005605214022412708,-40.68222920266109
5.840566125974614e-16,6.646670579116602,0.004967064318101011,-12.18921846992076
1,0,1,0
5.840566125974614e-16,10.2353793221264,0.0006888613884521444,-17.95636059175093
0.4543238476248208,1.646103925307685,0.09974501917383094,-33.86082608365169
0.6688328759315106,0.5563882705506842,0.2278595673408745,-35.88555588848861
0.82443851886398,0.1588343200757265,0.3451160025164594,-38.7077873856116
0.3902831209852477,2.481591805446584,0.05759281194303717,-23.96260494979901
0.494771829938071,1.267836276085355,0.1300864929302215,-22.51977496581182
0.4542702457290084,1.646675837714696,0.09970598596736691,-36.04577544951758
1.174561769463909,0.1470066670586903,0.3507062326224775,-52.42585707367596
1,0,1,0
1.028145822447522e-15,6.43209307790751,0.005603821383555918,-36.50183332032045
1,0,1,0
0.2280574314842124,3.810828770344536,0.02546112418324803,-29.47568530693649
1,0,1,0
1,0,1,0
1,0,1,0
0.2036263532157967,4.632778253951724,0.01568336607106241,-15.5646198877012
0.4289227709030424,0.9689528644045353,0.1624707352198811,-17.9875313346045
5.840566125974614e-16,8.7686935695288,0.001532224334253263,-30.73035945757703
9.682324783204268e-17,6.646606872908876,0.004967241925692811,-25.51965983255534
0.7434941636668478,0.2911047270374354,0.294756731759909,-41.0071783530212
0.2560601483150552,3.081456925611974,0.03959478013355916,-27.59467864142448
1,0,1,0
0.4676289571102106,1.510541378380957,0.1095282477423294,-27.39695202435914