dN/dS,LRT,p-value,Log(L)
1,0,1,0
0.5852367548680464,1.035667519288879,0.1544156187628389,-32.72285010209603
0.1996224342566211,4.793007897670435,0.01428774174887198,-31.71977661013398
0.194905025026929,4.982810893092214,0.01280017784825777,-16.15115884627623
0.8989628411109994,0.03521282219982425,0.4255752010234734,-38.48452128778429
0.4094737796905104,2.192739757630008,0.06933123807931402,-33.64341257090533
0.1759445649047359,5.88298292428447,0.00764395014057212,-13.72781183233693
5.840566125974614e-16,11.35412926556964,0.0003764020347285513,-12.02165017035803
1.303969069833915,0.3867225968009222,0.2670135972667197,-58.44411550030466
3.17603086687411e-16,8.920812675895981,0.001409695132608635,-12.46085226582849
0.5141837615870986,1.67500213407709,0.09779493862946553,-40.71214104659862
0.2937666572677444,2.355382542529597,0.06242562742873536,-47.48529654781362
0.9968375434375482,5.063309478714473e-05,0.4971612729418534,-61.30554604879052
6.728744545674702e-16,8.680563510343895,0.001608107635932055,-28.75149738634165
1.194028462439271,0.2472204914475924,0.3095195253313743,-69.11873293858235
0.8685749333341374,0.08310928922539063,0.3865635985195842,-52.64609899327308
0.6726294449819961,0.5395990929981593,0.231299461421464,-45.13770302772447
0.1787809325220547,5.735743214803918,0.008311516054995305,-40.1696529297579
0.4164017071585657,3.147784401304534,0.0380150659690065,-29.49632600083102
0.9388032345323802,0.0203291624923736,0.4433107999659049,-92.32680905203226
5.840566125974614e-16,10.26518801698476,0.000677819605898855,-23.62343157670224
1.028145822447522e-15,4.897213008865492,0.01345003780235393,-24.95373129999675
0.9656476811052522,0.006449033797792936,0.4679969922793548,-49.2301688147742
5.840566125974614e-16,4.89690933378197,0.01345240338509907,-20.45689377151974
9.555848176237971e-17,6.681586175256257,0.004870695106380329,-12.07699904932053
1.123047327383195,0.06487643682494593,0.3994741125742115,-47.04295469239693
5.840566125974614e-16,11.1796071144753,0.0004135064141298495,-21.52179493556459
0.1948006372652028,4.987151518562357,0.01276810586351701,-20.49281304264931
0.5287523182381385,1.520175170653815,0.1087964933472379,-33.57798854749571
0.8982522687397296,0.04763741180730108,0.413613283352688,-69.31968241667361
0.3146791827363764,2.040778282583801,0.07656564029484619,-23.36600039337063
3.17603086687411e-16,11.35423577553428,0.0003763804491860867,-12.71706241987605
1,0,1,0
1.011429697775731,0.000543999616766655,0.4906959938651809,-59.84515504560513
0.9031313328030797,0.05359672441507257,0.4084594393820535,-53.67787656253761
0.3619317228815355,2.983416507195656,0.04206076520729152,-22.33003969048855
1.572552328973977,0.8842585135563752,0.1735189768678674,-50.94075344229837
0.4484170788615553,1.709134993932679,0.09554881957401812,-37.55867646230389
0.3018482646674763,2.227766633364432,0.0677748279230187,-23.93076651420914
1.278874547246739,0.3345314858120787,0.2815014449063811,-52.98527607655104
0.8581827282455243,0.1228981886423242,0.3629560911726216,-74.65911584356036
0.7799797310461812,0.2681670130182283,0.3022820070439154,-48.74361178138537
0.8929533918094276,0.03987716224261817,0.4208604736148878,-41.58258875271181
0.5845243344981703,1.040828459220791,0.1538144362674101,-41.73681824336045
0.8976890833792981,0.03617490959382508,0.4245773698320812,-46.42717034270448
1.122051397886043,0.06370050425285001,0.4003699735545532,-52.67316911014826
0.1784032315959309,5.755052932516712,0.008220650136639474,-21.26848554063699
0.8689277209151772,0.08261960071841656,0.3868891521809715,-47.50553462312124
0.2303039354740632,3.742679024365465,0.02651967042849346,-20.94078189219422
5.840566125974614e-16,10.26509240008306,0.0006778547364869603,-16.70892531058994
9.555848176237971e-17,6.681586657577601,0.004870693788461333,-12.08403609813708
9.682324783204268e-17,11.111617587285,0.0004289431801967059,-17.9719268068253
0.7983244664787655,0.2186693037989897,0.3200278589847234,-44.151486587935
0.8973192569724585,0.04859157411689807,0.4127662081773602,-40.78252395055856
0.6512730562411764,0.6385815655758904,0.2121124500142859,-49.19535548166417
0.5318934068241647,0.9932358970828048,0.1594763885256708,-27.42278222569796
0.3571489721963144,3.076442203029835,0.03971705593442476,-21.6348452509089
0.3899835526281487,2.485553414796911,0.05744796394068769,-40.39137352278372
0.1947072119932253,4.991112357167786,0.01273891287241874,-22.45074925694997
3.17603086687411e-16,9.225382550652181,0.001193414092240219,-11.70601583981107
1,0,1,0
0.5970674646240751,0.9531781464644382,0.1644558223779677,-34.77129170897469
4.730343101349462e-16,10.26529356701097,0.0006777808279235797,-18.65675031917442
0.5983879941960898,0.629538421715452,0.213762337214418,-43.92641400550622
9.555848176237971e-17,9.225382510605378,0.001193414118343172,-14.27817561844314
5.840566125974614e-16,7.522578992411191,0.003046519284305438,-16.7851678239066
5.840566125974614e-16,10.04757980215771,0.0007627411079332846,-36.59126194754939
9.555848176237971e-17,10.26535525179218,0.0006777581666200794,-12.34964670387258
0.2239529207377832,3.926488019421427,0.02376555434578398,-37.74270582675311
1.26307274830466,0.3528264796678826,0.2762587364901395,-56.65495995536356
3.17603086687411e-16,10.26535526671149,0.0006777581611392414,-12.35009326395893
0.6505842820675418,0.6419791067966969,0.2114975206790974,-36.94367947981981
0.1947402552922199,4.989559076107852,0.01275035291443688,-40.50930045444189
0.7868437498323646,0.1867834990132877,0.3328036379789128,-31.65808482589407
0.3750484539518747,2.738873791621323,0.04896688248475844,-31.89451360355317
0.9409884496112388,0.01884523294560836,0.445405553146157,-43.12037141508735
0.8954301447076406,0.06317158751512864,0.400775785989658,-48.19900473803922
0.5987078286956778,0.6281014605238227,0.2140262834978492,-49.69337438081033
1.891115643571504,1.987095098105314,0.07932247207270438,-56.99346770137871
0.7954445599504697,0.2260275003826138,0.317242575391244,-50.8383339765314
1.196272095603511,0.1813076314727482,0.3351259414101565,-89.91710626210254
0.8152205501691817,0.1339981217457478,0.3571610704462512,-58.62574853580763
1.392539684288771,0.687799563809989,0.2034569202941408,-76.42396417922478
0.2047329687935748,4.589117510476839,0.01608778833920066,-23.29815036667048
0.4079168109574851,1.108248250279715,0.1462315286517948,-41.66429518711669
1.316549601310165,0.4830810570232416,0.243515014525832,-104.059822860613
5.840566125974614e-16,11.67316107933865,0.0003170409147412734,-26.99880742520539
0.1945393310969495,4.998273637328303,0.01268630716272673,-21.11905343201109
0.2718335161578317,2.749305251634183,0.04864834862166734,-36.79622022282725
0.2716288562306118,2.753337761155173,0.04852581843864562,-29.26150724499583
5.840566125974614e-16,9.400904610355383,0.001084392051840577,-26.60828127876513
9.555848176237971e-17,8.680704658977177,0.001607983096958587,-12.05774625406823
3.17603086687411e-16,10.01724062424526,0.000775408177581538,-28.60781485859155
0.3981417327902473,2.359351028228815,0.06226699360726262,-34.38264153611302
0.9012122881936521,0.05589797314814859,0.4065504710104941,-43.6042234422439
1,0,1,0
1,0,1,0
0.1874531909535426,5.314790092937841,0.01057257051897181,-68.47726008764337
1.060495404384854,0.02024295931988718,0.4434303086991569,-55.06398386387878
1,0,1,0
5.840566125974614e-16,11.11125565685646,0.0004290268949989628,-48.82643460961075
3.17603086687411e-16,9.764560407390142,0.0008895402458791168,-11.62500201826002
9.555848176237971e-17,11.70388831827685,0.0003118481581576016,-12.66046776587417
3.17603086687411e-16,10.26528825022909,0.0006777827811998982,-11.24969001435103
0.3599216469047659,3.021033746405479,0.0410955297358776,-33.0149468121577
0.7189046413738504,0.4867824663641187,0.242683046978837,-35.03606734114092
9.555848176237971e-17,10.41724557104881,0.0006242197884120948,-11.91395307960771
9.682324783204268e-17,8.920637252811815,0.001409830544225665,-38.57841570292294
5.840566125974614e-16,11.67349483405518,0.0003169840452713069,-28.08219942254643
9.555848176237971e-17,7.3573270609376,0.003339500435247167,-13.72159666593276
0.4095292781302032,2.191883050081529,0.06936980430851103,-62.00895482035752
9.555848176237971e-17,11.67149621869346,0.0003173247492899711,-20.05958850270598
1,0,1,0
0.1989412957426434,4.817788942903455,0.01408372760529703,-22.61937138202127
0.7883781119552691,0.1836362809901289,0.334133361784713,-30.63129723720665
0.3980906241928865,2.36012528053309,0.06223609634165927,-30.80355074647634
1,0,1,0
6.728744545674702e-16,10.906309743859,0.0004791862695581184,-48.77542146117909
2.731941657024047e-16,11.20296977565424,0.0004083326348514604,-10.54839158277131
9.555848176237971e-17,10.01723986087619,0.000775408498965735,-13.00788729291451
1,0,1,0
0.352065486425178,3.180149646976965,0.03726895152335835,-21.00890727910239
9.682324783204268e-17,6.354433476227506,0.005854416309922006,-21.71967198935424
5.840566125974614e-16,8.68064513216494,0.001608035617760351,-30.26888185111212
5.840566125974614e-16,7.359361206890654,0.003335724469623713,-17.71623791758592
0.9996384391059577,6.531467988679651e-07,0.4996775848654984,-64.45419044115545
0.7477702609101488,0.1863664886765974,0.3329790607649983,-51.85939678228453
0.3569483504819873,3.080420407393774,0.03962002064566872,-40.98520910094584
1,0,1,0
5.840566125974614e-16,10.41751187482328,0.0006241297820687164,-18.20706427280118
0.2167758360633155,4.162643248937229,0.02066243318637723,-45.3432400782998
1.028145822447522e-15,7.619748322152347,0.002886627226069416,-19.39721414630482
5.840566125974614e-16,7.619681429182208,0.00288673430181996,-25.23707091694315
5.840566125974614e-16,5.350138506037027,0.0103603123211265,-26.1389882340078
3.17603086687411e-16,9.225382550649201,0.001193414092242162,-27.90610649948037
1.028145822447522e-15,6.681520125811133,0.004870875586636181,-18.65876559067084
1.028145822447522e-15,11.67132637808275,0.0003173537190678255,-45.86000898102494
0.1874918474973345,5.313006309077835,0.01058340024259019,-43.10687735727159
9.682324783204268e-17,5.350024953362201,0.01036098706934147,-21.57688627569775
0.3970946082248797,1.188151922187288,0.1378513263605364,-54.13738995716352
0.3894295723420286,2.494466640781873,0.05712353734132836,-26.50175822430824
3.17603086687411e-16,11.70375453840303,0.0003118705791316789,-24.62755596478535
0.2046255454843404,4.593193714800023,0.01604957470399565,-20.81973623491356
3.17603086687411e-16,11.05711717687591,0.0004417370162790313,-11.91835057322521
9.682324783204268e-17,7.359361244915561,0.003335724399079198,-18.63360657707285
9.555848176237971e-17,10.26532697773311,0.0006777685536417666,-11.87400019805292
0.5368320199650223,1.441621100597644,0.1149385956334949,-33.49539361961494
5.840566125974614e-16,9.225382550580154,0.001193414092287182,-14.61681967315125
0.2241313741877373,3.926481725208504,0.02376564330566211,-49.2300297524456
0.2046596096146566,4.591893610953811,0.01606175262893705,-26.41972455739652
9.555848176237971e-17,11.70382147002176,0.0003118593614554466,-18.50055165358636
5.840566125974614e-16,10.91023592954108,0.0004781717237907768,-23.85835521060601
9.555848176237971e-17,11.11168474481818,0.0004289276484208959,-11.84804312023859
0.4004053998301234,2.326754038020972,0.06358340218387271,-31.60614910377424
0.7979836254977556,0.1646089787168208,0.3424740548000414,-30.71234026513515
6.728744545674702e-16,6.052109076003433,0.006944848276913718,-21.56340482126676
6.728744545674702e-16,9.225382550643374,0.001193414092245992,-44.51013979764028
1.028145822447522e-15,5.030480091055978,0.01245249692988987,-39.24136576010754
1,0,1,0
9.555848176237971e-17,11.111718184099,0.0004289199150043776,-12.54174066705715
6.728744545674702e-16,8.680682617005012,0.001608002544496778,-18.36106742054083
5.840566125974614e-16,10.01724062430247,0.0007754081775574462,-20.7354496795389
0.8975827383315816,0.04832440339436062,0.4130025084106114,-35.79005177588083
3.17603086687411e-16,11.67332838053014,0.0003170124065001723,-30.54270657604109
0.178398468944904,5.755320609658142,0.008219397749161361,-16.63349421128104
0.1989526619242322,4.8173229984898,0.01408753547263109,-64.32057813367661
5.840566125974614e-16,10.01724062229411,0.000775408178402992,-41.72998960916497
6.728744545674702e-16,7.359361251200276,0.003335724387419692,-31.28432137251627
0.199658182666835,4.791572309428688,0.01429965432950003,-38.72655454112242
5.840566125974614e-16,7.522578992758973,0.003046519283717297,-11.86610209596414
3.17603086687411e-16,10.26525497901304,0.000677795004489834,-24.72342690124069
1,0,1,0
0.1918752040466281,5.11382058197357,0.01186799750358808,-19.88121073148695
1,0,1,0
5.840566125974614e-16,11.20313595196103,0.0004082960695666049,-13.05062824977967
5.840566125974614e-16,6.35470542967256,0.005853518975462657,-12.76454363467786
0.198952616023689,4.817329678634827,0.01408748087248507,-28.16819079978742
5.840566125974614e-16,10.66391559353315,0.000546229403533216,-20.57894381771079
1,0,1,0
1,0,1,0
0.1875164006455838,5.311872591291134,0.01059028924716443,-25.96168440377665
1,0,1,0
3.17603086687411e-16,10.66391559360572,0.0005462294035117887,-12.01584867485121
9.682324783204268e-17,8.680611343080173,0.001608065430813099,-36.91961734567722
0.1808982143805438,5.630950736470204,0.008823029148486761,-22.1381992805655
3.17603086687411e-16,11.70386089718712,0.0003118527536903892,-12.1887167278854
5.840566125974614e-16,11.67349497443101,0.0003169840213543829,-13.28986583165455
0.6731553372371468,0.5375240380056283,0.2317303303113615,-32.13033512956003
0.1946747889952986,4.992518105850934,0.01272856860800287,-20.42538092136571
1,0,1,0
1.028145822447522e-15,5.031956272152385,0.01244188808737978,-49.40850789036775
3.17603086687411e-16,9.225382510639129,0.00119341411832119,-11.45428257528815
1,0,1,0
9.555848176237971e-17,11.17844086860437,0.0004137664145419384,-12.56215481542973
1,0,1,0
1.028145822447522e-15,7.35883667080374,0.003336697743557937,-30.04665703622045
3.17603086687411e-16,11.67349160296913,0.0003169845957763928,-20.64936044707927
0.1996224285884511,4.793008002130179,0.01428774088243601,-22.83294308914284
0.3418475496886169,3.402320494432068,0.03255238537406607,-28.04523388365616
0.5849091028546113,1.038027815584016,0.1541402969305251,-47.51802870097212
0.1712997396351802,6.13824506489992,0.006614427038378778,-33.54556357357957
9.555848176237971e-17,10.66391556041483,0.0005462294133134482,-14.58847677409824
0.1989157441265219,4.818823676072832,0.01407527521924434,-16.32855211598115
9.555848176237971e-17,10.66391559360572,0.0005462294035117887,-11.72693341942514
9.682324783204268e-17,10.04757978233783,0.0007627411161395536,-13.78503570642319
0.4106002804638983,1.08944669852707,0.1482969175743433,-35.80377492153569
0.2046700595964334,4.591356547241645,0.01606678605802403,-44.71677821557884
3.17603086687411e-16,7.522578992758998,0.003046519283717242,-11.86628222102505
9.555848176237971e-17,10.26525478309537,0.000677795076467369,-10.96212269021164
0.1712114284500431,6.1432312339265,0.006595802196737111,-35.45653864257368
0.17609116885185,5.875199986054952,0.007677814311528697,-13.37382334043475
1,0,1,0
0.2167395869541618,4.163850289514272,0.02064771520243242,-25.50718821870296
5.840566125974614e-16,11.70375432226347,0.000311870615357146,-24.33641566177403
0.2166753885119624,4.165989665510516,0.02062165588654286,-22.05570125313394
0.2240358560552813,3.929502316338606,0.02372299182082593,-15.52282628531988
0.2046596779681563,4.591963907670667,0.01606109392102384,-14.85266093181914
9.555848176237971e-17,11.11158972769024,0.0004289496235569956,-24.93978403140332
1,0,1,0
0.9617662507859448,0.007679928225968524,0.4650833122439921,-52.70927815839638
0.1947394785530367,4.989787132152451,0.01274867259495249,-24.07235658506192
0.3895805190383275,2.49200709892655,0.05721285823767092,-34.83244767037471
0.1760776365729566,5.873399389799907,0.007685670835036573,-31.80985846960663
9.682324783204268e-17,5.350878806125625,0.01035591445355966,-13.01140334022381
3.17603086687411e-16,10.41704580338741,0.0006242873152544903,-18.8988685774758
3.17603086687411e-16,9.225382510603737,0.001193414118344227,-12.55314355933863
1,0,1,0
9.682324783204268e-17,11.20296914736277,0.0004083327731064235,-37.90933005294804
5.840566125974614e-16,7.358345617815189,0.003337609152591958,-19.37965922291267
3.17603086687411e-16,11.20290313701811,0.0004083472988865577,-10.14135880020023
9.555848176237971e-17,8.680706488810848,0.001607981482514897,-12.27477566324826
0.7506942695869711,0.362141349766361,0.2736596916133702,-50.02318581067852
2.287852447174094e-16,8.680682689781818,0.001608002480285697,-18.36367172904674
0.9965443311956338,6.041505284315463e-05,0.4968991677470508,-62.74047531673089
0.1946875021724644,4.99199594364957,0.01273240994310787,-16.88855880589873
3.17603086687411e-16,11.67349413130849,0.0003169841650035865,-14.08937509756427
0.271761354183326,2.750725484169664,0.04860515558511225,-34.68651588488981
9.682324783204268e-17,8.68068078063795,0.001608004164726395,-25.12027482940031
6.728744545674702e-16,7.619485959362478,0.002887047214083727,-22.7737841638683
5.840566125974614e-16,9.225382550604053,0.001193414092271639,-28.54848439482789
0.9966101014627461,5.815726316882319e-05,0.4969576593754002,-56.55175250810926
0.1382210104965802,8.501875457217796,0.001773903045887759,-15.84343283817575
5.840566125974614e-16,9.225382550652377,0.001193414092240108,-19.81421309682701
1,0,1,0
9.555848176237971e-17,11.18127506325694,0.0004131348520443057,-11.87461672907842
9.555848176237971e-17,10.01723986206925,0.0007754084984634146,-14.32185766892929
0.7205260269460618,0.4798291499045177,0.2442498574622238,-35.08076767371142
1.567734504204122,1.570829064594392,0.1050433271738666,-79.90982041121806
0.3577550608358512,3.064332812736346,0.04001400426121887,-29.52692496365835
3.17603086687411e-16,6.681692344576632,0.004870405012835533,-13.88695763787693
0.1875721360695465,5.309303266960029,0.01060591886018841,-54.70603235579006
3.17603086687411e-16,6.354093542650627,0.00585553814944173,-12.76304225368448
1,0,1,0
9.682324783204268e-17,9.764493989585453,0.0008895723823983959,-31.21284781966667
3.17603086687411e-16,8.920786985519339,0.001409714962556596,-11.54844827617843
5.840566125974614e-16,7.619781740317737,0.00288657373504303,-12.86386885194237
1.347454326035008,0.5634457301081,0.2264376138363824,-49.09203560479679
1,0,1,0
0.1783984599507591,5.755320360712382,0.008219398913818454,-16.63325637682966
0.6144830039732155,0.8406119865666142,0.1796109005335157,-34.54030273257983
9.555848176237971e-17,11.18044331876964,0.0004133200941423554,-12.5664819487633
6.728744545674702e-16,9.764161006516062,0.0008897335153187913,-46.50221140266767
0.1760581668309763,5.875687428548815,0.007675688881884857,-21.38244206731959
0.5975076073023018,0.9502137708717129,0.164832444902126,-46.85412382822915
0.2046718357936725,4.591415267348516,0.0160662356456015,-27.21147917675664
9.682324783204268e-17,6.354431968582908,0.005854421284922418,-21.47261113069393
0.1989976969260972,4.815505920851137,0.01410239553184939,-64.15838679624026
0.1793544627184238,5.706766551001138,0.008449819680823145,-35.6034117139954
0.693302188523111,0.759518980067341,0.1917395492882434,-44.40848640748219
0.9765581841098383,0.002828870939865169,0.4787914044058391,-52.75692069082242
3.17603086687411e-16,10.6639155923075,0.0005462294038951487,-20.06421226402699
0.1996851068053256,4.790495792047849,0.01430859410618252,-42.0329189723297
5.840566125974614e-16,10.26515983456914,0.0006778299602033799,-16.57627313458794
0.2654357070859012,2.877511597071617,0.0449123670023725,-27.95852414525501
1.27331950220622,0.3769829623000334,0.2696111715779167,-63.0775608617396
5.840566125974614e-16,7.522578992722096,0.003046519283779636,-11.3903043016483
5.840566125974614e-16,11.2030695725169,0.0004083106752427734,-18.74753924894169
3.17603086687411e-16,11.20300310650944,0.0004083253004947829,-18.22970518441283
9.555848176237971e-17,8.680716548580097,0.001607972606911867,-12.75061824058543
9.555848176237971e-17,7.359361264087518,0.003335724363511039,-25.45474618424658
3.17603086687411e-16,8.680706559675894,0.001607981419991411,-12.27689416785586
5.840566125974614e-16,7.522578992751164,0.003046519283730509,-18.86931289845403
1,0,1,0
1,0,1,0
9.682324783204268e-17,7.359023130420262,0.003336351735510446,-21.58198340302984
0.5399947136417931,1.411382165036756,0.1174135407607816,-35.47846985045231
0.3570640520877322,3.078139476745172,0.03967562521317247,-29.91818351089942
4.730343101349462e-16,8.920822735876524,0.001409687367564527,-12.9369689979145
3.17603086687411e-16,9.225382510603737,0.001193414118344227,-12.55288130270191
3.17603086687411e-16,8.680682694385972,0.001608002476223447,-11.17643581185957
2.804502661847769e-15,10.04757978194405,0.0007627411163025899,-106.662455290033
9.555848176237971e-17,8.680668928539845,0.001608014621891585,-24.42923745469397
6.728744545674702e-16,10.90750738126934,0.0004788765636475345,-37.88944630700278
4.676412907705265e-16,11.70382688765032,0.0003118584534838598,-18.97066501939343
5.840566125974614e-16,10.26528838227399,0.0006777827326892027,-25.41552391455097
1,0,1,0
3.17603086687411e-16,11.05718441518223,0.0004417209969090896,-13.02084010222131
5.840566125974614e-16,11.67266143151909,0.0003171260704961099,-22.09052182521057
9.682324783204268e-17,6.806399065748778,0.004541587744386844,-44.66869339137384
4.730343101349462e-16,10.26532698844389,0.0006777685497069141,-11.87432091184817
1.028145822447522e-15,6.083060400837155,0.006824206362983198,-36.97604540882845
9.682324783204268e-17,10.01724020435162,0.0007754083543599077,-20.50928702524134
1,0,1,0
6.728744545674702e-16,10.04757978261136,0.0007627411160263109,-46.88744943886009
2.287852447174094e-16,7.359361238513614,0.003335724410956198,-18.40978772136093
9.555848176237971e-17,7.619714687200283,0.002886681065117913,-11.7632813892772
5.840566125974614e-16,10.26515458179297,0.0006778318901068947,-37.09440264659079
0.8967873405127247,0.03686311346176296,0.4238720069387037,-56.52855534769208
0.19463919176755,4.994028085966676,0.01271746706927585,-21.13419460544952
1.028145822447522e-15,5.033349497446842,0.01243188402808998,-22.21918852748051
0.1785366189230857,5.748178611088491,0.00825288069162039,-20.97212918658551
5.840566125974614e-16,7.522578992722071,0.003046519283779692,-11.39006590553574
0.8913814936678058,0.04115480192602661,0.4196197038196032,-50.44048051579898
9.555848176237971e-17,11.35587581182773,0.0003760482337015758,-12.71603053444223
2.287852447174094e-16,11.17994025976853,0.000413432173741346,-33.41338064467507
1,0,1,0
1,0,1,0
2.804502661847769e-15,8.680526164580726,0.001608140588673812,-103.3596756997733
9.555848176237971e-17,11.11165647559986,0.0004289341862802609,-11.37188128942899
9.682324783204268e-17,11.67016024483676,0.0003175526990034094,-18.96243873354429
0.2240559277291559,3.928825814473896,0.02373253717074997,-25.87539095014359
0.2624429943473078,2.942069464615862,0.04315005056325905,-29.60773125436298
3.17603086687411e-16,11.17994588733289,0.0004134309197719177,-24.44844890044782
9.555848176237971e-17,11.7038213650723,0.0003118593790445434,-18.49844133709003
5.840566125974614e-16,10.26522693682018,0.0006778053068971501,-17.27199387208889
1,0,1,0
5.840566125974614e-16,11.02661307980263,0.0004490654565627583,-34.55995986215244
0.1996870483173507,4.790415010974421,0.01430926517508818,-23.08315212536545
0.3900383379830556,2.484698044653669,0.05747920471476975,-29.89278534777949
6.728744545674702e-16,11.70355983578658,0.0003119032134236699,-50.31195144887641
0.4095132850749933,2.192189844413321,0.0693559906457033,-36.14739377025131
1.301609577379432,0.3816184677363594,0.2683691650820931,-74.95924109570105
9.555848176237971e-17,11.67349488241559,0.0003169840370317867,-15.91762772361047
0.1798778837994288,5.679557767991099,0.008581846691640138,-26.59429709986825
1,0,1,0
0.3425703201851782,3.386185477575268,0.03287244205457351,-34.67480664505483
1,0,1,0
0.3981607595538981,2.359055539621572,0.06227878984851787,-31.02611064397503
1.470848930300845,0.6559534475997282,0.2089960869674086,-73.60158942456826
0.8144378941691528,0.1353075060882247,0.3564956419180441,-39.27742128293004
0.1946703520356584,4.992667918553728,0.01272746671904884,-18.91915851436715
5.840566125974614e-16,11.17910812576108,0.0004136176374121003,-17.75404898802677
1,0,1,0
9.682324783204268e-17,10.26505902711983,0.0006778669984751073,-16.57735008442393
9.555848176237971e-17,11.17844086809713,0.0004137664146550146,-12.56215786177145
0.3979257948209004,2.362627548463266,0.06213635735219164,-29.3819744637974
6.728744545674702e-16,9.764527228150314,0.0008895562996393824,-18.61033214308677
5.840566125974614e-16,11.1799406154364,0.0004134320944890746,-27.56543738939997
3.17603086687411e-16,7.619753458962787,0.002886619003731106,-12.38808758856893
9.682324783204268e-17,6.359008761968745,0.005839338530270688,-30.43840959118149
0.2625427298225194,2.939972122479134,0.04320611220273279,-16.56819181633342
0.2046528726789295,4.592177165936675,0.01605909577960818,-13.83406845016065
9.682324783204268e-17,7.522578992715268,0.003046519283791183,-24.23793707901814
0.1712259234960132,6.142400946755686,0.006598899823441695,-42.25286766579966
0.5845498285704013,1.0406609385713,0.1538339024805992,-30.99626352193378
1,0,1,0
0.1989526065005778,4.817329795653105,0.01408747991603848,-15.07126044640668
1,0,1,0
1,0,1,0
9.555848176237971e-17,11.67332683894765,0.0003170126691751096,-13.67881503684901
9.555848176237971e-17,10.41718007399144,0.0006242419273645439,-18.20351924542485
0.2166786693917432,4.165881494965738,0.02062297266100444,-27.45344325116153
1,0,1,0
0.1799437057591516,5.676197831863462,0.008598297325865867,-32.65408172773988
0.6721165579521221,0.5420237459286881,0.2307976143256542,-31.74829731417755
1.989115327203382,4.177105687202868,0.02048680875737813,-84.72219151810994
1,0,1,0
2.804502661847769e-15,10.42504470319895,0.0006215892415160074,-74.82606241397274
0.9744594395003674,0.00336764135349199,0.4768618155166214,-63.3712867405589
5.840566125974614e-16,11.67349422485243,0.0003169841490657799,-29.74956272682576
5.840566125974614e-16,7.619753442711698,0.002886619029743742,-12.3876009790427
5.840566125974614e-16,11.20310272963389,0.0004083033795128643,-19.44016415290025
1,0,1,0
9.682324783204268e-17,8.920753212780767,0.001409741031567879,-17.16264383568345
1,0,1,0
1,0,1,0
1.028145822447522e-15,10.01724020038708,0.000775408356029017,-51.9983562183541
3.17603086687411e-16,10.26515449166208,0.0006778319232215724,-30.1551567376066
9.555848176237971e-17,11.17844083485393,0.0004137664220685844,-12.56235753516271
1,0,1,0
0.8687530448498499,0.08286166468430167,0.3867280935443554,-54.26699503214921
1.374264541521062,0.7274707329278272,0.1968521264777929,-76.83818684456784
0.433695878075886,1.878270302354345,0.08526543475461468,-23.16369717955455
9.555848176237971e-17,11.70385485167652,0.0003118537668738708,-11.96653778356058
0.1947386523032576,4.989629461315232,0.01274983429090348,-46.77204527349138
2.358316274080687,6.744838468745343,0.00470096443909479,-100.5811848203901
6.728744545674702e-16,7.619681461040798,0.002886734250822864,-25.23737189561809
1.25808405436977,0.1951924798983953,0.3293148234989123,-37.13283226328519
1.235844034075385,0.2920272656097467,0.2944621651060023,-57.50382587548291
0.2046610846300284,4.591805010260202,0.01606258289248219,-32.63290394161795
5.840566125974614e-16,6.681619501646839,0.004870604044544813,-12.77389572382072
0.1707863134675659,6.167050876859534,0.006507569811842473,-45.2164186691554
0.4477577979432725,1.715776772668164,0.09511878799971607,-62.20339430008443
0.5973611995590623,0.9511912297169332,0.164708132678218,-29.17009569625445
0.8954175676137105,0.06318818952155425,0.4007630206644708,-58.64679293438321
0.8819248771848354,0.08215136985116089,0.3872014187136571,-49.50800330105623
0.3896695537616864,2.490595622702088,0.05726418706097469,-27.1947854560816
0.1793608246505849,5.705671785872426,0.008455091215413324,-155.703834210722
1,0,1,0
2.287852447174094e-16,6.357336325965477,0.005844845387483755,-20.41330663970785
3.17603086687411e-16,11.17894053696443,0.0004136549992999616,-19.54786603312771
5.840566125974614e-16,7.522578992678525,0.003046519283853355,-24.0155719978877
9.682324783204268e-17,11.11165127683698,0.0004289353886159919,-18.3806727632439
5.840566125974614e-16,11.6715407299595,0.0003173171574280542,-37.13676952020075
5.840566125974614e-16,11.11145527057762,0.0004289807221408148,-37.40248506368096
5.840566125974614e-16,7.619720014297751,0.002886672538031099,-11.69414114357756
1.028145822447522e-15,10.04757980215501,0.0007627411079343949,-120.4711861685473
5.840566125974614e-16,6.68159238605125,0.004870678135721618,-25.96904866095435
4.730343101349462e-16,11.05711731517934,0.000441736983327945,-11.91987926439934
3.17603086687411e-16,10.01723987458537,0.0007754084931940186,-27.68496393660624
1,0,1,0
5.840566125974614e-16,5.03055138206647,0.01245198436840167,-22.21353157994005
9.555848176237971e-17,9.22538251060374,0.001193414118344227,-12.5533166546995
9.555848176237971e-17,11.6729937596214,0.0003170694287287223,-13.67826180254555
0.3969622778349206,1.189190319532528,0.1377464696685103,-44.71863677866435
0.5130699898623408,1.687187453292097,0.09698607004733578,-65.47234054796007
3.17603086687411e-16,8.680706491161299,0.001607981480441112,-12.27497341600682
5.840566125974614e-16,11.34734848476096,0.0003777788203747634,-20.82544556054654
5.840566125974614e-16,10.41717947644339,0.0006242421293480849,-10.81421207694208
5.840566125974614e-16,10.01724062430231,0.0007754081775575017,-19.34799516114353
5.840566125974614e-16,8.680716530931093,0.0016079726224833,-12.74977810415166
9.682324783204268e-17,7.619714159609956,0.002886681909633315,-18.69722202801249
1,0,1,0
0.3981065558711379,2.359885132036723,0.06224567787119756,-20.81804052858006
3.17603086687411e-16,11.203069300156,0.0004083107351722792,-11.93509628876056
1.028145822447522e-15,5.033335052147194,0.01243198770976517,-41.68164562722912
4.730343101349462e-16,8.920822733890294,0.001409687369097634,-12.93680182385476
3.17603086687411e-16,10.41757882243525,0.0006241071569310086,-11.91487794940955
5.840566125974614e-16,11.67065851080879,0.0003174676633490581,-27.6318121769168
5.840566125974614e-16,6.052470161561239,0.006943428263828877,-28.19598667627486
0.3994059417286729,2.341748152554345,0.06297407104601421,-47.24592745396674
0.4094760422442912,2.192669067895196,0.06933441939424562,-33.55426940610483
1,0,1,0
0.7798531359456151,0.2685300893933089,0.3021597546658302,-52.1475859444995
1,0,1,0
0.4482498514748779,1.710696036133612,0.09544754416953216,-42.40156377015938
1,0,1,0
0.2617744010120273,3.203197114540671,0.03674723377690392,-24.79959960812676
2.287852447174094e-16,11.11161769482374,0.0004289431553253231,-32.13714579338767
9.555848176237971e-17,11.66965781127746,0.0003176384692045175,-18.26644929971771
9.555848176237971e-17,11.11168456083171,0.0004289276909713591,-19.0716758034529
0.1799220181879673,5.677360812087109,0.008592599562147585,-30.68771858474541
0.3535643522247546,3.144792904816384,0.03808483480280173,-61.33525558576223
6.728744545674702e-16,7.356992930385701,0.003340121095828985,-40.95244985908407
9.682324783204268e-17,7.619686607684244,0.002886726012433671,-18.47716949445459
1,0,1,0
3.17603086687411e-16,11.67349496351213,0.0003169840232147281,-18.21013066146326
0.3979775290443212,2.361834422783559,0.06216795166884737,-34.33106583383897
0.5851165068060205,1.03654405930267,0.1543132983526126,-36.47257199226907
0.7213788649641941,0.4761767231271392,0.2450796134447201,-39.40465832238654
0.341684461624783,3.40603034160825,0.03247926760376013,-24.45919513487892
0.6501253503281096,0.6442531374750899,0.2110874288981067,-29.1824435155547
0.5970474999096751,0.9533149647860029,0.1644384672888871,-43.64903864325658
1.029488743962417,0.0050082100235187,0.4717909184059492,-53.44167667846401
1,0,1,0
1.028145822447522e-15,7.35846114409388,0.003337394709497066,-45.2718441952803
1,0,1,0
0.199622432369277,4.793007993546446,0.01428774095363333,-29.81999755612594
3.17603086687411e-16,11.70385485378777,0.0003118537665200427,-11.96656934994391
1,0,1,0
1,0,1,0
0.1783986834170816,5.755354843344328,0.008219237593380002,-15.99384346398288
0.3736971941717495,1.382042968006942,0.1198767309855047,-18.50611525116372
5.840566125974614e-16,10.01723986123599,0.0007754084988142451,-30.90315663159632
5.840566125974614e-16,7.619686809307268,0.002886725689690062,-25.70765773377507
0.8698372183239456,0.08136480472298047,0.387728159783497,-48.65978262663354
0.2240631936647645,3.928601204694402,0.02373570728017083,-33.35040589649174
1,0,1,0
0.4094877862332397,2.192552695884586,0.06933965694714128,-27.94856002210413