dN/dS,LRT,p-value,Log(L)
1,0,1,0
0.5795049872848356,1.077891792650135,0.1495848277756621,-32.80528342549758
0.1975976510730906,4.875161388792307,0.01362294649553503,-31.77671341554697
0.1929941773686386,5.064425246004916,0.01221090122489737,-16.2075798961394
0.8930244999207896,0.03982019708008977,0.4209162730035076,-39.65335547226566
0.4051696774416008,2.254049965592259,0.06663260945124033,-33.68981949520638
0.1739800891032065,5.988554327876329,0.007199499225869599,-13.73446255984669
9.555848176237971e-17,11.48214975311684,0.0003513390253705451,-12.03562969912115
1.29021778562113,0.3575903913564531,0.2749237627373985,-58.34830646721302
3.17603086687411e-16,9.008842385800193,0.001343382694942941,-12.48053785015782
0.5081925901284947,1.742085783268749,0.09343738057871831,-40.79609492555795
0.290872282845145,2.403219518428386,0.06054291071704965,-47.53207509477412
0.9860467905728043,0.0009899015194463345,0.4874502690706975,-61.38680991684125
2.731941657024047e-16,8.763334993044012,0.001536732633821536,-28.765296175433
1.325613049341552,0.6797654473906221,0.2048337516034031,-74.68428709836776
0.8594183361668473,0.09642717851370719,0.3780800168546383,-52.72728693709963
0.6660505005380317,0.5686508128124501,0.2253977730378134,-45.21355076944808
0.1765646984388893,5.850542424617345,0.007786125330017213,-40.18654676800534
0.4119514189491343,3.23875944241356,0.03595753632687326,-29.53926037505634
0.9284824336221984,0.0281734564067051,0.4333508377026071,-92.37140052214521
5.840566125974614e-16,10.36653026659379,0.0006416024505283557,-23.64621358269347
6.728744545674702e-16,4.930181070489773,0.0131957760301632,-24.97758036305832
0.9523043709223568,0.01263235585126665,0.455255603924734,-49.29189384801231
6.728744545674702e-16,4.929879078237704,0.01319808229224589,-20.48299174680362
9.555848176237971e-17,6.725890463560493,0.004751163942113834,-12.0938968261992
1.112280498728695,0.05457203975983305,0.4076452048936672,-47.13749657222738
3.17603086687411e-16,11.31928088018184,0.0003835320698656886,-21.55244477246718
0.1928913091859619,5.06880037482167,0.0121801182070374,-20.52791482343419
0.5228458802183972,1.580769531109937,0.1043249418189779,-33.61824535311567
0.8894643980573146,0.05695464524188765,0.4056878269979717,-69.42288422970616
0.3112629381195171,2.088600758772031,0.07420096905282858,-23.40744989338217
9.555848176237971e-17,11.48225423287049,0.0003513192751870009,-12.73093446266595
1,0,1,0
1.000938091741953,3.724967527318768e-06,0.4992300348977897,-59.9495556921289
0.8938787934352183,0.06520322535527612,0.3992266928542308,-54.49291372984228
0.3584974786077177,3.051017242565912,0.04034329541416876,-22.37440913296646
1.555563289138825,0.8451428115755562,0.1789650271933365,-51.03366904203536
0.4440293608026902,1.757811957390956,0.09244883341420934,-37.60888821561667
0.2997893300865493,2.259467329982364,0.06639986626477817,-23.969253470073
1.266253883864092,0.3090713339200875,0.2891253058991926,-53.08651142709814
1.018208917339308,0.001937817815928611,0.4824439708943292,-81.24847154402399
0.7723491887973061,0.290787885628859,0.294858038283727,-48.79122915541831
0.8870669076607124,0.0447712166697869,0.4162126366494788,-41.66701776401013
0.5788047002186488,1.083137281071259,0.148998391779453,-41.77705933189845
0.8918062382119727,0.04080542953421684,0.4199569789802378,-52.7936529728497
1.111275467171813,0.05345611559540941,0.4085774675094012,-47.73886566034788
0.176440806530972,5.856953004351233,0.007757815616399988,-21.29355113431771
0.860753807777717,0.09441121865550883,0.3793211846953107,-48.29452013963049
0.2281252311205765,3.806434958178727,0.02552800526809967,-20.97564867359314
9.682324783204268e-17,10.36643712570922,0.0006416348211739087,-16.72747029381602
3.17603086687411e-16,6.725890923451253,0.0047511627170711,-12.10083801311941
4.730343101349462e-16,11.22485394398302,0.0004035456270898297,-17.99711122963486
0.7896901696483788,0.241193459310054,0.3116727306868855,-44.21040419376359
0.8885469475698327,0.05799459692498488,0.4048470528741748,-40.83151728318839
0.6444063780917541,0.6730702154964376,0.2059916168964401,-49.2710046996777
0.526837267109753,1.027109654683336,0.1554192473953762,-27.47660966469302
0.3532358806754622,3.156228913797129,0.03781886002271562,-21.67095389272603
0.3861622281154975,2.547466003168381,0.05523565423970617,-40.46800460646818
0.1928065764408337,5.072472692361295,0.01215434227277234,-22.5033979358017
3.17603086687411e-16,9.323540875747408,0.001131141981376205,-11.72511550944398
1,0,1,0
0.5906137066670856,0.9976793661633963,0.1589363428368861,-34.81094536136353
5.840566125974614e-16,10.36663146321313,0.0006415672820261897,-18.67512716263271
0.5944449057446769,0.6473861598887254,0.2105243743233704,-43.99896851811193
3.17603086687411e-16,9.323540835778882,0.001131142006049468,-14.31137085331873
9.682324783204268e-17,7.594850878313011,0.002926761844547987,-16.80474052620941
6.728744545674702e-16,10.15730230210288,0.0007186539355776289,-42.281172239113
3.17603086687411e-16,10.36669183297139,0.0006415463028673907,-12.37742107667298
0.2217601161403017,3.994861956262753,0.02281959541624945,-37.82699805076477
1.250321593407971,0.3238740770836444,0.2846443576877931,-56.77578129764062
3.17603086687411e-16,10.36669184723713,0.0006415462979099673,-12.37786307888158
0.6437293360019111,0.6765483567841102,0.2053889124887708,-36.99364049645082
0.1928323704471804,5.071207095731296,0.01216321907580714,-40.55539720150187
0.7814546304372502,0.198113377907994,0.3281240009827856,-31.71288187351222
0.3709236068443718,2.813077720153004,0.04674942035174179,-31.94887700239547
0.9306261292353638,0.02642922735130071,0.4354282352659277,-43.20324609180314
0.8843727219358294,0.07851315284057137,0.3896612716248326,-48.26315339267133
0.5947602255611135,0.6459366362485923,0.2107845976790599,-49.76317569258155
1.870664135344905,1.926061113307725,0.08259501196952734,-57.09532527522506
0.7868615377795496,0.2488923624508459,0.3089280405755859,-50.89909725787098
1.384485428677102,0.6651163512924541,0.2073797343221017,-85.05418370998717
0.8080659098778803,0.1462518204041885,0.351071649640377,-58.68146620919375
1.377540531806686,0.6457274970759102,0.2108221827179812,-76.52563793741672
0.2025792797936691,4.671548710842515,0.01533313094014355,-23.34130032259002
0.4051913373341234,1.127777402368693,0.1441249599994545,-41.70809782630344
1.302097075156145,0.4465748161244676,0.2519830118156265,-104.1899643086673
2.731941657024047e-16,11.81063429814063,0.0002944668246323001,-27.03813485901682
0.192635022038412,5.079951651921114,0.01210202244731318,-21.14724000630171
0.2694435588075053,2.796796751008245,0.04722641870437588,-36.86037319686854
0.2692420984044447,2.800849992905725,0.04710717423917649,-29.30290111986473
9.682324783204268e-17,9.494718237890936,0.001030321128239087,-26.62873676698202
6.728744545674702e-16,8.763413922120755,0.001536666131191133,-17.00400850362204
5.840566125974614e-16,10.11978128158467,0.0007334320286716545,-28.64007423817233
0.3938353228856686,2.425548612948603,0.05968572199093364,-33.72406821160604
0.8920996199609824,0.06758541474282254,0.3974427052971711,-43.68427973968185
1,0,1,0
1,0,1,0
0.1853911782782339,5.411115850349276,0.01000446098931723,-63.13111217856466
1.047982002211177,0.01293814775840474,0.4547195814947205,-55.13271191306436
1.123699228904745e-16,7.594850878095443,0.002926761844901149,-10.97216151738054
6.728744545674702e-16,11.22450350033905,0.0004036218355670251,-48.83264613212386
9.555848176237971e-17,9.868152581102272,0.0008408213906415107,-11.64169471667537
9.555848176237971e-17,11.82551610458296,0.0002921225897885571,-12.68825623913094
3.17603086687411e-16,10.36662710364023,0.0006415687970529049,-11.27757064888874
0.3562850784886817,3.093640273821237,0.03929939510206332,-33.04852959027847
0.7106484519259376,0.5235619356569572,0.2346631020255452,-35.06896926696624
9.555848176237971e-17,10.53359918493537,0.0005861184950013976,-11.93019183301339
1.028145822447522e-15,9.008671284284105,0.001343508464289545,-38.61397671258028
1.028145822447522e-15,11.81096274048841,0.0002944148827987436,-33.28295257278788
5.840566125974614e-16,7.422509106788613,0.003220646545141037,-13.76601288675179
0.4052237740051166,2.253192302798837,0.0666695402400368,-62.06264924359355
9.682324783204268e-17,11.80899590424622,0.0002947260682605313,-20.0873951262566
1,0,1,0
0.1967892696059124,4.905757898133182,0.01338365140306186,-22.65818535199298
0.7829786748672573,0.1948636468217657,0.3294495513088158,-30.68629414626196
0.3937851407184257,2.4263310420585,0.0596559300413832,-30.86445868640966
1,0,1,0
9.682324783204268e-17,11.02054058695533,0.0004505389449645514,-48.7923338447355
9.555848176237971e-17,11.32685671771811,0.0003819705201610901,-10.56538582917649
3.17603086687411e-16,10.11978049341677,0.0007334323423111577,-13.02260691038847
1,0,1,0
0.348135312115481,3.263264077747138,0.03542398528960872,-21.02419281323676
9.682324783204268e-17,6.424095319738292,0.005629112307908857,-21.75029290431511
5.840566125974614e-16,8.76341411809419,0.001536665966075046,-30.28915835500609
6.728744545674702e-16,7.424511031933946,0.003217065345370418,-17.73963778143497
0.9895191476392847,0.000558086983346584,0.4905763180927876,-64.57092907123757
0.7472472831771134,0.1873206498773214,0.3325780180959592,-51.20527092448732
0.3530381494157025,3.160263875519945,0.03772549329535962,-41.01364079134601
1,0,1,0
5.840566125974614e-16,10.53386260762547,0.0005860349594121739,-18.22067928082184
0.2144894544714683,4.239573309723653,0.01974604558103887,-45.4062727013897
9.682324783204268e-17,7.672228467818485,0.00280385791157578,-19.42233524809363
9.682324783204268e-17,7.672163854557567,0.002803958314335941,-25.26001041262744
9.682324783204268e-17,5.381093633352393,0.01017805686248041,-26.17860581569429
6.728744545674702e-16,9.323540875744563,0.001131141981377981,-27.93848670074231
9.682324783204268e-17,6.725826641467293,0.004751333952565606,-18.67293340862013
1.028145822447522e-15,11.80882840327399,0.0002947525849781862,-45.89619010113016
0.1854291078915966,5.409322632438275,0.01001474331950875,-43.15204207615924
2.449231293967717e-15,5.381314990891241,0.01017676558083536,-34.73919323172442
0.3945484902813943,1.207759793183996,0.1358881217143397,-54.6378959141603
0.3856177366457661,2.556456215174919,0.05492228058366833,-26.53740933322451
5.840566125974614e-16,11.8253868486261,0.0002921428693057337,-24.65011614780504
0.2024735607301837,4.675656944407471,0.0152964998827132,-20.84434368343132
3.17603086687411e-16,11.16283853130576,0.0004172607005151208,-11.93940316271218
9.682324783204268e-17,7.424511068116949,0.003217065280680165,-18.65706418382747
3.17603086687411e-16,10.36666374605441,0.0006415560632953565,-11.89496745807982
0.5302005208664974,1.506675806832405,0.1098235151767597,-33.54018548196808
9.555848176237971e-17,9.32354087567877,0.001131141981418615,-14.66130424550836
0.2219370499833352,3.994825915370086,0.02282008345730946,-49.55302298335782
0.4055323991077226,2.248804635346772,0.06685883050699232,-33.55990846675639
5.840566125974614e-16,11.82538636957482,0.0002921429444687762,-24.35803261229172
3.17603086687411e-16,11.0244032247943,0.0004496011124642263,-23.88524127467877
9.555848176237971e-17,11.22491882631812,0.0004035315191870947,-11.87578182904548
0.3963311721716227,2.388451508813503,0.06111732706545936,-31.65451798959821
0.7903953015778991,0.1794300086675804,0.3359317701665841,-36.8626828406052
1.028145822447522e-15,6.114980128852068,0.006702046008721485,-21.59263337429645
9.682324783204268e-17,9.323540875739027,0.001131141981381423,-44.54185957358712
1.028145822447522e-15,5.062859465215084,0.01222193752671041,-39.27685425904831
1,0,1,0
9.555848176237971e-17,11.22495113876481,0.0004035244934105231,-12.56950829754653
9.682324783204268e-17,8.763450058497135,0.001536635685034093,-18.37960954213566
3.17603086687411e-16,10.11978128164112,0.0007334320286491725,-20.75187833263118
0.8888068681651813,0.05770284550156646,0.4050821161807154,-35.84155979525527
3.17603086687411e-16,11.81079893456259,0.0002944407868892274,-30.59340340890907
0.1764371271349993,5.857168673343779,0.007756865048134831,-16.67971212834058
0.1968004664756459,4.905287536168203,0.01338729683419759,-64.36938004956778
5.840566125974614e-16,10.11978127966076,0.0007334320294372643,-41.78265169479565
5.840566125974614e-16,7.424511073756335,0.00321706527059773,-31.29590925270533
0.1976328765269326,4.873714020355692,0.01363437596893574,-38.78105860961266
2.287852447174094e-16,7.594850878652128,0.002926761843997483,-11.89398949322104
3.17603086687411e-16,10.366594958489,0.000641579968158501,-24.74611501500907
1,0,1,0
0.1897519446589844,5.207919073022559,0.01124211512517209,-19.90609717397957
1,0,1,0
9.555848176237971e-17,11.32701907577344,0.0003819371249387804,-13.08302595641013
5.840566125974614e-16,6.424362944700661,0.005628264119081905,-12.77929108885075
0.1968004154774588,4.905294255050784,0.01338724475379249,-28.19981290089071
5.840566125974614e-16,10.78236512429257,0.0005123583239239893,-20.61390492480055
1,0,1,0
1,0,1,0
0.1854531357995566,5.408185325460771,0.01002127031277994,-26.02180046900505
1,0,1,0
3.17603086687411e-16,10.78236512436176,0.0005123583239048934,-12.03496632414637
1.028145822447522e-15,8.763392725270506,0.001536683990561727,-37.33669416955562
0.1791820446657563,5.717596203329869,0.008397854800756555,-22.18505083036963
2.287852447174094e-16,11.82503526522508,0.0002921980379140265,-21.19870509453916
3.17603086687411e-16,11.81096290748303,0.0002944148563915894,-13.31567421345765
0.6665728305288288,0.566508595355586,0.2258248263711015,-32.1997230758105
0.3856832607410849,2.555361663632127,0.05496032886436808,-26.93008472246394
1,0,1,0
1.028145822447522e-15,5.064339808298826,0.01221150316004904,-54.83233997816144
3.17603086687411e-16,9.323540835811048,0.001131142006029651,-11.46913060759475
1,0,1,0
9.555848176237971e-17,11.318133007163,0.0003837692342844035,-12.57689986898697
1,0,1,0
2.287852447174094e-16,7.423994750539116,0.00321798852058619,-30.09751358626766
9.682324783204268e-17,11.81095958119492,0.0002944153823842277,-20.69112549452773
0.1975976492352231,4.875161480660068,0.01362294577039674,-22.85524992481238
0.3383252344371776,3.482495286309458,0.03101057590698508,-28.08893747039092
0.5791830686582902,1.080289835677007,0.1493163634449424,-47.59520709964517
0.169300805747878,6.252323755746986,0.006201524514612256,-33.58027822959192
5.840566125974614e-16,10.78236509123544,0.0005123583330741699,-14.62168122340891
0.1967643173584571,4.906793424052822,0.0133756294363489,-16.36986652788066
9.555848176237971e-17,10.78236512436175,0.0005123583239048934,-11.74623745262581
9.555848176237971e-17,10.15730228232322,0.0007186539432880723,-13.81547915916979
0.4077844961232385,1.109272338870852,0.1461200903330104,-35.8496045976299
0.2025174494076377,4.673808754489016,0.01531296796211479,-44.74681019655398
5.840566125974614e-16,7.594850878652132,0.002926761843997483,-11.89402733034482
9.555848176237971e-17,10.36659479305145,0.000641580025652011,-10.99018281887829
0.1692158261082877,6.257247025253335,0.006184313033813504,-31.05616968823612
0.1741237157108271,5.980737850075222,0.007231475137729926,-13.3804867763828
1,0,1,0
0.2144536300398261,4.240795433397608,0.01973183674410151,-25.56683952593948
5.840566125974614e-16,11.82538664510405,0.0002921429012383014,-24.35911291385492
0.2143907075957167,4.24294313581845,0.01970689278655752,-22.08268604662138
0.2218436593902213,3.997809783173309,0.02277971517130389,-20.4776579567534
0.2025074032433977,4.674406531715686,0.01530763951689884,-14.89559172353023
2.287852447174094e-16,11.22482626612089,0.0004035516454679589,-24.95579506167769
1,0,1,0
0.9511323325870353,0.01273228482523336,0.4550797228713834,-52.76562449624501
0.1928323784752846,5.071332315829352,0.01216234049131981,-29.55717018156914
0.3857709069625508,2.553835350916188,0.05501343421388605,-40.03487761690783
0.1741103427833164,5.9789283336466,0.0072388983833927,-31.86703925718426
9.555848176237971e-17,5.381818510685036,0.01017382894643526,-13.05592002527034
3.17603086687411e-16,10.53340326944113,0.0005861806307808082,-18.91249535823102
3.17603086687411e-16,9.323540835777319,0.001131142006050467,-12.56787465961431
1,0,1,0
5.840566125974614e-16,11.32685791280714,0.0003819702743339537,-37.93144379173126
5.840566125974614e-16,7.42351151123529,0.003218852857479693,-19.41471938660306
3.17603086687411e-16,11.32679231194144,0.0003819837685208882,-10.15816976639801
5.840566125974614e-16,8.763473120627292,0.001536616254705747,-12.29574235985077
0.7424403728819444,0.3921083389597868,0.265596623089847,-50.08758886008609
6.728744545674702e-16,8.763450129740612,0.001536635625009608,-18.38226822037556
0.9857547194534323,0.001031933783920636,0.4871866912079528,-62.81059674065397
0.1927806225002893,5.073644072933376,0.01214613228453104,-16.93781614606091
9.555848176237971e-17,11.81096207556197,0.0002944149879448577,-14.1269276677976
0.2693730074085472,2.798214483466637,0.04718467237823237,-34.72517169186572
9.682324783204268e-17,8.763413924635913,0.001536666129071995,-23.75434420223216
6.728744545674702e-16,7.671974253688433,0.002804252956920272,-22.79009759683326
6.728744545674702e-16,9.323540875701532,0.001131141981404515,-28.59951329966496
1.183611162549926,0.1609683768014918,0.3441332582348636,-60.83607796935634
0.1367478642929215,8.635981778750178,0.001647937863360427,-15.86999332330029
9.682324783204268e-17,9.323540875747597,0.001131141981376094,-19.83740831935592
1,0,1,0
3.17603086687411e-16,11.32092254178199,0.0003831931401040434,-11.8895061140189
5.840566125974614e-16,10.11978049459323,0.0007334323418429767,-14.35513532982377
0.713249915897526,0.5118152754687202,0.2371770457056825,-35.13455015487834
1.551155341870025,1.502301718174635,0.1101587722196053,-80.00112350240798
0.3533344713376961,3.154260611172781,0.03786449551645504,-29.57985766548364
3.17603086687411e-16,6.725995441993291,0.004750884312211878,-13.91935623413251
0.1855079258847263,5.405596488135501,0.01003614403376213,-41.48558674159227
3.17603086687411e-16,6.423760745996976,0.005630172863265281,-12.77778102031852
1,0,1,0
3.17603086687411e-16,9.868090237452186,0.0008408498824302724,-31.23755627139795
9.555848176237971e-17,9.008817848530484,0.001343400730497657,-11.57522850543895
9.555848176237971e-17,7.672260757700037,0.002803807737595809,-12.89162869315516
1.332538466246662,0.5240602134024783,0.2345574153806924,-49.17088923542475
1,0,1,0
0.1764371280442067,5.857168436681881,0.007756866091164272,-16.67944471671553
0.6080272257861132,0.8807963892870703,0.1739918238218548,-34.59654400030011
2.731941657024047e-16,11.3201037520732,0.000383362145743471,-12.58123684522742
6.728744545674702e-16,9.867768577552795,0.0008409969003694839,-46.519954027811
0.1740913117999094,5.981227670616057,0.00722946707680483,-21.40517148050072
0.591046326138612,0.9946541415803409,0.1593037579841229,-46.91862148346615
0.2025192212741688,4.673861163100582,0.0153125007267873,-27.23364719497701
6.728744545674702e-16,6.424093848843135,0.005629116970006953,-21.5031784461138
0.3937851568290859,2.426330713587703,0.05965594254485929,-70.68218883384571
0.1773622132781294,5.809379946148823,0.007970456907564039,-35.64187919062435
0.6859015956613712,0.8077219778837446,0.1843973034408552,-44.46777008521865
0.9669996002254996,0.005679818528491865,0.4699623237210727,-52.85094853387719
3.17603086687411e-16,10.78236512312402,0.0005123583242474528,-20.10591549072434
0.1976595055804201,4.872624453797656,0.01364298655757623,-41.66639469140824
9.682324783204268e-17,10.36650229013059,0.0006416121734336144,-16.59505671503998
0.262908968197256,2.930632591307202,0.04345671546324337,-27.9838202078334
1.261199279095026,0.3487858559828254,0.2774006167603965,-63.15474847081489
3.17603086687411e-16,7.594850878613972,0.002926761844059433,-11.41124568037595
9.555848176237971e-17,11.32695493568808,0.0003819503174789518,-18.77730956370927
9.682324783204268e-17,11.32688888327208,0.00038196390383477,-18.24374385635638
5.840566125974614e-16,8.763483114284643,0.001536607834917381,-12.77839317599674
9.682324783204268e-17,7.424511086328785,0.003217065248119932,-25.47554760324329
9.555848176237971e-17,8.763473189016185,0.00153661619708706,-12.2978451730985
2.287852447174094e-16,7.594850878642148,0.002926761844013692,-18.88771266359013
1,0,1,0
1,0,1,0
9.682324783204268e-17,7.424178263762904,0.003217660345187556,-21.61684058820506
0.5345395031423066,1.46371121591136,0.1131702747313217,-35.52215015320113
0.3531579908319571,3.157827773902675,0.03778183363676751,-30.37717184580815
9.555848176237971e-17,9.008852286418129,0.001343375417791448,-12.96185614413554
3.17603086687411e-16,9.323540835777322,0.001131142006050467,-12.56762208382424
9.555848176237971e-17,8.763450133140363,0.001536635622145233,-11.19751954494308
1.028145822447522e-15,10.15730228191529,0.0007186539434471118,-95.01497115767269
5.840566125974614e-16,8.763437108649136,0.001536646595662106,-24.45203496402702
5.840566125974614e-16,11.02211191570464,0.0004501571944564575,-43.19858592519394
2.287852447174094e-16,11.82532642809159,0.0002921523494280875,-24.37977670019692
3.17603086687411e-16,10.3666272201077,0.0006415687565783923,-25.43798603661527
1,0,1,0
2.731941657024047e-16,11.16290349204867,0.000417246090305079,-13.04181582873382
2.731941657024047e-16,11.81014257135504,0.0002945446065387713,-22.15091376387776
1.028145822447522e-15,6.874061532414743,0.004372783449489104,-44.70500332522696
9.682324783204268e-17,10.36666375630595,0.0006415560597328729,-11.89528514357298
1.028145822447522e-15,6.145983353106217,0.00658554530506622,-37.01876700229223
9.682324783204268e-17,10.11978084813703,0.0007334322011555705,-20.53707155755961
1,0,1,0
9.682324783204268e-17,10.15730228258394,0.0007186539431864314,-46.94228340549087
5.840566125974614e-16,7.424511061709893,0.003217065292135113,-18.42649158000211
3.17603086687411e-16,7.672195977605281,0.002803908397767396,-11.79114511876943
9.682324783204268e-17,10.3662714308733,0.0006416924116660616,-47.86755283307244
1.187482057732923,0.1113979235554297,0.369279099153117,-63.90287918143966
0.1927331526490633,5.075685758367584,0.01213183624440362,-21.16238529983504
1.028145822447522e-15,5.065680478511261,0.01220206127073786,-22.27785387016554
0.176572555520128,5.849995489849356,0.007788545567177008,-20.99722658828257
3.17603086687411e-16,7.594850878613972,0.002926761844059433,-11.4112444381992
1.181759358150396,0.105391730323376,0.3727264248035,-56.37834549427706
2.731941657024047e-16,11.48390241803054,0.0003510078611784762,-12.7299010939123
9.682324783204268e-17,11.31960862352605,0.0003834643813185323,-33.43903468933644
1,0,1,0
1,0,1,0
4.936130869128893e-15,8.763299176216407,0.001536762812679227,-103.3520373418876
9.555848176237971e-17,11.22489074439091,0.0004035376252116141,-11.39281592575907
3.17603086687411e-16,11.80718868146263,0.0002950122930529542,-13.701155133705
0.2218628147190401,3.997184476945677,0.02278816860740634,-25.90022625128679
0.2606444438655139,2.980798684161613,0.04212884250776994,-29.65572832553786
9.682324783204268e-17,11.31961428956616,0.0003834632112223457,-24.4579625260242
5.840566125974614e-16,11.82545142971382,0.0002921327367263471,-18.52386912757946
9.682324783204268e-17,10.36656711105912,0.0006415896458761283,-17.29081180634675
1,0,1,0
6.728744545674702e-16,11.1481753594543,0.0004205718360267285,-34.59655032535146
0.197661252082224,4.872550193838265,0.01364357362241303,-23.10971410547729
0.3862144603073834,2.54662961718418,0.05526490814631591,-29.94707850141456
9.682324783204268e-17,11.82519797251469,0.0002921725054389479,-50.3179693944247
0.4052083495087245,2.253495800223561,0.06665646908745554,-36.19307696478843
1.287170857814554,0.3512363565288581,0.2767070458612166,-75.09292096808032
9.555848176237971e-17,11.8109628166358,0.0002944148707574312,-15.96193960168121
0.1780600019170051,5.772475239119174,0.008139544856432701,-26.62044682553152
1,0,1,0
0.3385788067886485,3.476734364700391,0.03111872377546426,-34.70964022610875
1,0,1,0
0.3938538036668127,2.425253139983077,0.05969697676933389,-31.07595801106363
1.456433021646071,0.6247323474668462,0.2146470665131401,-73.6580652548673
0.8072952215735449,0.147614926183806,0.3504125599490816,-39.31258736649808
0.1927637324568636,5.07432301559308,0.01214137633632706,-18.9475596033593
3.17603086687411e-16,11.31878973739295,0.0003836335277609404,-17.76622750614771
1,0,1,0
5.840566125974614e-16,10.36640485696711,0.0006416460363983245,-16.5957935589882
2.731941657024047e-16,11.31813300801008,0.0003837692341093213,-12.57689470019188
0.3936231403292897,2.428862425906928,0.05955965716728262,-29.43185519858559
5.840566125974614e-16,9.868120520640495,0.0008408360425312678,-18.6243724890119
9.555848176237971e-17,11.3189528681276,0.0003835998259973938,-27.59211265193578
5.840566125974614e-16,7.672232664106989,0.002803851391075918,-12.40905456207807
9.682324783204268e-17,6.428598106163676,0.00561485898872538,-30.48486004125517
1,0,1,0
0.2025005356450416,4.674628353751796,0.01530566273934958,-13.86131507452926
9.682324783204268e-17,7.594850878647385,0.002926761844005143,-18.42386010400586
0.1692297587735647,6.256427794356071,0.006187173613052099,-42.31746778828789
0.5788298923720279,1.082965731413772,0.1490175239271281,-31.06007398265101
1,0,1,0
0.1968004125655592,4.905294373267655,0.0133872438374541,-15.10109943785321
1,0,1,0
1,0,1,0
3.17603086687411e-16,11.81079733994033,0.0002944410390723351,-13.70926264683016
3.17603086687411e-16,10.5335359764677,0.0005861385412195275,-18.21734105293417
0.214393946146395,4.242833958568227,0.01970816000028364,-27.47792535035712
1,0,1,0
0.1781246689554125,5.769100891078651,0.008155188638249045,-32.6845321940676
0.6654875903580298,0.5714000761617157,0.2248515496280442,-31.8114825680074
1.969216923139092,4.067820984051281,0.02185381118463164,-84.82318188176393
1,0,1,0
1.028145822447522e-15,10.54135519933092,0.0005836639749455252,-79.81838783623569
0.9649333318579972,0.006431491675300549,0.4680404545120465,-63.4863953014712
9.555848176237971e-17,11.81096216804374,0.0002944149733205004,-29.80069996504737
5.840566125974614e-16,7.67223264830562,0.002803851415629222,-12.40856488697453
3.17603086687411e-16,11.32698697459886,0.0003819437275546234,-19.46994216459945
1,0,1,0
3.17603086687411e-16,9.008784929025765,0.001343424927607195,-17.17971208125089
1,0,1,0
1,0,1,0
9.682324783204268e-17,10.11978084217127,0.0007334322035295604,-61.80336980563091
5.840566125974614e-16,10.36649787284772,0.0006416137086242557,-30.17531229418784
9.555848176237971e-17,11.31813297546438,0.000383769240835774,-12.57709330913224
1,0,1,0
0.8595972887503599,0.09615532605971566,0.3782465538197785,-55.06320871364919
1.358258134781995,0.6773238097684668,0.2052548933152147,-76.95776851065395
0.4291175581019993,1.934077365043755,0.08215652510454707,-23.21624357333984
9.555848176237971e-17,11.82548377521418,0.0002921276619475277,-11.99444031657356
0.1928299161612863,5.071315294663933,0.01216245991342418,-46.80908053851886
2.335066126250209,6.608475540740727,0.005074725612447872,-100.8244655376815
9.682324783204268e-17,7.672163562741268,0.002803958767798598,-25.25745073128109
1.244477460956481,0.1777537274225551,0.3366554004532492,-37.20186557478132
1.222036988754926,0.2628439279135222,0.3040865179526513,-57.56251604421276
0.2025087309090239,4.674252789572392,0.01530900975343474,-32.66831105138451
5.840566125974614e-16,6.725922651694404,0.00475107820114179,-12.79057915977409
0.1690260980210396,6.26806272495827,0.006146674043667311,-39.5928522513717
0.4433783252029473,1.764553101312458,0.09202880739348102,-62.2689092143643
0.5909019459493854,0.9956548337700326,0.1591821000875356,-29.21229959791011
0.8843654185105818,0.07852423902836847,0.3896536836541484,-58.72453585414456
0.8720599582527281,0.09785123709839638,0.3772118159149241,-49.56536824434009
0.3858537602555625,2.552549130949188,0.05505822976926605,-27.2303792417373
0.1773682541638665,5.808339318485537,0.007975174844816024,-155.2047869365541
1,0,1,0
9.682324783204268e-17,6.42695231785909,0.005620064340280284,-20.46248917992399
5.840566125974614e-16,11.3186248129946,0.0003836676031253039,-19.56000602918187
3.17603086687411e-16,7.594850878571776,0.002926761844127879,-24.03174067388173
3.17603086687411e-16,11.22488650345359,0.0004035385473525333,-18.40599106954264
5.840566125974614e-16,11.80911924090979,0.0002947065446392005,-37.1722219934141
9.682324783204268e-17,11.22469635547381,0.0004035798949383329,-37.41337097450197
5.840566125974614e-16,7.67220035541596,0.002803901595080593,-11.71521313994337
2.449231293967717e-15,10.15730230210031,0.0007186539355786281,-114.7875071743943
5.840566125974614e-16,6.72589885794067,0.004751141581475105,-25.99632647412088
3.17603086687411e-16,11.16283866547172,0.0004172606703395365,-11.94094084455122
9.682324783204268e-17,10.11978050693551,0.0007334323369315721,-27.69450437695424
1,0,1,0
6.728744545674702e-16,5.062926670241708,0.01222146362400356,-22.25636614981761
3.17603086687411e-16,9.323540835777315,0.001131142006050467,-12.56805564004818
9.555848176237971e-17,11.81079737189338,0.0002944410340190995,-13.70945762310276
0.3944262564797668,1.208721318891634,0.1357927547009142,-44.79422804391682
0.1691654295553674,6.259803105949331,0.006175396476130246,-52.01512325041125
5.840566125974614e-16,8.763473122937651,0.001536616252759249,-12.29594352899462
3.17603086687411e-16,11.47533981061168,0.0003526287553873297,-20.8553886332844
5.840566125974614e-16,10.53353540117962,0.000586138723672136,-10.83055225244422
5.840566125974614e-16,10.11978128164112,0.0007334320286491725,-20.75300163833092
3.17603086687411e-16,8.763483097184249,0.001536607849324634,-12.77755083507412
2.287852447174094e-16,7.672195466115141,0.002803909192573839,-18.722459588393
1,0,1,0
0.3938008054677847,2.426088048468877,0.05966518055880088,-20.85645410095114
2.731941657024047e-16,11.32695284492756,0.0003819507475211203,-11.95178648753041
2.449231293967717e-15,5.065723819404923,0.0122017561618481,-41.73548190576202
3.17603086687411e-16,9.00885237715638,0.001343375351097242,-12.96329487424644
3.17603086687411e-16,10.53392723341838,0.0005860144673697776,-11.93112141066024
9.682324783204268e-17,11.80847152681588,0.0002948090893546418,-32.53730273551022
9.682324783204268e-17,6.115333680215905,0.006700705593547351,-28.24144790812214
0.3953235675843125,2.403986974058299,0.06051322372825674,-51.54051061503616
0.4051714228325706,2.253985750943556,0.06663537372942208,-33.58463818009013
1,0,1,0
0.7722238614304016,0.2911672933694831,0.2947367352859588,-52.23856462382281
1,0,1,0
0.4438638111506445,1.759400175605805,0.09234967500761304,-42.45590893026818
1,0,1,0
0.2585818736551961,3.275751909653138,0.03515535028218858,-24.86593658788833
9.682324783204268e-17,11.22485404854498,0.0004035456043536279,-32.15720089470097
3.17603086687411e-16,11.80718642337986,0.0002950126508596274,-18.29447865073231
5.840566125974614e-16,11.22491865059439,0.0004035315573954756,-19.0967978795122
0.1781033833828183,5.770265847068984,0.008149784296766216,-30.73883489258007
0.349605614664398,3.227553402840513,0.03620439531780023,-61.43056351200561
1.028145822447522e-15,7.4221802750953,0.003221235173943737,-40.98628816044288
5.840566125974614e-16,7.672168068006755,0.002803951766931545,-18.49552052331889
1,0,1,0
9.555848176237971e-17,11.81096289698041,0.000294414858052372,-18.22677337835178
0.3936225459153063,2.428862094638987,0.05955966975471921,-34.36082956599101
0.5793865714199106,1.078784281953418,0.1494848398595014,-36.5802448434033
0.7140861666500072,0.5080651962692428,0.2379888097322367,-39.47708051794249
0.3381650174572062,3.486235101859194,0.03094058393227733,-24.5237809344458
0.6432785821194208,0.6788743762140257,0.2049872991517623,-29.22807087609282
0.5905953154750155,0.9978104344608596,0.1589204496709383,-43.7202776990911
1.017676181664603,0.001827379368393167,0.4829512646021248,-53.92085091930382
1,0,1,0
6.728744545674702e-16,7.423625318190318,0.003218649277476449,-45.33520095368683
1,0,1,0
0.1975976492692968,4.87516148966813,0.01362294569929356,-29.83971722609556
5.840566125974614e-16,11.82548376788597,0.0002921276630972192,-11.99432691575395
1,0,1,0
1,0,1,0
0.1764372529139038,5.857207695870706,0.007756693067868858,-16.03726645114852
0.3715470530447903,1.401427626200572,0.1182423428813907,-18.57480012182198
3.17603086687411e-16,10.11978049376241,0.0007334323421736011,-30.94788031188268
9.555848176237971e-17,7.672168268493905,0.002803951455388975,-25.72351168608704
0.8607209777878375,0.09446013816756249,0.3792908955030972,-48.75394606060409
0.2218699354853587,3.996958981525992,0.02279121786227889,-33.37265608721334
1,0,1,0
0.4051834369772826,2.253860541899257,0.0666407640305377,-27.99715806323