dN/dS,LRT,p-value,Log(L)
1,0,1,0
0.5982003923405785,0.9451676324268021,0.1654761963871219,-32.64786074054326
0.2040374115044733,4.620155859302315,0.01579918343191783,-31.68533098891092
0.1992309006629372,4.804680008677643,0.01419126861319259,-16.09258612247377
0.9190544991991606,0.02195016687356599,0.441109872280574,-38.4232487075613
0.4185171552356641,2.069354098459755,0.07514257849094913,-33.57891561032108
0.1798218857315803,5.681966249021855,0.008570074475046929,-13.70423436245133
2.731941657024047e-16,11.10955329112521,0.0004294208751496331,-12.02114501606759
1.332788367751023,0.4499245639470786,0.2511853899768799,-58.31416756539016
3.17603086687411e-16,8.7278363335178,0.001566940844797138,-12.42657512827754
0.5255050552259076,1.554541282759615,0.1062331374198249,-40.63612985556087
0.3002803850448392,2.25186193696328,0.06672687079026729,-47.45000551085193
1.0188219709944,0.00172449437498301,0.4834378715663616,-61.20626633836774
3.17603086687411e-16,8.492522994942263,0.001783044710254922,-28.74798930181259
1.222693473446276,0.3160193261644793,0.2870048811960835,-69.00196155707391
0.8877724504356933,0.05888210474896027,0.404135811824927,-52.56997264122636
0.6875189905275355,0.4779386654413855,0.244678751527516,-45.07222164113711
0.1827079345831059,5.539185195432381,0.009297619352074571,-40.14877102295306
0.4256213834109324,2.967406432357748,0.04247898044883996,-29.45565280217524
0.9595134962968557,0.008644001811290991,0.4629624562804944,-92.27647032575814
5.840566125974614e-16,10.04314039448254,0.000764581457078084,-23.60150933765996
6.728744545674702e-16,4.790302701871589,0.0143101982097868,-24.93030738350362
0.9896594283858594,0.0005687093383670572,0.4904870747856073,-49.15111629736401
1.028145822447522e-15,4.790001573407736,0.01431270021900527,-20.42534699808569
3.17603086687411e-16,6.535681757226197,0.005286584736587663,-12.05583477145555
1.148148800507797,0.09097562639946943,0.3814702467567164,-46.9338430775227
9.555848176237971e-17,10.93959240061319,0.0004706543760020776,-21.49992690928048
0.1991227573974372,4.808961118549199,0.01415605425367727,-20.44078007446248
0.5404149585698343,1.40651369661758,0.1178180013601887,-33.53644226009911
0.9181480089619788,0.02994920190434414,0.4313027707317685,-69.24736391617802
0.3216250469178563,1.947347235029085,0.08143649925316671,-23.32212137866054
9.555848176237971e-17,11.10965864943957,0.0004293964813602003,-12.71649376946744
1,0,1,0
1.035155716867872,0.005008705481856168,0.4717895254171283,-59.76449484797936
0.9231410415948356,0.03277794448118243,0.4281654201840351,-53.57471390676908
0.3699534142076283,2.831690438571847,0.04621051540168103,-22.25601079945309
1.607200135921366,0.9649678908021002,0.162969193543375,-50.84300892480776
0.45834392013207,1.603756830066317,0.1026858123693857,-37.50606793598168
0.3086468695690984,2.126537336886607,0.07238373192228437,-23.89691215353804
1.307181512020492,0.3940303852499625,0.265094215935898,-52.85721169004566
1.052786491675458,0.01557491103812936,0.4503411482250396,-79.64186287204745
0.7972469463343729,0.2213092781715886,0.319022059945986,-48.66823579081849
0.9128225256126615,0.02568995181887601,0.4363299205136327,-41.52316399030387
0.5974622510750235,0.9501266394180163,0.164843532245243,-41.67546681484783
0.9177343753074698,0.02271575188588315,0.4400993008761706,-46.35012302463623
1.146914065894807,0.08957230097159652,0.3823607960283355,-52.57782646372861
0.1823380122135606,5.557202799038599,0.009202399302886521,-21.23342223515761
0.888124865991282,0.05848229310240072,0.4044555101045855,-47.42416733536132
0.2354085977257509,3.598489489570092,0.02891604781732304,-20.88889787944579
5.840566125974614e-16,10.04304673424467,0.0007646203321776679,-16.68890633297694
5.840566125974614e-16,6.535682216095328,0.005286583372889841,-12.0625906769874
5.840566125974614e-16,10.87140762014401,0.0004883013768606226,-17.94180659854268
0.8159617366435697,0.1769622162178592,0.3369984835261251,-44.04829723369563
0.9171771334614316,0.03071321795465565,0.4304408642737408,-40.69300597735226
0.6656700375637552,0.5706647931841076,0.2249974331062356,-49.13509291372488
0.5436883431478559,0.9179858730559403,0.1690021862968185,-27.3683934489709
0.3650289645150319,2.922303500340426,0.04368153391806828,-21.57798726693715
0.3986225564600223,2.351237366264826,0.06259180366910699,-40.33589975516239
0.1990259480782325,4.812868713759471,0.01412399163375283,-22.39996396561793
4.730343101349462e-16,9.026192838556348,0.001330690988246896,-11.6681234717062
1,0,1,0
0.6102376480583358,0.8673744712507414,0.1758415964647929,-34.69890771691169
4.730343101349462e-16,10.04324585048627,0.0007645376883631538,-18.63689369618358
0.6117541110090927,0.5719587142644826,0.2247408118588463,-43.8718361374508
9.555848176237971e-17,9.026192802614052,0.001330691014411856,-14.248277838805
6.728744545674702e-16,7.359722658858253,0.003335053966127655,-16.76643378453027
1.028145822447522e-15,9.8308896655019,0.0008580266316151608,-36.58573145610518
2.731941657024047e-16,10.04330589075308,0.0007645127702391452,-12.31154794737522
0.2289110051129009,3.777296422607961,0.02597627025078381,-37.70440408250575
1.290806170213036,0.4186049474473066,0.2588169852164649,-56.51669019306227
3.17603086687411e-16,10.0433059050134,0.0007645127643208793,-12.31197926658167
0.6649563443865751,0.5738959890016986,0.2243574471374838,-36.85451457634399
0.1990602537492973,4.811334953646281,0.01413656742978536,-40.48323387057077
0.8044003037743307,0.1528098878962183,0.3479322309499081,-31.5811589525331
0.383309981201386,2.596225792387095,0.05355926765833896,-31.83041277228466
0.7691233472110732,0.3009290144736383,0.2916502987730879,-36.82550667191789
0.9150990670232043,0.04046417862888063,0.4202878677634694,-48.09961606910162
0.612085703257441,0.5705809736928273,0.2250140726461751,-49.64652154460601
1.932822003341591,2.111735074066729,0.0730867504229169,-56.88207281287423
0.812977154423809,0.1836300833629139,0.3341359935945218,-50.73398688284168
1.22236460245579,0.2260214899487778,0.3172448276980095,-84.43569229519838
1.11156253156767,0.04304454709247807,0.4178207076016529,-65.12374427219775
1.42321947222699,0.7759939658064354,0.1891845672542549,-81.59012389979006
0.2092560030376081,4.422093636350986,0.017738241055686,-23.26424051974602
0.4170217226625328,1.045444586492579,0.1532792886479905,-41.63586872392298
1.345636506384304,0.5589559368021355,0.2273406088181409,-103.9604827344568
5.840566125974614e-16,11.42199408120589,0.0003628987743320988,-21.12093845919457
0.1988519949038184,4.819933458491846,0.01406621564811139,-21.07720605922838
0.2778731977029543,2.633517479193685,0.05231484298431671,-36.75285036237872
0.2776610465298042,2.637484653223552,0.05218433469554756,-29.2191152643346
3.17603086687411e-16,9.197528339535005,0.001211710636314978,-26.5762872253459
5.840566125974614e-16,8.492662312850797,0.001782908181601706,-12.01949944103927
9.682324783204268e-17,9.800626810722719,0.0008722619876783688,-28.58719665187021
0.4069277315711649,2.229995332273774,0.06767712833516409,-33.6335108573406
0.9211518323781828,0.03459507156371444,0.4262233592806669,-43.50042581722653
1,0,1,0
1,0,1,0
0.1915879609605219,5.128500321701779,0.01176802746982997,-68.48458314042396
1.083517565516526,0.03782003850025717,0.4229024748538386,-54.98066245690349
1,0,1,0
5.840566125974614e-16,10.87105044564584,0.0004883955579698673,-48.84689936503167
9.555848176237971e-17,9.553810818761729,0.0009976736849545143,-11.60372470127911
3.17603086687411e-16,11.45110100318746,0.0003572582597263785,-12.62236802652188
3.17603086687411e-16,10.04323957365664,0.0007645402934426948,-11.21147718472393
0.3678841227065204,2.868362471254343,0.04516837117607703,-32.96726093053912
0.7350098920510031,0.4203498648687258,0.2583812600798067,-34.9691012004257
3.17603086687411e-16,10.19271082153872,0.0007049844289996332,-11.89045931350172
5.840566125974614e-16,8.727662249907212,0.001567090461522869,-38.56755808019033
9.555848176237971e-17,11.4223247534895,0.0003628341920550726,-28.06051985481684
3.17603086687411e-16,7.197570052798209,0.003650118182032536,-13.67472853426396
0.4185748074808828,2.068516786203006,0.07518384810756357,-61.97737977760524
5.840566125974614e-16,11.42034493159825,0.000363221036560113,-20.01254409468334
1,0,1,0
0.20333066994197,4.644745188120595,0.01557438058936228,-22.55322801097589
0.8059916052143071,0.1499454083387874,0.3492937667630573,-30.55425280418546
0.4068747672089195,2.230752166914407,0.06764398679022732,-30.72913832207205
1,0,1,0
9.682324783204268e-17,10.67092673720332,0.000544162889249078,-36.67276850908079
4.730343101349462e-16,10.96148440648272,0.0004651263343479206,-10.52739768133976
3.17603086687411e-16,9.800626123971192,0.0008722623134204133,-12.97663029339128
1,0,1,0
0.3598242723176459,3.022740070154725,0.04105231737208492,-20.97168627679568
1.028145822447522e-15,6.217331764343882,0.006325281179366093,-21.69778973133671
5.840566125974614e-16,8.49260341371749,0.001782965900230471,-30.25527530097212
5.840566125974614e-16,7.19958577383742,0.003646020522827753,-17.6763255533012
1.021755707308426,0.002297018236731674,0.4808871236956226,-64.34881728711048
0.7645203466935547,0.1578182936346906,0.3455865777228807,-51.79312249636396
0.3648210921295294,2.926201977609807,0.04357614999795989,-40.95217370530981
1,0,1,0
9.555848176237971e-17,10.19297480298723,0.0007048835134429443,-18.19148169279057
0.2215627731100569,4.007205615971046,0.02265309105376245,-45.30811121162397
1.028145822447522e-15,7.453431889923223,0.003165780662440776,-19.36715228102181
3.17603086687411e-16,7.453365699275849,0.00316589707894005,-25.21515418161713
5.840566125974614e-16,5.23298827259373,0.01108121234487897,-26.09163596277428
9.682324783204268e-17,9.026192838553442,0.001330690988249006,-27.88548314189106
5.840566125974614e-16,6.535616373379497,0.00528677905234215,-18.6453751706179
9.682324783204268e-17,11.42017637749549,0.0003632539901929355,-45.84667432818394
0.1916280180257816,5.126739803212672,0.0117799704913093,-43.07043133786959
9.682324783204268e-17,5.23287529155148,0.01108193211930492,-21.52133605697457
0.4059603363266189,1.122424354037875,0.1446985130824891,-54.48737681070919
0.3980483219591165,2.359955466768163,0.06224287146161994,-26.44605859173593
3.17603086687411e-16,11.45096860432864,0.0003572837152087671,-24.60548411205574
0.2091446799417519,4.426114278752046,0.01769649831056813,-20.78463282799316
3.17603086687411e-16,10.81764576162657,0.0005026862426045775,-11.89030456117553
6.728744545674702e-16,7.199585811163104,0.003646020446993747,-18.59392929940818
5.840566125974614e-16,10.04327891484674,0.0007645239657734781,-11.84611010711627
0.5486244611279272,1.331999118738764,0.124224941869809,-33.42364699479065
3.17603086687411e-16,9.026192838486139,0.001330690988297967,-14.57018516713893
0.229093757901286,3.777313043897578,0.02597601218972512,-48.81067866157442
0.2091799684264201,4.424832084092543,0.01770979902281472,-26.39259923402954
9.555848176237971e-17,11.4510348522824,0.0003572709779090522,-18.47056028563722
3.17603086687411e-16,10.67455296647519,0.000543097173392515,-23.82688947585431
3.17603086687411e-16,10.8714740793257,0.000488283854681304,-11.80981138241584
0.4092761005807696,2.198026444810225,0.06909377972034692,-31.54839795470131
0.8156587656127299,0.1331921661483619,0.3575724915583546,-30.63642954519073
6.728744545674702e-16,5.921414199889099,0.007478973920175103,-21.53463696966816
9.682324783204268e-17,9.026192838547615,0.001330690988253225,-44.50406372996495
1.028145822447522e-15,4.92054345603961,0.0132695838446929,-39.19611582461991
1,0,1,0
5.840566125974614e-16,10.87150717903566,0.0004882751280723685,-12.50361958028087
5.840566125974614e-16,8.492640863863016,0.001782929200471406,-18.3413488488588
5.840566125974614e-16,9.800626810778496,0.00087226198765189,-20.70504851186096
0.9174499531883862,0.03049960744719726,0.4306807205259885,-35.69247501050354
9.555848176237971e-17,11.42215982714087,0.0003628664017069627,-30.52339547507099
0.1823331265656647,5.5574639489855,0.009201026598004702,-16.59161736174784
0.2033424681011715,4.644285441585168,0.01557855297700955,-64.31977060984615
6.728744545674702e-16,9.800626808820539,0.0008722619885806471,-41.71658846805052
9.682324783204268e-17,7.199585817853453,0.00364602043340112,-31.27054570357452
0.2040744663295366,4.61873936516885,0.01581223610731286,-38.70049934572216
5.840566125974614e-16,7.359722659190187,0.003335053965511925,-11.82804961312994
3.17603086687411e-16,10.04320666489272,0.0007645539517504019,-24.7015190928268
1,0,1,0
0.1961075087363865,4.932930411136901,0.01317479904942498,-19.84388834640828
1,0,1,0
3.17603086687411e-16,10.96164640942279,0.0004650856719494723,-13.00536598190457
5.840566125974614e-16,6.217601196462681,0.006324318643283811,-12.73340868914327
0.2033423983148377,4.644292001801411,0.01557849343216883,-28.11456738415362
5.840566125974614e-16,10.43398792853198,0.0006185866109016391,-20.55142497707092
1,0,1,0
1,0,1,0
0.1916534562712162,5.125621004234972,0.01178756674158604,-25.91919804333005
1,0,1,0
5.840566125974614e-16,10.43398792860236,0.0006185866108780469,-11.97798792487278
6.728744545674702e-16,8.492570325737233,0.001782998325867813,-36.92390495632337
0.1849073402663289,5.435370408045614,0.009866452588405517,-22.09805199319791
3.17603086687411e-16,11.4508753544012,0.000357301644876018,-16.45957174313918
3.17603086687411e-16,11.4223248890796,0.0003628341655758649,-13.2418557655834
0.6880599310655481,0.475981419634067,0.2451241145996486,-32.03748947852703
0.1989923521934305,4.814255704220329,0.01411262927465984,-20.38350140586471
1,0,1,0
2.804502661847769e-15,4.922007670842618,0.01325834285302957,-49.37208348140673
2.731941657024047e-16,9.026192802646879,0.001330691014387986,-11.42309140465683
1,0,1,0
9.555848176237971e-17,10.93843669650124,0.0004709480468302885,-12.53103402875151
1,0,1,0
9.682324783204268e-17,7.198364951654121,0.003648501709901497,-27.15892225206692
5.840566125974614e-16,11.42232157469278,0.0003628348128377756,-20.61052737021391
0.2040374097649499,4.620155944693614,0.01579918264539515,-22.78797825049909
0.3494048958577683,3.237051238327808,0.03599504965245742,-27.97981656791202
0.5978610205370216,0.9474350569832239,0.1651865209896765,-47.45912127396046
0.1750789222748556,5.930694894425798,0.007439686647040977,-33.49310117038879
9.555848176237971e-17,10.43398789881671,0.0006185866208539004,-14.55858937964995
0.2033041973091847,4.645765678989811,0.01556512338183424,-16.25163070108162
5.840566125974614e-16,10.43398792860235,0.0006185866108780469,-11.68941328681997
5.840566125974614e-16,9.830889647712141,0.0008580266399137448,-13.73001320454167
0.4198211811049666,1.026968923859485,0.1554358225284487,-35.76539321079218
0.2091908738004297,4.424299411407901,0.01771532772158269,-44.69003382484945
6.771941737530898e-17,7.359722659190194,0.003335053965511925,-11.8280453070743
5.840566125974614e-16,10.04320650077973,0.0007645540198637502,-10.92429055272394
0.1749875111647333,5.935612935939879,0.007418953672904349,-30.95523821448533
0.1799737948340279,5.67428204395728,0.008607691805159745,-13.35019976798691
1,0,1,0
0.2215252090010782,4.008395697757379,0.02263710574686795,-25.46466263077897
5.840566125974614e-16,11.45096840264516,0.0003572837539865259,-24.31449692812157
0.2214586817526092,4.010504743959658,0.02260880598821896,-22.00410655913543
0.2289945954560759,3.78030161204299,0.02592965593467367,-15.45645720873488
0.2091800600812372,4.424898896682663,0.01770910569119155,-14.78539706724973
6.728744545674702e-16,10.87138107049187,0.0004883083769404717,-24.92810999313481
1,0,1,0
0.9830083422686338,0.00147345000611665,0.4846901432605867,-46.3243537893567
0.1990601766874743,4.81146487382761,0.01413550172051442,-29.46345874077906
0.3982048411773593,2.357549530286249,0.06233895002628126,-34.78462120008631
0.1799602357083465,5.672492693008017,0.008616475838722104,-31.80606881344475
3.17603086687411e-16,5.233721432802312,0.01107654273820602,-12.94776240667997
9.682324783204268e-17,10.19251295338515,0.0007050600801747353,-18.88330683377493
3.17603086687411e-16,9.026192802612453,0.001330691014413021,-12.52202532242582
1,0,1,0
1.028145822447522e-15,10.96148134631291,0.0004651271024787018,-37.89649713065247
2.287852447174094e-16,7.198579367699438,0.003648065807944467,-19.35093045695488
3.17603086687411e-16,10.96141839288773,0.0004651429046526601,-10.11994213626428
3.17603086687411e-16,8.49266448500531,0.001782906053019617,-12.24687289483159
0.7672537815644223,0.3067914591085952,0.289827890378799,-49.9458737731233
5.840566125974614e-16,8.492640935861651,0.001782929129916122,-18.34396198272352
1.018523527659401,0.001670474562061486,0.4836991932205213,-62.65822859623839
0.1990055209115266,4.813740591876666,0.01411684801362084,-16.83995381074632
9.555848176237971e-17,11.42232406038241,0.0003628343274108548,-14.05263848126567
0.2777984294784435,2.63491417517438,0.05226885508239315,-28.55403963411265
5.840566125974614e-16,8.49265045450111,0.001782919802123917,-18.55708581305344
9.682324783204268e-17,7.453173290462708,0.003166235513504867,-22.76224766036291
1.028145822447522e-15,9.026192838509544,0.001330690988280925,-34.2204578836185
1.223057234103365,0.2272597180970308,0.3167815963147904,-61.15979011820991
0.1412687621899879,8.23336153130689,0.002056364195865745,-15.83077888163582
5.840566125974614e-16,9.026192838556355,0.001330690988246841,-19.77425999181393
1,0,1,0
2.731941657024047e-16,10.94124507904913,0.0004702347429101916,-11.84333395642029
3.17603086687411e-16,9.800626126650101,0.0008722623121497075,-22.15884131867133
0.7364668088783202,0.4147131132176725,0.2597934784243657,-34.98940397027976
1.781609517619948,2.768759750266753,0.0480603056850693,-85.55822251168667
0.3656139518305357,2.911252297141026,0.04398177409492621,-29.46925572902892
9.555848176237971e-17,6.53578384896975,0.005286281342438803,-13.84170692945187
0.1917112108818113,5.123085115515323,0.01180480334363548,-47.20749450287627
6.771941737530898e-17,6.21699496670189,0.006326484587941938,-12.73191526313166
1,0,1,0
3.17603086687411e-16,9.553742674803317,0.0009977107226215032,-31.1918939214485
9.555848176237971e-17,8.727810564837906,0.001566962990857679,-11.50424335853928
2.731941657024047e-16,7.45346496112845,0.003165722498247925,-12.82574848204253
1.179673161290536,0.1547747948567064,0.3470067625716013,-44.8697439895663
1,0,1,0
0.1823331258463201,5.557463703591139,0.009201027887792868,-16.59139156893679
0.6280530124081737,0.7609025504142295,0.1915231096924704,-34.45329978268817
2.731941657024047e-16,10.940420813899,0.0004704439855212073,-12.53533530967638
1.028145822447522e-15,9.553479063568417,0.0009978540139703451,-40.80347572934702
0.1799398312865971,5.674757610644981,0.008605358773597249,-21.36827979191393
0.6106937593552209,0.8645295469234213,0.1762371133738876,-46.7821391006686
0.2091926574940414,4.42436004555649,0.01771469829856998,-27.18431549339792
2.287852447174094e-16,6.21733028099468,0.006325286478991832,-21.45072941373128
0.2033891287158033,4.642492005855104,0.01559484028615071,-64.14909317762086
0.1833301223750406,5.509225908874654,0.009458208634561982,-35.58578965955572
0.7086371453833832,0.6663448840314175,0.2071644283651847,-44.34029432418604
0.9981926384703986,1.633243662979567e-05,0.4983877426165308,-52.66188284950042
3.17603086687411e-16,10.43398792860234,0.0006185866108780469,-13.54333914780118
0.2041023611112826,4.617677010359515,0.01582203285102646,-41.60248851583581
5.840566125974614e-16,10.0431135435316,0.000764592601767089,-16.55673462228339
0.2713118189153194,2.758379727706213,0.04837308832507553,-27.92469238230692
1.487620427983956,1.108367457370775,0.1462185513034379,-68.44900373789049
3.17603086687411e-16,7.359722659160632,0.00333505396556677,-11.36228887179157
2.287852447174094e-16,10.96158071022725,0.0004651021618766182,-18.71023430227947
5.840566125974614e-16,10.96151734576161,0.0004651180663668431,-18.2162934154771
3.17603086687411e-16,8.492674082399581,0.001782896648175603,-12.71250143674206
9.682324783204268e-17,7.199585833027022,0.003646020402573225,-18.88083603043349
3.17603086687411e-16,8.492664554513979,0.001782905984905325,-12.24897162885874
6.728744545674702e-16,7.35972265918894,0.003335053965514256,-18.84943890514403
1,0,1,0
1,0,1,0
1.028145822447522e-15,7.199250806932397,0.003646701134588981,-21.55345445312293
0.5519390622795263,1.302443893363943,0.1268836502729042,-35.40892945287369
0.3649409994755728,2.923966014261246,0.04363655900628871,-29.87050845144255
9.555848176237971e-17,8.727845932072157,0.001566932595710557,-12.89248276553723
9.555848176237971e-17,9.026192802612456,0.001330691014413021,-12.52176172410294
2.731941657024047e-16,8.492640931301906,0.001782929134384437,-11.14836801485042
2.804502661847769e-15,9.830889647328803,0.0008580266400925463,-106.7343477239006
5.840566125974614e-16,8.492626959947174,0.001782942825705569,-24.40741089147286
5.840566125974614e-16,10.67224647698505,0.0005437747850846608,-43.17223727212637
5.840566125974614e-16,11.45104121225908,0.0003572697551191273,-18.95078011917866
3.17603086687411e-16,10.04323971459147,0.0007645402349502062,-25.39351306152595
1,0,1,0
9.555848176237971e-17,10.81771231783996,0.0005026681720087245,-12.99295434119215
3.17603086687411e-16,11.42149894185999,0.0003629954997265705,-22.05294262429011
1.028145822447522e-15,6.659068082997308,0.004932624681671383,-44.65573415043411
5.840566125974614e-16,10.0432789252195,0.0007645239614685884,-11.8464239523847
1.028145822447522e-15,5.952116242935134,0.007349814441027891,-36.96467214959702
5.840566125974614e-16,9.800626432830121,0.0008722621669214892,-20.46216288623517
1,0,1,0
6.728744545674702e-16,9.830889647987661,0.000858026639785181,-41.1712963089501
3.17603086687411e-16,7.199585805443007,0.003646020458615173,-18.38030861677685
3.17603086687411e-16,7.453398589924571,0.003165839230127754,-11.72502929888563
5.840566125974614e-16,10.043107304564,0.0007645951913209936,-37.08853035276879
0.9167998183682987,0.02326534833895266,0.4393845332864635,-56.46790703899565
0.1989554539716987,4.81574546344573,0.01410043561960611,-21.09246920962012
6.728744545674702e-16,4.923386047781477,0.01324776989533732,-22.12548663254903
0.1824762991312488,5.550412822653357,0.009238164380477698,-20.93705557785353
3.17603086687411e-16,7.359722659160635,0.00333505396556677,-11.36232319036725
0.9111924107593462,0.02672425811908852,0.4350720080148285,-50.37055589414596
9.555848176237971e-17,11.11128583851571,0.0004290199133255013,-12.71546541277083
2.287852447174094e-16,10.93992215690696,0.0004705706170546886,-33.40769581427169
1,0,1,0
1,0,1,0
1.028145822447522e-15,8.49248566910785,0.001783081290602062,-103.4343902745169
9.555848176237971e-17,10.87144710765307,0.0004882909657738521,-11.34385616698764
9.555848176237971e-17,11.41852529997279,0.0003635769483913975,-13.61569959685975
0.2290154193731581,3.779634811428195,0.02593999121649321,-25.83560083281282
0.2683045724382844,2.819946460316061,0.04654975442226128,-29.56490322293516
9.555848176237971e-17,10.93860387652423,0.0004709055539996454,-19.52112501048781
3.17603086687411e-16,11.45110100076885,0.0003572582601913954,-12.6222948847329
5.840566125974614e-16,10.04317992755784,0.000764565048877508,-17.25239227186004
1,0,1,0
5.840566125974614e-16,10.78875879328362,0.000510591659627857,-34.5371577651563
0.2041044043769611,4.61759674643416,0.01582277328010911,-23.03152749723687
0.3986792008350784,2.350402814419226,0.062625319470343,-29.83861275080724
9.682324783204268e-17,11.45080987770912,0.0003573142349765357,-43.53924917887554
0.4185580633067753,2.068817316672238,0.07516903255207674,-36.08257938084817
1.108155444600637,0.05064938279622311,0.4109685638141853,-69.12751697598753
9.555848176237971e-17,11.42232479864004,0.0003628341832376814,-15.87080153443917
0.183856735214155,5.483179534141108,0.009600152038958643,-20.46362874985181
1,0,1,0
0.3501117368453171,3.222120998987123,0.03632471979276186,-34.61754899383021
1,0,1,0
0.406947436768089,2.229706683377458,0.06768977296311424,-30.96847209790812
1.503406809293147,0.7275431282365901,0.1968403586635378,-73.50932534554073
0.5553014835557578,0.849246285180115,0.178382823771334,-28.7404774258292
0.1989877583006005,4.814403435942836,0.01411141960290518,-18.87727462763861
3.17603086687411e-16,10.93909789017286,0.0004707800111796723,-17.73077524382235
1,0,1,0
4.730343101349462e-16,10.04327911888092,0.0007645238810946586,-11.84909080643634
2.731941657024047e-16,10.93843669293911,0.0004709480477357308,-12.53105562060274
0.4067039434289741,2.233198584971717,0.06753698308478434,-29.3247404743746
5.840566125974614e-16,9.553777975953871,0.0009976915355336402,-18.59685062357446
3.17603086687411e-16,10.93926202206774,0.0004707383081195005,-27.55026076896106
3.17603086687411e-16,7.453437978823839,0.003165769953466124,-12.36019298719644
5.840566125974614e-16,6.221864846214629,0.006309106935648123,-30.42570526444715
1,0,1,0
0.2091729834997822,4.42511171867719,0.01770689737128311,-13.79095461065767
6.728744545674702e-16,7.359722659185422,0.003335053965520807,-18.36860432555573
0.1750025102097468,5.934794053845295,0.007422401699279269,-42.21812558394707
0.5974885190174202,0.9499661436914337,0.1648639576741541,-30.91990863660855
1,0,1,0
0.2033423947538046,4.644292119319129,0.01557849236550285,-15.01167697033919
1,0,1,0
1,0,1,0
9.555848176237971e-17,11.42215844064715,0.0003628666724975194,-13.6237141098313
3.17603086687411e-16,10.19264597334424,0.0007050092215843962,-18.18820359051804
0.2214620861048764,4.010398088495073,0.02261023622549313,-27.40980071496927
1,0,1,0
0.1839253950856154,5.479796790094227,0.009618747631150781,-32.61850206242051
0.6869833538723917,0.4802423741885988,0.244156275815658,-31.66560272586432
2.033144734519665,4.418719180035623,0.01777335453038725,-84.54993157770511
1,0,1,0
1.028145822447522e-15,10.19991184232134,0.0007022368385105615,-74.78403260203608
0.9960342817009635,7.950479549378997e-05,0.4964428598753524,-63.28439355002719
9.682324783204268e-17,11.42232415279545,0.0003628343093636799,-29.73050865254868
2.731941657024047e-16,7.453437962788158,0.00316576998166912,-12.35970779498642
5.840566125974614e-16,10.96161353203725,0.0004650939238136087,-19.40298801269317
1,0,1,0
5.840566125974614e-16,8.727777481407649,0.001566991423810671,-17.13626287160594
1,0,1,0
1,0,1,0
9.682324783204268e-17,9.800626430594079,0.0008722621679820852,-57.00554511212464
3.17603086687411e-16,10.04310721397923,0.000764595228919307,-30.14127010531411
9.555848176237971e-17,10.93843669000329,0.0004709480484819673,-12.53107341655167
1,0,1,0
0.8879573787921017,0.05867197982436778,0.4043036886257871,-54.18537709199241
1.404528075511855,0.8249195410457446,0.1818728614122691,-76.68420357963659
0.4432792216378196,1.766537891270715,0.09190556166127162,-23.09815970354086
9.555848176237971e-17,11.45106788479794,0.0003572646270156299,-11.92845355036363
0.1990585135635203,4.811407984629341,0.0141359683609425,-46.76366620840761
2.410598510249842,7.049677786120725,0.003963975554740151,-100.386190126994
3.17603086687411e-16,7.453398801159281,0.003165838858606884,-18.67406793508757
1.285814869564859,0.2324064127377028,0.3148726110783809,-37.03991867049385
1.263090421035587,0.3528121444219892,0.2762627719710978,-57.39750402884263
0.2091815533976272,4.424741884459522,0.01771073509291077,-32.59001142655723
3.17603086687411e-16,6.535714730342164,0.005286486745805841,-12.75259927294462
0.1745680423819321,5.958001522984787,0.007325319308698341,-45.20691484806571
0.4576626262979943,1.610216317169659,0.1022306986539331,-62.17436977215297
0.6105420168630692,0.8654679517948196,0.1761065171796162,-29.08950289555253
0.9150863400720475,0.04047717399609496,0.4202752404692182,-58.56469924198524
0.9013548961835667,0.05569129878327317,0.4067201995990561,-49.43848840003317
0.3982970741435169,2.356169414524352,0.06239413784519121,-27.1390803922996
0.182341005671602,5.556209332317508,0.009207623280380939,-155.2358186359712
1,0,1,0
5.840566125974614e-16,6.217514314859333,0.00632462900809172,-13.76307631507504
3.17603086687411e-16,10.93893177158458,0.0004708222228275716,-19.52477876385398
6.728744545674702e-16,7.359722659118233,0.003335053965645429,-24.0037995536706
9.682324783204268e-17,10.87144097624695,0.0004882925823361806,-18.35075957619872
5.840566125974614e-16,11.42039141683736,0.0003632119488671259,-37.11714640111501
3.17603086687411e-16,10.87141440200973,0.0004882995887705577,-25.62447906261813
3.17603086687411e-16,7.453404884719529,0.00316582815882388,-11.66630183989568
2.804502661847769e-15,9.830889665499228,0.000858026631616382,-120.0753123932192
1.028145822447522e-15,6.535684928935261,0.005286575310698982,-25.9400341416008
4.730343101349462e-16,10.81764590486339,0.000502686203713798,-11.89189589969203
3.17603086687411e-16,9.800626137338533,0.0008722623070799296,-27.66976921337391
1,0,1,0
1.028145822447522e-15,4.920613832355073,0.0132690433288466,-22.14379681901951
3.17603086687411e-16,9.026192802612449,0.001330691014413021,-12.52219407148374
3.17603086687411e-16,11.42215847306042,0.0003628666661670277,-13.62391058816575
0.4058294914830285,1.123378345655254,0.1445960850293631,-44.6280865002223
0.5244143953284438,1.565695655042845,0.1054166058636837,-65.44410360116801
2.731941657024047e-16,8.492664487277349,0.001782906050793176,-12.24706604982741
9.555848176237971e-17,11.10282538707273,0.00043098150243992,-20.8340433895332
5.840566125974614e-16,10.19264545436519,0.0007050094200026225,-10.79064803526981
5.840566125974614e-16,9.800626810778503,0.00087226198765189,-13.91575816081419
3.17603086687411e-16,8.492674065060211,0.001782896665167066,-12.71166727682415
3.17603086687411e-16,7.453398091036284,0.00316584010757559,-18.66725435535847
1,0,1,0
0.4068912746089532,2.230517440659654,0.06765426343417286,-20.74474444980043
2.731941657024047e-16,10.96158286316419,0.0004651016214987647,-11.91381283745811
2.804502661847769e-15,4.923375402162051,0.01324785151987895,-41.63582870747916
9.555848176237971e-17,8.72784593004306,0.001566932597454385,-12.89231019866728
9.555848176237971e-17,10.1930409818957,0.0007048582166800932,-11.89138778692833
5.840566125974614e-16,11.41951405173962,0.0003633835092658466,-27.18648941908657
9.682324783204268e-17,5.921770427148914,0.007477461994172596,-28.1766648617932
0.4082405689023085,2.212676637290585,0.06844049735501773,-47.18887009089095
0.4185194541617716,2.069287145496062,0.07514587753959573,-33.51350249190979
1,0,1,0
0.7971075565414129,0.2216650070199222,0.3188870923180765,-46.21630675285103
1,0,1,0
0.4581714885007392,1.605273000935597,0.1025787737774455,-42.34647695262535
1,0,1,0
0.2684895792288537,3.056924729451474,0.04019684543258056,-24.74585157358323
5.840566125974614e-16,10.87140772694737,0.0004883013487010923,-32.12299559336718
3.17603086687411e-16,11.41918372798254,0.0003634481221465591,-18.22096362825994
3.17603086687411e-16,10.87147390631767,0.0004882839002946504,-19.04163474140124
0.1839028891215917,5.480945852530738,0.00961242684347352,-30.64498079328094
0.3612764479444791,2.990109770300251,0.04188724478047812,-61.3422244226854
2.804502661847769e-15,7.197239204505507,0.003650791196580516,-40.93858327940752
5.840566125974614e-16,7.453371812532701,0.003165886326724821,-18.45718658901625
1,0,1,0
3.17603086687411e-16,11.42232487858533,0.0003628341676252811,-18.18047302808434
0.4067575826886473,2.232422911934336,0.06757088967532909,-34.28053344785992
0.5980758077496283,0.9460093866905481,0.1653685790140536,-36.38845961573436
0.7373502852011076,0.4112983471130462,0.260655625133091,-39.31442419140954
0.3492358363202416,3.240689599365375,0.0359151991938822,-24.38669467269169
0.664480699079979,0.5760593625281984,0.2239305418237346,-29.09515815268574
0.6102170169572668,0.8675052284764035,0.1758234469962195,-43.56161994025583
1.052339229913202,0.01532088717151225,0.4507456953505477,-53.72698790761776
1,0,1,0
1.028145822447522e-15,7.198694023761163,0.003647832737145251,-45.27018250276254
1,0,1,0
0.2040374020274612,4.620155960656376,0.01579918249836521,-29.78308040651723
3.17603086687411e-16,11.45106787757783,0.0003572646284037417,-11.92834447324637
1,0,1,0
1,0,1,0
0.1823333558650307,5.557495785337014,0.009200859268320039,-15.9267485432671
0.3820564157506506,1.309186224517987,0.1262710233786606,-18.42157059923522
3.17603086687411e-16,9.800626124321795,0.0008722623132541019,-30.89070534626477
9.682324783204268e-17,7.453372001888397,0.00316588599367984,-25.69530294820291
0.8890808869280883,0.05740554311158519,0.4053222993787726,-48.5588388767256
0.2290229378202532,3.77941342943096,0.02594342355866369,-33.31877877968012
1,0,1,0
0.4185316389649182,2.069171661959594,0.07515156827467928,-27.87572005979154