dN/dS,LRT,p-value,Log(L)
1,0,1,0
1.116487749234197,0.07005437518415647,0.3956288132050285,-86.35390838802893
0.9637280762152794,0.008276476799636612,0.4637561707366193,-65.34204007276533
0.4041535545476664,3.403642200817316,0.03252631559937069,-28.322115461109
0.3221662927580816,1.940803391397239,0.08179066487016429,-33.99853175166971
1.531704116868019,1.423041348079295,0.1164517300788991,-73.23388844296164
0.8500450869132675,0.1391597661588406,0.3545588756209397,-50.13846546679165
1.273581542231942,0.2158062470000743,0.3211270483373772,-79.95513097643492
2.804502661847769e-15,6.20107061772255,0.006383653120692445,-35.10964543948353
0.7503929615357519,0.2722869543079156,0.3009008867824063,-54.8263207355611
0.1697038372922077,6.229748473387438,0.006281078943485396,-15.739426523715
0.6072851844616695,0.8863567810154436,0.1732332495030238,-30.67009240095421
1.12493057378354,0.09312813599720471,0.3801187098230129,-61.06474539481149
1.020056475270854,0.002345747485946958,0.4806856129029965,-63.0788499086491
0.9645644070618631,0.007890130619358615,0.4646099353599815,-65.0738177629527
0.3433608109429342,3.367896541068554,0.03323929163327888,-23.91346427019298
0.9639177678508142,0.00818799767711198,0.4639498913819514,-84.92943139270822
0.1620446959444068,6.693202239150867,0.004839060514739257,-15.52844184487324
9.555848176237971e-17,11.77688477618541,0.0002998538045346222,-13.13551874285756
1.028145822447522e-15,5.887570171030475,0.007624062772800533,-19.69247662699695
4.004733053112191e-17,12.4192195791669,0.0002124688908300421,-6.171187222894511
0.1347112383484085,8.824187429511937,0.001486318659633612,-13.7551101794441
6.740639792367023e-18,15.12511321538394,5.030794407384631e-05,-6.752411753347173
5.840566125974614e-16,7.985789365204042,0.002357296740307657,-11.2268972070712
0.1679120165983187,6.335795455804295,0.005916251856922516,-22.20923673646863
0.1604302878771272,6.798834092529987,0.004560871001804134,-60.81993543480446
0.1715702087864198,6.121949436811491,0.006675674130838249,-21.380370661053
9.555848176237971e-17,11.64765228367166,0.0003214180659599775,-25.5376080927854
3.17603086687411e-16,8.14898305472822,0.002154265791219689,-14.62629062946043
0.169772861897903,6.225774649582611,0.00629519071539747,-30.37709092363979
0.1622391445887816,6.680832656063224,0.004872754506147714,-17.53386694617772
3.17603086687411e-16,11.7619531752157,0.0003022687830834259,-18.49029984342605
0.1697549478406397,6.226805169275593,0.006291528026535043,-32.6246935766234
0.1622283587247098,6.681501680240537,0.004870925990422936,-21.14470991810213
3.17603086687411e-16,11.76195313610989,0.0003022687894339016,-12.43588618418894
1.018483585832713,0.001996348498238376,0.4821809821369471,-73.95387863521837
9.682324783204268e-17,6.194173455557788,0.006408578497901385,-50.21010538625023
0.3505029237821093,3.213001995670197,0.03652766562313126,-40.64512631660278
0.5579268628711694,1.25025478951892,0.1317519097543272,-38.73534018416859
0.1717703658428835,6.110761365665219,0.006718061848207058,-13.72312547267967
3.17603086687411e-16,11.78827845688882,0.0002980241483133694,-11.7015013379294
0.1697038393042432,6.229748732486645,0.006281078024437448,-15.73890843532627
2.731941657024047e-16,11.78827706149291,0.0002980243717016773,-18.46628983081466
3.17603086687411e-16,11.77688477618744,0.0002998538045342891,-12.03287801654941
5.840566125974614e-16,11.91163633072091,0.0002789218806896199,-47.17762462084508
0.2140407124413392,4.256672093334402,0.01954822075086399,-39.74920922047673
1.019113747488487,0.002133050723529095,0.4815814140995301,-63.23857686661324
1.20337232286532,0.2251740010908065,0.3175627778121751,-96.0945007264786
1.591344725206425,1.670999367299004,0.09806236549157288,-100.9247364655457
5.840566125974614e-16,6.200839601957604,0.006384486364512609,-22.5926232887959
0.3499142199254336,3.22547943657505,0.03625028190063212,-28.71200588164745
1.791527649117226,3.098721595946529,0.03917690056722728,-104.5244968519263
0.5589949805010848,1.241163217240725,0.1326234956390532,-51.65024443217111
0.3360878718347434,3.536149547686762,0.03002234918568347,-45.29318563702771
0.6871576401885334,0.6392507611709561,0.2119911188549571,-72.95138658397356
0.6617460961702805,0.9812424913843074,0.1609461237582026,-74.92563568527207
0.1863696594956292,5.362466402843197,0.01028732772136393,-28.34419736610591
1.038263951005382e-15,6.197894860167281,0.006395117463775801,-67.74338175811437
3.17603086687411e-16,12.41901690203069,0.0002124919509832179,-13.13418462297298
0.745970516654206,0.3788416347692873,0.269111913342726,-38.01135746718247
0.3225216897669559,1.93601078902617,0.08205116594296891,-35.74609654301492
0.9708952434667032,0.006155920714974172,0.4687312027080326,-63.38574953746396
0.1322410976027637,9.067883853192569,0.001300689707617875,-35.32982124099176
1.189292611778284,0.1983050400253319,0.3280462306657767,-72.86899807888661
0.6422163633069164,0.9127226003460152,0.1696965316701821,-37.40132009913156
0.1661032361021918,6.445438125885445,0.005561880282204112,-17.64533556566823
1.028145822447522e-15,6.262437221691826,0.006166221520355897,-52.29653525257348
0.167902328029637,6.336518762370407,0.005913839672670285,-15.82610641833608
2.804502661847769e-15,6.26220953887811,0.006167014014991368,-40.29316279350972
0.3967439700419524,3.571361699476256,0.02939204422504427,-45.903383993539
0.7451446129280621,0.3818597026530739,0.2683048158538995,-37.66828170339466
5.840566125974614e-16,12.42434650071958,0.0002118864001268705,-33.70133933961843
0.8592641831682882,0.1207997567193644,0.36408435125331,-56.65755895326916
0.1735494998763245,6.013828183189254,0.007097100441465221,-21.85405108727291
9.555848176237971e-17,12.46479036108732,0.0002073475296984206,-12.77283456669622
0.1321484168672305,9.077084390182762,0.001294161924403958,-40.86305162113185
1,0,1,0
5.840566125974614e-16,11.51666565750607,0.0003448749950510366,-32.35179788561286
0.322276021021708,1.939267138490749,0.08187406461089897,-46.01880645910521
1.028145822447522e-15,14.56217227324116,6.780486949159448e-05,-34.83900874641112
0.1715611949779397,6.12232380684722,0.006674260537248233,-33.78213158107056
1,0,1,0
0.1749575688421189,5.935761325038712,0.007418329034785898,-51.09185576981546
4.730343101349462e-16,12.42439378132759,0.0002118810358864298,-13.40013113674311
0.5248664192488793,1.560659501813021,0.1057843413585209,-51.52762298362227
1.47922255322237,0.8089538173057349,0.184214867916382,-54.18430976767016
0.5284241685140677,1.52578444093956,0.1083731146370891,-45.83025482768656
0.6426715819481291,0.6823756585211527,0.2043849365809511,-49.55120035355959
0.3395337014340852,3.455231501407688,0.03152595244370643,-23.25201584883631
1.288972195433947,0.4734673882225593,0.2456981589221899,-86.30069562513229
0.8956641196625953,0.08805189456938933,0.3833342661293032,-69.67728585693442
0.4910135135958674,1.299437339772041,0.127158012799692,-32.64669825222826
2.804502661847769e-15,5.505576616132156,0.009477964611601775,-4.561006818408162
0.2140025040507129,4.257986823599346,0.01953309625986777,-30.08451011671285
9.555848176237971e-17,7.992639122503498,0.002348395148710103,-12.35271681651984
9.555848176237971e-17,11.5167321466794,0.000344862659810985,-13.3792124482852
9.555848176237971e-17,11.78827846912758,0.0002980241463541033,-27.16524159490822
3.17603086687411e-16,11.42447868347762,0.000362413800689132,-25.09717993461066
0.3395286280958682,3.455355558111549,0.03152358679432044,-32.68337946636972
1.49919882671328,1.005552991306359,0.1579852834670328,-75.39887038688256
0.7677087459892847,0.4580464343139852,0.2492691963501315,-55.46944718439412
0.4906990563127496,1.302095711264037,0.1269153862397034,-24.41619300250369
0.8097690654307038,0.2386382834499727,0.3125956763257812,-46.57342649511279
1,0,1,0
3.17603086687411e-16,14.55900513897605,6.791893792207349e-05,-19.83780806502677
5.840566125974614e-16,11.77688478837972,0.0002998538025703601,-33.51640526864075
4.730343101349462e-16,12.4243748580622,0.0002118831828166745,-19.93557206481518
3.17603086687411e-16,7.992639122503512,0.002348395148710103,-12.35304953825012
1,0,1,0
5.840566125974614e-16,14.55935581722261,6.790629828629102e-05,-29.05054719318171
0.8115725328114,0.2334464048531686,0.3144900315372731,-67.43075913809326
3.17603086687411e-16,9.884453632305522,0.0008334050786976133,-19.18075084365172
0.5210219674331645,1.600614851396671,0.1029080495790664,-72.72373428552773
1.306052119576961,0.5214965781851504,0.235101990840445,-71.58484449332457
0.5005781504844249,1.220492341396771,0.1346320257619563,-25.0412212211493
9.555848176237971e-17,11.42445935810091,0.0003624175703136889,-23.72502508376466
1.028145822447522e-15,11.42429915904741,0.0003624488204038712,-54.2706113101798
1.028145822447522e-15,6.198128956400481,0.006394271664892037,-47.4267445865523
0.1380231166190616,8.519904686858126,0.001756414434407272,-35.37638334054806
0.1749188342180975,5.937885114863477,0.007409394955670168,-44.9738039518515
0.3120295061103561,2.077427975623834,0.07474594330206508,-29.36348251882644
0.6384767003616388,0.4696574257721551,0.2465724054822931,-47.10578450786667
9.555848176237971e-17,15.66318757927345,3.784149478019971e-05,-12.98690077441756
9.555848176237971e-17,8.148738558563178,0.002154556261050156,-15.32093124452592
0.338741476663402,3.473429770873118,0.03118094108568242,-31.00611478730508
3.17603086687411e-16,8.149779290371903,0.002153320112239676,-20.40927599124723
0.4913102881395124,1.296921689480214,0.1273881394873744,-37.61399200452468
9.555848176237971e-17,9.883555447387547,0.0008338119855930137,-5.898128145616777
0.876419294209962,0.09074692056523759,0.3816148698747213,-39.63530548869793
0.5320859363111806,1.984483229714186,0.07945945178156699,-75.75305643791857
0.2023053573938499,4.685710664857318,0.015207240194685,-16.70396901776041
9.555848176237971e-17,11.42435911061293,0.0003624371253104774,-28.21973240130701
1.344744202515631,0.7939576238362633,0.1864530517151181,-93.04390027227925
3.17603086687411e-16,9.884342816057938,0.0008334552711702359,-24.39883213448066
0.1660514286017869,6.44857275896716,0.005552075490279418,-44.35313727284996
0.3724358411468081,2.784068795753058,0.04760300949100932,-45.06713138898159
0.8491824548104419,0.1409537824189329,0.3536673293405659,-40.72717824295872
0.6389805182087632,1.169302324723247,0.1397723202108486,-52.28825275565132
2.731941657024047e-16,8.144924513993056,0.002159092642442295,-6.109773296894278
2.804502661847769e-15,5.504778437302773,0.009482291348664962,-4.561006818408162
0.1662479014495591,6.436705697465499,0.005589288166562567,-24.86672832848389
0.860784787346091,0.1179275157368522,0.3656466135859915,-63.78362301863895
0.3363843575170779,3.529276391389409,0.0301470483736539,-29.84705826998936
5.840566125974614e-16,12.32004168832989,0.0002240603463525837,-39.67039458837418
0.7051432711244501,0.4121613707119423,0.2604372563085714,-95.50847874584969
0.6890387580179336,0.6293600402116368,0.213795076287185,-56.96314536459244
0.1861011280530837,5.375034467497294,0.01021346869490003,-25.56531090944834
9.682324783204268e-17,15.13120013276958,5.014600666713998e-05,-35.82481833140713
1.358493458842737,0.6781880047739151,0.2051056886589533,-75.39112820737483
5.840566125974614e-16,11.77688478836795,0.0002998538025722475,-47.23357654639535
0.481357922465909,2.074716943432577,0.07487886019259471,-48.12247207854081
9.555848176237971e-17,12.4647903246667,0.0002073475337412978,-12.5604541883573
5.840566125974614e-16,12.42432747478932,0.0002118885587600872,-40.52258211026278
1.165255422345076,0.1555017798799554,0.3466660732528259,-62.74131962556938
0.8405049138706556,0.1598493135327601,0.3446476440143201,-47.82040233496821
0.9641247818865193,0.008091987943871004,0.4641612975449521,-56.51976016109612
0.2746120929215604,5.389292616507532,0.01013034130058887,-55.02543993560077
1.1259613207087,0.0945540778597973,0.3792327555037106,-61.93217379792772
0.5585646545530571,1.244790841281898,0.1322748678283907,-57.9264639629076
0.7667333608286082,0.4626603378879679,0.2481916391740563,-63.39186473474709
5.840566125974614e-16,9.884481330587626,0.0008333925336757586,-19.17899484864619
0.2501900463167506,3.217664952990923,0.03642373874180693,-23.5337941702219
0.3728661689566167,2.77631737936774,0.04783395683485941,-33.74537554232261
1,0,1,0
0.3393225229377695,1.730625455138991,0.09416552046543553,-50.54699054588409
0.1350321852750966,8.788604513763644,0.001515590171902115,-40.01375618879941
1,0,1,0
0.3222329738045607,1.939818229379426,0.081844135949597,-62.13883891504302
0.5091326837493786,1.731645148696856,0.09410046661608445,-47.7492638269684
0.5590895884437548,1.240367506209992,0.1327001191162326,-41.21478976755409
1.122060751292276,0.07640301656124393,0.3911162213980952,-90.79864290832063
2.915971928305217,17.30267114832299,1.59369243902252e-05,-197.5954676051904
3.110807804696254,16.36536572519424,2.611548880443459e-05,-153.343539477524
0.245340302424721,3.337833791200865,0.03385184358432997,-29.22682788849128
9.682324783204268e-17,7.992639122241158,0.002348395149050386,-36.80780241538803
1,0,1,0
0.3724912783544078,2.783076872170739,0.04763249521795188,-56.50337577380163
0.175949829100726,5.88727169887332,0.007625355134678768,-26.54468418329098
1.026136633293595,0.005270532915744752,0.4710628356501676,-79.50411129512587
1.119124739452808,0.07303189331145177,0.3934862197116628,-71.07985481776437
0.2140091721635398,4.25775933596276,0.01953571237059626,-35.41347533989129
3.17603086687411e-16,7.992639122518888,0.002348395148690119,-13.0471636082283
0.1734398574860099,6.019234440323515,0.007075391897766792,-61.91990225466083
3.17603086687411e-16,11.64776306763623,0.0003213989247601856,-11.77242624772196
0.1620188582340102,6.694750061785527,0.004834861177572036,-20.02876733406383
0.3723145498684792,2.786283659071984,0.04753724259055309,-28.46664601909859
1.325421717510913,0.7227138494589553,0.197627578828766,-100.0707544530561
3.17603086687411e-16,10.73666320079835,0.000525167784873104,-12.01318906338471
0.7007644215088613,0.5702003886040643,0.2250896491633728,-46.3439638686139
0.8492614828620828,0.1407884217178719,0.3537492345769965,-87.52590772591725
1.028145822447522e-15,11.34374169541564,0.0003785132233410371,-74.13165550211916
9.682324783204268e-17,11.78827846902442,0.0002980241463705902,-49.38994579893042
1.028145822447522e-15,6.20144343040883,0.006382308669520165,-34.61732438265002
4.936130869128893e-15,5.50097570523806,0.009502933093898658,-4.561006818408162
3.17603086687411e-16,15.11213179114659,5.065506437285094e-05,-29.4376157651769
0.521644151988799,1.594776995288029,0.1033224800311959,-42.85077853501269
5.840566125974614e-16,11.89840957531237,0.0002809094685136682,-23.37081904539469
9.682324783204268e-17,11.91219177328719,0.0002788387255333036,-33.63395498660878
0.1660387505675756,6.449335853741857,0.005549691298045833,-25.70741561710792
0.6425833872703419,0.6828336241609065,0.2043063401831741,-57.76985087111222
0.5098162970571842,1.723899881403426,0.09459590884782243,-47.67819982112295
1.285381919272464,0.5794911096956241,0.2232559294383785,-85.67773457410632
2.101010834610036,5.663790322731614,0.008659328371118213,-113.0426231896579
0.1621416667679814,6.686993987934471,0.004855941469268932,-29.43276366109099
5.840566125974614e-16,6.402616076642865,0.005697616440999032,-20.07239951297968
9.682324783204268e-17,6.404227510350452,0.005692447505649234,-18.28298878165349
1.024645896866538,0.004695343708078781,0.4726848238009094,-116.1203109361187
0.5293006768331371,1.516934627149212,0.1090419828030352,-59.73998072120427
5.840566125974614e-16,7.985645598454738,0.002357483939958438,-11.9212606595551
9.682324783204268e-17,6.404943200154214,0.005690153358054173,-20.46229735909304
0.1716944784969099,6.115009226761284,0.006701935679744753,-15.27853095483746
1,0,1,0
9.555848176237971e-17,12.32008452852343,0.0002240552040536636,-5.357071453624339
1.61970579448794,1.988354314237824,0.07925652837205005,-91.24651901312919
0.2501849534648791,3.217788226692715,0.03642099555434519,-14.67114921627257
0.6789554625614098,0.6839995353044515,0.2041064457006208,-45.30631511562166
0.202259753111233,4.68747055374488,0.01519167134191035,-22.19910215459749
5.840566125974614e-16,11.78827846906911,0.0002980241463634847,-25.76833667698898
0.3968471739880709,3.568991018545347,0.02943403505331049,-89.06901768779855
4.085987403307385,28.59952718376115,4.450195673078028e-08,-192.8087494782315
3.17603086687411e-16,8.148800567454391,0.002154482588587081,-12.5897338478609
1.668986849776908,2.666837108385579,0.05122972981072982,-87.81176588325417
0.2501385896560727,3.218895283049484,0.03639637035820736,-30.07982563290145
0.1276314863445054,9.542409189700784,0.001003890146589081,-21.84611287262911
0.1861046806413686,5.374958343486369,0.01021391439938513,-35.35187081212727
0.3728656214166631,2.776358615772509,0.04783272500547542,-43.31776908278537
0.2022722375590197,4.686876712840451,0.01519692289594332,-29.15959226025235
0.3726632376163349,2.779853327337122,0.04772845507763751,-69.00467973555034
5.840566125974614e-16,12.04142617040162,0.000260155736613199,-60.77120724918613
2.731941657024047e-16,11.42453854795585,0.0003624021237240704,-11.44347783129081
0.1346018075503961,8.834100317628895,0.001478266779372073,-22.61338854738151
1.287562438808326,0.4695636746315301,0.2465939835759261,-103.5120181046897
0.1348971013721373,8.805409602829037,0.001501693550535921,-21.93487821282352
3.17603086687411e-16,14.47997742056046,7.082864244550846e-05,-31.67852599761883
0.3322706032460422,3.627969662487104,0.02840804456068186,-51.51555062753673
3.17603086687411e-16,10.73664333387834,0.0005251734230865557,-11.32244595064968
0.1694835556904407,6.242461944038055,0.006236149042663952,-37.13376042460751
0.3988436534426933,3.523369138339433,0.03025466357963885,-43.18166050505349
3.764753639166186,27.09439269355539,9.687957330806185e-08,-163.1344821136887
1.250702039737503,0.1856191426406042,0.3332940285548438,-56.70310479965406
9.555848176237971e-17,11.42449866117404,0.0003624099038641582,-25.79024127857021
9.555848176237971e-17,15.13096360917761,5.015228937499394e-05,-20.52003885968422
3.17603086687411e-16,14.47873019471589,7.087555605622686e-05,-12.93701922844726
0.2080676598042489,8.934110575345137,0.001399468645683244,-21.92322016673589
0.3433130060248719,3.368864444545167,0.03321976771300572,-35.93478696028598
1.028145822447522e-15,7.992639122466471,0.00234839514875812,-33.60584692984099
1.249868283969416,0.2306126229592707,0.315534974730162,-44.36986053317932
1,0,1,0
0.5096400211982535,1.725896509342874,0.09446790039357483,-30.71813319908319
0.9667203892153298,0.003470980710233107,0.4765098934884571,-76.39554273137358
1.191198309822913,0.2018823553984248,0.3266028669809254,-65.14166044556413
1.228082975399752,0.2754691263761799,0.2998432039010178,-105.1333882017548
0.166058400667766,6.448151073526361,0.0055533934434433,-57.69171198335968
9.555848176237971e-17,14.55935720853446,6.790624814334567e-05,-20.70562163268305
0.6487909489877647,0.8677614010909309,0.1757878969243642,-46.59837136268343
1,0,1,0
1,0,1,0
0.5097448839396692,1.72470685405041,0.09454414764777702,-38.08043054423692
3.17603086687411e-16,9.884509149290594,0.0008333799343057668,-12.45790438234641
9.682324783204268e-17,11.42441858419271,0.0003624255238371954,-31.16629136699132
1,0,1,0
0.1697426573503759,6.22751202869096,0.006289016962150673,-24.47766523826102
3.17603086687411e-16,14.55947486955795,6.790200777395672e-05,-25.62291811444802
9.555848176237971e-17,11.64342664383559,0.0003221490301055785,-12.46697044120484
1.028145822447522e-15,6.200979823263509,0.006383980591166905,-55.65185950843618
0.6809826693881913,0.6727941601900511,0.2060395643066408,-68.0763360673636
0.8483226444470582,0.1427556495893896,0.3527783738743315,-65.73789537407606
6.728744545674702e-16,12.04142616846104,0.0002601557368840379,-58.3507539900706
0.1380713899773201,8.515515880541408,0.001760655430547931,-26.40168816156514
0.5006505682049035,1.219921469049254,0.1346880321779272,-35.5247036037556
9.555848176237971e-17,12.46479032466947,0.0002073475337410202,-13.25525478157939
3.17603086687411e-16,9.884453771635826,0.0008334050155920925,-26.19251691430529
1.126045621284223,0.09467134084331974,0.379160224881404,-73.53892347847608
0.2081102621093968,8.931022534511676,0.001401836706471593,-19.84191880077521
0.3500434513681559,3.22267227618434,0.03631248980381085,-40.10912379672021
0.8310402529953838,0.2184177723211178,0.3201240749901263,-57.59647025017109
0.3433112079463637,3.368941984289023,0.03321820416173438,-35.89976765093108
1.449352793046293,1.096972112028197,0.1474657803750294,-80.41432410714535
0.8268472092937447,0.2309306440336627,0.315417313505283,-63.87445532582852
0.4282619188534904,1.94563255292384,0.08152913161481812,-32.58001122623511
0.132097900549687,9.082102363155045,0.001290615696190656,-35.06617217840849
3.17603086687411e-16,11.51664688390679,0.0003448784780574754,-17.38442136880925
0.5212497136639681,1.598245602431561,0.1030760058973844,-37.90291269664551
0.3471336925986477,3.285927122393772,0.03493807680728511,-46.723644491741
0.245387928496702,3.336640467717721,0.03387640610316695,-31.06348801965182
0.1620313509460574,6.693810083109753,0.004837410951581578,-31.72425012669991
0.8499479772414824,0.1393609446981969,0.354458573988738,-48.6061302008848
1.83794349299567,3.355148192165274,0.03349759024322579,-97.95897962455417
1.699405302971105,2.368678746841965,0.06189589268780182,-134.6396284372737
0.6741198784290852,0.7115131437973048,0.1994709710516649,-76.90415392829503
1.954416432397776,4.349384169853579,0.01851116558825694,-99.06767199591806
9.555848176237971e-17,12.42437478546645,0.0002118831910530306,-19.45445535961995
0.5150146830103227,1.665505734907271,0.09843079361590434,-59.38163056803236
3.17603086687411e-16,11.77688477618744,0.0002998538045342891,-12.03291845529322
0.1697107552370322,6.229349861852711,0.006282493017722268,-16.12136105486314
5.840566125974614e-16,12.42434647669876,0.0002118864028521905,-33.98678193380545
2.804502661847769e-15,6.410290491625958,0.005673042589367239,-55.9199783605584
9.682324783204268e-17,11.7768847761844,0.0002998538045347887,-20.30600375350905
1.165276546212872,0.1555380514546414,0.3466490993092314,-84.75569279128223
1.304907891589092,0.4532851761681513,0.2503894955904631,-96.48256605978877
5.840566125974614e-16,15.13131743181487,5.0142891180327e-05,-21.5867823934276
0.1603686797966079,6.80286094684147,0.004550596061831447,-29.94260461887728
1,0,1,0
0.1715654622296732,6.122130520470634,0.006674990333885689,-32.81313201680022
1.002002002002002,1.4210854715202e-14,0.4999999524423742,-4.360467452596661
1.230375483712683,1.49213974509621e-13,0.4999998458956794,-4.468725471635239
0.8187811707335084,1.225686219186173e-13,0.4999998603310985,-5.084375021026804
5.840566125974614e-16,11.7768848153426,0.0002998537982271121,-29.21067481726081
5.840566125974614e-16,15.66307687152819,3.784370997961251e-05,-41.03360231876979
0.1762044646652948,5.87374478864055,0.007684163118073739,-62.25830621593721
1,0,1,0
9.555848176237971e-17,9.884536862169213,0.0008333673830565602,-13.12539958339195
0.9036814981919086,0.03177705576230494,0.4292589239549098,-60.62677517326097
0.1715362409296174,6.123569103381314,0.00666956060389684,-52.47120412205339
0.733541820753972,0.5537473784879268,0.2283952735751836,-62.41490564094276
0.6729218909130634,0.7184422263271557,0.1983276815163833,-44.29973961159284
0.5028369302957874,1.805588525649156,0.08951916756759526,-60.09490179372777
0.5211377229547582,1.599590952831051,0.102980594186358,-53.44930862734861
5.840566125974614e-16,11.77688477620652,0.000299853804531236,-20.95466345843741
0.1735505832987884,6.013770307241533,0.007097333209751366,-15.72478006453004
1.028145822447522e-15,14.56299269915272,6.777535225921394e-05,-44.78542084474594
0.9327748156197541,0.02472378431673405,0.4375286459767292,-59.66319987962918
5.840566125974614e-16,12.42436539064069,0.0002118842569467927,-19.53081140718197
0.1660729764994599,6.447271719000611,0.005556142847334244,-43.17408888110219
1,0,1,0
0.5003990480987771,1.221919746404787,0.1344921149317773,-30.08518478828361
5.840566125974614e-16,11.78520275273365,0.0002985169470835491,-31.1991192321438
0.1861613168916832,5.372198815881461,0.01023008496828576,-34.23892161915974
3.17603086687411e-16,15.65632562700898,3.797904540309149e-05,-26.31569197894407
0.5107881355776457,1.712958308061403,0.09530099733390129,-39.35186843721186
0.3728989288590583,2.775746482115828,0.04785101444257933,-25.30369728962596
0.3195798120341343,1.974770018905154,0.07997123019868435,-25.68455637166722
0.1382315336281772,8.50114032329347,0.001774619881502681,-20.94277132844686
0.6457117405420514,0.4445669298437451,0.2524631946997979,-56.56411262932933
5.840566125974614e-16,12.44848908428018,0.0002091650434750125,-23.61165950674851
0.1701047686070326,6.206726675469255,0.006363287282624142,-45.27535405515128
4.730343101349462e-16,14.54055071504243,6.858745117555021e-05,-20.70634152980133
1.028145822447522e-15,6.254309406219789,0.006194576875550029,-43.15969851352047
0.1330498934329318,8.988023209765579,0.001358774082823255,-28.39927583539624
4.004733053112191e-17,11.62800586743061,0.0003248308360697671,-5.235285588491282
2.389548137368816,8.08610285499924,0.002230298898136862,-131.2629427121275
5.840566125974614e-16,12.02561812880141,0.0002623714672744248,-39.9301394832526
5.114956077737342e-17,9.329125132679751,0.001127700046101854,-6.669661223045757
0.3476755176484525,3.274203632229032,0.03518853761162966,-42.00949618815323
0.3122354719872317,2.074567358029057,0.07488620186277317,-17.10505315805489
0.2142673430536124,4.248914929261971,0.01963770857885777,-45.77920890855442
0.1382366968286002,8.500618380024306,0.001775129011809595,-27.09328902436395
3.17603086687411e-16,15.11156533118329,5.067026614691272e-05,-26.35027856808532
2.804502661847769e-15,6.190817737939483,0.006420741740331248,-35.0969591554388
0.2025141405085391,4.677584124485392,0.01527934763335592,-16.08482074360528
9.555848176237971e-17,15.10992028291776,5.071443943349685e-05,-25.3474318787154
3.17603086687411e-16,12.44842217490416,0.0002091725365748198,-28.40841669022013
3.17603086687411e-16,11.50193435762004,0.0003476190014383151,-11.76826501780457
9.555848176237971e-17,12.45932863945073,0.0002079547035276352,-20.61743632056491
2.731941657024047e-16,15.12480502749148,5.03161571414612e-05,-28.45110515676175
3.17603086687411e-16,9.880013123558911,0.0008354187363855958,-24.57602468579616
9.555848176237971e-17,11.51164703598857,0.0003458073500571257,-11.7666942818649
9.555848176237971e-17,11.41956971063344,0.000363372623266911,-4.964950572055857
9.555848176237971e-17,15.12034663246889,5.04351224170918e-05,-14.3980324853007
6.728744545674702e-16,15.1309629483507,5.015230692945183e-05,-36.85244484317506
1,0,1,0
1,0,1,0
1.028145822447522e-15,15.12391417390577,5.033990557401502e-05,-79.9597389772406
0.1039943880134595,12.69029350213177,0.0001837792865158616,-16.45274660116199
0.6786712657788706,0.6855809235187849,0.2038357760277251,-46.09752335756517
0.1621175612836464,6.688548829091907,0.00485170802064594,-16.13071802748834
3.17603086687411e-16,14.55994188551471,6.788517967920571e-05,-12.26611878511396
1,0,1,0
3.17603086687411e-16,7.992639122021231,0.002348395149335603,-17.56425241372023
1,0,1,0
0.250186467646572,3.21775228508065,0.03642179533366996,-43.40565515942074
5.840566125974614e-16,11.91216396292896,0.0002788428884192284,-32.73551896190745
3.17603086687411e-16,11.9123318554889,0.0002788177578171847,-13.3561191316269
6.728744545674702e-16,6.410465240957322,0.005672484301858738,-19.38350475810694
4.004733053112191e-17,11.64781847816981,0.0003213893513869248,-5.237610690986814
0.3498474763801084,3.226883771897221,0.03621920411496488,-48.20467076843686
0.3118056931350555,2.080632820440357,0.07458915954613077,-50.1385061914874
9.682324783204268e-17,15.12802700385808,5.023035957874011e-05,-68.94616727928175
2.731941657024047e-16,8.148738573968231,0.00215455624274713,-15.3208681777327
5.840566125974614e-16,14.56076196929504,6.78556395689589e-05,-25.91580291866911
0.2500951292279191,3.219935761949827,0.03637324238145523,-16.97779049446984
3.17603086687411e-16,12.46479032468418,0.0002073475337393549,-11.86492834805718
9.682324783204268e-17,12.46479036063749,0.0002073475297483807,-86.04334439972676
3.17603086687411e-16,12.33569619025491,0.0002221891735191828,-20.03006172793053
0.3226972055884711,1.933916692221402,0.08216528769417009,-40.137554708415
9.555848176237971e-17,10.73668440265167,0.0005251617678743159,-12.37024275238039
3.17603086687411e-16,15.66321531612374,3.784093980196968e-05,-13.6816720285232
3.17603086687411e-16,11.77688477622136,0.000299853804528849,-17.52696761988701
9.555848176237971e-17,6.410592473894162,0.005672077854750601,-14.64896876044889
0.1716333473375525,6.118439784575813,0.006688941299306472,-17.0973434203158
0.1603864775041553,6.801698349342317,0.004553560114824717,-32.13980684238393
0.1735840848158038,6.011913764427291,0.007104804112887386,-24.82146986352017
3.17603086687411e-16,12.33555765253348,0.000222205663499786,-32.25966674775555
4.657558349822914,38.98415767996858,2.136293364429775e-10,-166.3890734612792
3.17603086687411e-16,11.51669422700671,0.0003448696947102037,-11.76686360215195
9.682324783204268e-17,11.77688481532127,0.0002998537982305538,-34.43382018562409
5.840566125974614e-16,11.64742999707042,0.0003214564760041783,-43.85250524569655
2.287852447174094e-16,10.73656322299554,0.0005251961591020149,-24.56364481327426
0.3388809446921062,3.47021402914698,0.03124161276985116,-28.85652543415619
1,0,1,0
5.840566125974614e-16,9.340549306386372,0.001120691658965001,-14.42819882253465
0.3392510134014631,3.461716428984616,0.03140254390392994,-37.11659860182247
0.3472171505342563,3.284138182044373,0.03497617201403286,-22.52697541952898
0.1749374806597516,5.936988615871922,0.007413164877496436,-13.31160362801806
5.840566125974614e-16,10.73652386648143,0.0005252073291140968,-29.41756650666873
0.1039825439164645,12.69225533744052,0.000183586571837091,-14.57205045749613
5.840566125974614e-16,11.64768044043409,0.0003214132009390913,-33.24770743274946
0.3395112430511468,3.455753721322438,0.03151599545921052,-38.94455256857616
6.728744545674702e-16,6.410560085495128,0.005672181317035008,-27.66932126781857
3.17603086687411e-16,9.88453687068316,0.0008333673792005891,-12.86356062927235
0.3395317982337545,3.455286891810438,0.03152489617533394,-21.97633931872642
0.1601958100466431,6.812007725507023,0.004527345072336764,-31.39592832665538
0.5119104699163119,1.700111418844912,0.09613670333397345,-52.02354578391247
0.1324082730095017,9.051409096690804,0.001312462182074647,-36.40587254654929
9.682324783204268e-17,10.73656340308673,0.0005251961079897893,-17.57796845080365
2.287852447174094e-16,11.42447959130129,0.0003624136236092812,-30.52713926846416
3.17603086687411e-16,9.884564553333473,0.0008333548418331116,-13.55641051453573
0.171602670215966,6.120142952992879,0.006682499608429482,-32.46025440718575
1.028145822447522e-15,11.91205401431364,0.0002788593470576806,-38.83242420562174
4.936130869128893e-15,6.201268194387893,0.006382940576021234,-66.84391113241976
0.1749202508506196,5.937807626679046,0.007409720727944991,-34.96159715754043
0.1861439645975267,5.37309891623088,0.01022480755751548,-24.06746574466088
1,0,1,0
0.1347268417689036,8.822757440516398,0.001487483859203609,-16.72291559777425
0.1749662271006426,5.935384916470191,0.007419913617506491,-21.81759437740034
5.840566125974614e-16,11.64773545748462,0.0003214036951211252,-19.00273610839152
1.028145822447522e-15,5.890097810939622,0.007613127324143376,-34.45669199902994
9.682324783204268e-17,11.64745850983674,0.0003214515488775826,-37.22189647348181
0.1862265010630815,5.369249883981219,0.01024739470514041,-14.8031773905299
2.804502661847769e-15,10.73539317233042,0.0005255283409451583,-175.3433628929648
0.3392359753320071,3.462064728104068,0.03139593033641214,-30.17582725891839
1,0,1,0
1,0,1,0
9.555848176237971e-17,15.12538832532874,5.030061365829397e-05,-6.753405383608063
0.4046748396305508,2.263112765910421,0.06624376060196818,-59.6343434900086
1.028145822447522e-15,6.204748966348959,0.006370400841879786,-49.99556731652788
3.17603086687411e-16,12.33550191236979,0.0002222122985337527,-23.7390565706299
5.840566125974614e-16,11.51668882111241,0.0003448706976294513,-26.04390928283122
1,0,1,0
2.731941657024047e-16,11.77688481534998,0.0002998537982259464,-13.0572797519634
3.17603086687411e-16,7.992639122518867,0.002348395148690174,-13.04501780285216
1,0,1,0
0.1604161661188844,6.799764771905146,0.004558494167158644,-37.76498012863165
3.17603086687411e-16,11.42455852366477,0.0003623982274136295,-12.13904528939715
0.6434173815562003,0.4523934809781451,0.2506002572873492,-70.6783305315777
1.028145822447522e-15,6.261091764522888,0.006170906165623102,-48.67110459214105
0.5090249030391677,1.732869318772927,0.09402243676464261,-42.09420378758406
5.840566125974614e-16,6.199865546122254,0.006388000886634881,-28.42659572137164
1.028145822447522e-15,6.262444665049287,0.006166195614058234,-26.18671828334093
1,0,1,0
5.840566125974614e-16,11.6477076877095,0.0003214084931332239,-18.30744353530977
3.17603086687411e-16,11.42451852674149,0.0003624060289529329,-11.03800642152398
0.1380519673146826,8.517355085757032,0.001758876901833795,-22.41152338892926
0.1698117209659989,6.223538778530283,0.006303145018225043,-33.03735699413608
2.449231293967717e-15,6.259666417172454,0.006175872962881135,-45.74658473432238
5.840566125974614e-16,12.33552989690179,0.0002222089673682426,-24.26623913340148
0.2500130541959393,3.221904413370318,0.03632952591584737,-21.92420151592662
5.840566125974614e-16,11.91194210931252,0.0002788760995622863,-44.51106562276419
3.17603086687411e-16,12.33555777114677,0.0002222056493809133,-18.20584270073622
3.17603086687411e-16,8.148953361223242,0.00215430106599529,-12.59083428752926
0.5150709426487377,1.664904971996634,0.0984711818198748,-35.99123119181777
5.840566125974614e-16,11.78827846922775,0.0002980241463380606,-41.06880126030389
2.287852447174094e-16,10.7339473642986,0.0005259391049021178,-19.57521747783774
0.8640684794941982,0.1118824628438659,0.3690055365715597,-62.40299733749872
3.17603086687411e-16,5.889984762134127,0.0076136160672714,-20.1136278256547
6.728744545674702e-16,7.992639122471324,0.002348395148751847,-19.15119039422473
1,0,1,0
0.3720848118252512,2.790363211996265,0.04741636536459448,-65.19773111537955
0.3393741675584157,3.458901447416309,0.03145604980906014,-37.8236927139897
0.2762345374171509,5.327173654982062,0.01049770285891866,-32.36895342668766
0.8971627563332721,0.08534672156798706,0.3850891759082213,-88.34513572443539
2.804502661847769e-15,6.410432375162316,0.005672589296883912,-38.2153445723951
2.804502661847769e-15,5.930750308829346,0.007439452704674998,-90.88704339058043
1,0,1,0
0.6872932088453303,0.6385514256413813,0.2121179171059769,-53.97212871535261
1,0,1,0
9.555848176237971e-17,12.46479036108045,0.0002073475296991978,-30.02595245654724
0.5588166687277657,1.242660823386942,0.1324794319451957,-57.95378652763809
1,0,1,0
1.568794920018426,1.57556389654232,0.1047004186865815,-72.47754739065103
3.17603086687411e-16,14.55947558464066,6.790198200401498e-05,-25.50384792393281
3.17603086687411e-16,11.64770743634102,0.000321408536564538,-25.81812309429499
9.682324783204268e-17,15.13002723199952,5.017716986821519e-05,-99.58113319258193
2.287852447174094e-16,12.42429858390972,0.0002118918366876277,-32.08780306383244
1,0,1,0
3.17603086687411e-16,11.42451854804854,0.0003624060247968686,-11.0383616674418
0.2023569212682913,4.683705552925517,0.01522499868370963,-16.00976308957663
0.2500789896718653,3.220327632884931,0.03636453588165994,-25.93527429575389
1,0,1,0
1,0,1,0
1.028145822447522e-15,12.424336836214,0.0002118874966340889,-32.66248794931656
0.6490078213205098,0.8663031461601065,0.1759903956507659,-55.01188796925737
0.3433221707929102,3.368711834276866,0.03322284525456715,-34.74283794537882
0.5089892246380008,1.733263273845978,0.09399734168277291,-103.5088994077588
1,0,1,0
1,0,1,0
0.7003477952655887,0.5722301538179408,0.2246870355960208,-44.09376751268185
0.1276052806016201,9.545124109026283,0.001002406349419616,-21.7456436871865
0.1695495354896492,6.238646856324152,0.0062495969260008,-48.64732586341484
1,0,1,0
0.1715941785206531,6.12056339887387,0.00668091038804991,-23.04429049593497
9.555848176237971e-17,15.13072731272275,5.015856684048581e-05,-13.31009182761504
2.731941657024047e-16,11.77688481534999,0.0002998537982259464,-19.59339004613344
2.731941657024047e-16,7.992639122431715,0.002348395148803195,-11.51623674031809
0.3241350064586487,3.827982859438933,0.02520177869548518,-50.20264916035727
5.840566125974614e-16,7.992639122481549,0.00234839514873858,-32.69281389875134
0.1660442231192217,6.449005267363347,0.005550724043996147,-57.83496908130182
3.17603086687411e-16,10.73664340425434,0.00052517340311381,-19.18933182222615
1.028145822447522e-15,7.992639122457071,0.002348395148770333,-25.96817198813855
9.682324783204268e-17,8.149610637887776,0.002153520383374963,-26.98809165052623
0.5252358752211426,1.556893074983179,0.1060603571724233,-42.41742434832858
3.17603086687411e-16,11.42455872268635,0.0003623981885941818,-12.14068223215649
0.3212378335338615,3.90438685349919,0.02408009909887993,-35.79985733686262
5.840566125974614e-16,10.73656335209589,0.0005251961224616575,-24.5660608674244
1.028145822447522e-15,5.889970692099737,0.007613676898416299,-20.38648724548106
0.3433883472514415,3.367294975082196,0.03325143220786009,-26.34561379727137
9.555848176237971e-17,14.47911914101375,7.08609227313417e-05,-26.18156446799033
0.1750615590129231,5.930313786244032,0.007441295772382839,-13.31002756364406
0.7008477022315491,0.5697961467508748,0.2251699668215791,-40.08976129383032
1,0,1,0
0.811884898470547,0.2325600516477522,0.3148160259396912,-49.77143546717726
2.287852447174094e-16,15.12720596850093,5.02522088269286e-05,-55.19900055453553
0.1695397232388811,6.239213584966045,0.006247597369473556,-28.63933839503619
0.372537206833181,2.782232484384807,0.04765761099252025,-63.72019745641285
2.804502661847769e-15,6.209814238148624,0.006352198042226975,-72.28889116329005
0.1749255019847792,5.937575600750201,0.007410696288921881,-22.00900196478256
0.2454386391131851,3.335375556198073,0.03390246294359189,-22.17931010865731
0.1697072181224244,6.229559097782015,0.00628175071257614,-22.78333871730741
0.3988614421923916,3.522956884407918,0.03026218904535066,-55.62540092839581
0.8688774916614599,0.1033679787695405,0.3739123808664476,-58.58242315544838
6.728744545674702e-16,7.992639122516046,0.002348395148693838,-20.05363525855584
0.6239156590555439,0.5232842215512292,0.2347220395246677,-28.61733747045314
3.17603086687411e-16,11.51672268277943,0.0003448644155504832,-12.68500815226252
3.17603086687411e-16,6.263693091082821,0.006161852100557641,-16.73073579021755
0.1603620888327777,6.803294874477963,0.004549490265711997,-16.91736812457305
3.17603086687411e-16,11.51664689024028,0.0003448784768824154,-30.84790575778111
5.840566125974614e-16,7.992639122414062,0.002348395148826121,-18.05188760141522
3.17603086687411e-16,8.14898319535811,0.002154265624158047,-14.62600244507458
6.740639792367023e-18,11.77196100161702,0.0003006479957932129,-6.522448248398102
0.5089852625835115,1.733307987236302,0.09399449391605408,-42.2183570068385
3.17603086687411e-16,12.46479036108634,0.0002073475296985317,-16.00484142702403
3.17603086687411e-16,15.66304919683325,3.784426375497141e-05,-18.39867108015707
3.17603086687411e-16,8.14994676934824,0.00215312125338124,-29.02353079204469
0.6385439792104353,0.4693940545472657,0.2466330319795965,-59.4106002875838
0.1694987484428694,6.241568267599902,0.006239296512793202,-28.12373739420362
0.322302341172174,1.938966412833395,0.08189040170139239,-68.30741696578117
0.6781521794884912,0.6884748137993881,0.2033418190359829,-63.03216981527375
0.1695526996554894,6.238473003686792,0.006250210452183991,-15.21534460012773
9.555848176237971e-17,9.341390259786532,0.001120177508532827,-14.33249184872574
1.028145822447522e-15,6.201460939893067,0.006382245533312458,-17.82473560420743
9.555848176237971e-17,15.13096362045454,5.015228907540026e-05,-14.41170673036543
1,0,1,0
0.1735499732230055,6.013812048194712,0.007097165333176947,-15.6796799980024
0.1276063802214624,9.54498793972077,0.001002480717654075,-28.28231926795405
0.2022918419669501,4.686148869149001,0.01520336206712042,-22.37854592617843
1,0,1,0
1,0,1,0
3.17603086687411e-16,12.4243368260035,0.0002118874977925511,-25.36466840712182
5.840566125974614e-16,9.341390212973565,0.00112017753714716,-26.2804556973076
2.56616822563917,9.049474677263333,0.001313851550290401,-130.1439814257704
1.613775494007368,2.352852525435026,0.06252699508296944,-112.4991719663699
312.544282187755,22.73209329241909,9.311571754211379e-07,-21.03615674615263
0.9979668361884221,3.730349362740526e-14,0.4999999229478397,-4.532641295302664
0.6105817845362423,0.752935042032334,0.1927742835909205,-62.28654303798604
1.028145822447522e-15,6.08046300439922,0.006834247106654256,-53.9192148396262
5.162551232362769,24.36032666453457,3.994864420375777e-07,-165.2950862428001
3.17603086687411e-16,12.42435595162413,0.0002118853278597066,-19.24540530836004