dN/dS,LRT,p-value,Log(L)
1,0,1,0
1.016938102841701,0.001678567629710415,0.4836597761241775,-87.32611058676032
1.170875339312142,0.1886171925590361,0.3320350082987167,-78.19187218823889
0.3678714557962897,4.301750247134905,0.01903658553657284,-28.65460293375176
0.2939192376622012,2.353266992687367,0.06251037652328717,-34.6021747062465
1.55037312370351,1.665910067873597,0.09840362197123625,-79.34457073313027
0.7738134552103059,0.3580671161252553,0.2747908371239518,-57.42280671242626
1.455134095015628,0.6221002552002801,0.2151339436108811,-90.38219709270803
2.449231293967717e-15,6.79701223901067,0.004565527454130913,-36.6966518378475
0.6838173817526102,0.4928107869173601,0.2413380744360019,-60.58909894135532
0.1545333150940835,7.198145097896145,0.003648948721849121,-16.06348934067141
0.5538642915452638,1.286248893402359,0.1283701921870485,-31.13371087570627
1.024056408214278,0.003916575197749239,0.4750494637979193,-61.97680318267893
1.083908841419625,0.04415233394414031,0.4167852256336171,-71.05454671193642
0.8780256067308277,0.105870001612459,0.3724479910971701,-73.01640781952973
0.6259516322403635,1.030423595046273,0.1550295991019376,-36.54922023497618
0.8773485706093209,0.1068845133307832,0.371859669838317,-85.09275316776083
0.1476189362224388,7.710870796907681,0.002744463372765571,-15.84470981008065
5.840566125974614e-16,12.93264197777277,0.0001614508639917744,-19.84451877669891
5.840566125974614e-16,6.455348212816276,0.005530943155564128,-20.00974493509831
5.114956077737342e-17,13.63539934083684,0.0001109803245382124,-6.348214203241806
0.1226054741643983,10.09854467546725,0.0007419323087917151,-13.89249814980879
4.004733053112191e-17,16.61979811496121,2.283588760604305e-05,-6.984480678377955
3.17603086687411e-16,8.754595286537679,0.001544114494495263,-11.40726683813395
0.1530358787201327,7.307141934172449,0.003434053926384739,-29.03319848911507
0.2921839469715473,4.761660152273691,0.01455023344278888,-75.40850477929656
0.1563376651112758,7.070193992770449,0.003918838448288386,-28.71507182554248
3.17603086687411e-16,12.78193760857758,0.0001749911170005336,-25.72447674368586
9.555848176237971e-17,8.934380435653821,0.001399261896700865,-14.86565136744517
0.1545903611934585,7.194111392364348,0.003657160089888478,-30.7166052221638
0.147779253485198,7.698368938473784,0.00276353742722607,-17.85898795999298
5.840566125974614e-16,12.91778582309406,0.0001627373179478586,-18.72910491921823
0.1545457124948806,7.197269070413384,0.003650730437877614,-40.1348538483171
0.1477704610077639,7.699037403838751,0.00276251413884554,-21.46464032229106
3.17603086687411e-16,12.91778577373319,0.0001627373222393147,-12.66624413889575
1.236878302130365,0.3364168995321961,0.2809523967718551,-86.4341818246061
9.682324783204268e-17,6.790167123259167,0.004583066349729437,-50.72434622468895
0.319084705607888,3.959420448327236,0.02330487401109987,-41.72548503967342
0.5080027872684115,1.743474183063967,0.09334961312642143,-39.39169525262969
0.1565029616529575,7.058721175928447,0.003944014292707132,-19.14714618701357
9.555848176237971e-17,12.94647120011551,0.0001602625529457669,-11.93204010144797
0.1545333080965757,7.19814539499928,0.003648948117734141,-16.06290438191051
9.682324783204268e-17,12.94646981427959,0.0001602626715843658,-18.70039959859174
3.17603086687411e-16,12.93264197777728,0.0001614508639913859,-12.26319542554737
5.840566125974614e-16,13.06861836106557,0.0001501422761658322,-47.42174905036744
0.1950283220203813,4.980223476587597,0.01281933552899489,-40.11445371310734
0.927816863855902,0.03446469267237262,0.4263609192072664,-64.07023944820497
1.095811979926554,0.05670088690783359,0.4058942130678783,-96.89294186652195
1.773184652248021,3.002946233179642,0.04155662409144045,-118.6880730300033
1.028145822447522e-15,6.795984417344805,0.004568156598155571,-28.14236196101299
0.3185992591185691,3.972424818684942,0.02312556198417892,-29.09689269635839
1.631620560042123,2.247615230501765,0.06691024656467381,-105.8546437691119
1.019543073535158,0.002227009221400067,0.4811804211220791,-74.04638442180783
0.3062838491947799,4.321709829228567,0.0188145469874163,-60.15471565453966
0.6260766426181276,1.029417514037618,0.155147758094101,-78.86553904673312
0.8466757791598668,0.20476660146565,0.3254502916096899,-91.98059043317207
0.1696948348130947,6.227054628279276,0.006290641724761015,-33.61995429164833
2.804502661847769e-15,6.792595458503371,0.004576836465402245,-78.07598117451622
9.555848176237971e-17,13.63519999632843,0.0001109921083093934,-13.35733975170771
0.6792677489948508,0.681813601420501,0.2044814578985022,-38.59538707110724
0.2942340718260262,2.348074915991134,0.06271891386277967,-32.37915859502757
0.883321486270367,0.1121269053478215,0.3688677784339575,-64.97715826625154
0.1203250414816937,10.37420741428974,0.0006389399714210042,-40.97237094771792
1.082756452222451,0.04300933890655756,0.4178538443813763,-74.49652351368232
0.8781646768607245,0.1056067190350944,0.3726011792580751,-51.69107684033475
0.1512895540004076,7.436992484695217,0.003194829045544134,-17.97793036840461
2.449231293967717e-15,6.864043621675606,0.004397365245341123,-52.80568888262334
0.1530278812089289,7.307913402634213,0.003432579905813249,-16.10808332677204
2.804502661847769e-15,6.863816626363075,0.004397923878929011,-40.79531027919673
0.3610343166957425,4.500036509557887,0.01694706492397746,-51.72842269658641
0.8485136407741812,0.1422537646320592,0.3530253331403584,-46.8621024359335
5.840566125974614e-16,13.64050062665387,0.0001106792028017778,-33.89191406295244
0.9402172737991684,0.02321768477204955,0.4394461768312859,-72.33438188329312
0.1580085226219698,6.954163898076075,0.004181218552802402,-35.47746944749148
9.555848176237971e-17,13.69038496230932,0.000107777637859463,-13.00835455266758
0.1202512229380839,10.3831807314582,0.0006358421427476446,-41.2634809700788
1,0,1,0
5.840566125974614e-16,12.64246967699837,0.0001885407499652714,-40.65121738496622
0.2940097816370092,2.351677056146627,0.06257415363462976,-46.7953517368302
3.17603086687411e-16,16.00650328806326,3.15626374804423e-05,-35.09263995968182
0.1563300332247211,7.070601454890024,0.003917947345031869,-34.06540502803519
1,0,1,0
0.1592960983112229,6.870147335928863,0.00438237125893276,-51.57149672447293
3.17603086687411e-16,13.64054692659856,0.0001106764735542831,-13.58058158253008
0.4779077412622159,2.120251556750489,0.07268133343756911,-52.02542672435253
1.570747737528002,1.232000213681673,0.1335091982944087,-60.83958577510225
0.4812972793976177,2.076434475674418,0.07479462177974955,-46.42516838454976
0.5855870782391491,1.03383496356021,0.1546298219816307,-50.13701113951358
0.3091651111701085,4.236256910541471,0.01978465731017731,-23.6733922970569
1.172929133358745,0.1927199797747789,0.3303311891597448,-93.55195219144812
0.8155312877263002,0.3113582799038568,0.2884239421101281,-70.6072424362076
0.4468989752005957,1.726332999589829,0.09443994286817692,-40.34734970816159
2.804502661847769e-15,6.026791494572011,0.007045161390947352,-4.56101701310013
0.1949970058747824,4.981552650574983,0.01280949037702755,-35.27514288592111
3.17603086687411e-16,8.770477039748066,0.001530726839986063,-17.38871251977415
0.15803243931409,6.951471799742578,0.004187515142506926,-29.78595614450555
3.17603086687411e-16,12.94647121556449,0.0001602625516232137,-27.57709188436182
9.682324783204268e-17,12.54640406340782,0.0001984847382549004,-25.98977696759873
0.46386644506887,2.321871462632018,0.06378323366402661,-39.80077532469875
1.75604146701836,2.380470540037237,0.06143026781406552,-86.94579230494713
1.050564601096756,0.02150248313330394,0.4417091750586917,-70.25597354319872
0.4467247945866721,1.728268242405612,0.09431610511642335,-24.84649834069447
0.7377768533737181,0.5119861783356754,0.2371401582486279,-47.28421771791159
1,0,1,0
9.555848176237971e-17,16.0019837467845,3.163807365097471e-05,-20.07172823764804
5.840566125974614e-16,12.93264199318273,0.0001614508626627265,-39.06937408501665
9.555848176237971e-17,13.64052839815803,0.0001106775657440107,-20.11952694218493
3.17603086687411e-16,8.770477041319872,0.001530726838666951,-12.57622071431704
1,0,1,0
9.555848176237971e-17,16.0023301236083,3.163228582575561e-05,-29.29663615864528
0.7392725163464232,0.5048176313381703,0.2386954554725853,-68.11906910809569
9.682324783204268e-17,10.83669832632614,0.0004975400332818958,-19.4075932459303
0.4745608186038677,2.166383564659327,0.07052880661845923,-78.52926156047957
1.488334065148984,1.387091705039012,0.11944842783879,-84.83320757566484
0.4561233535895278,1.626403107274882,0.1011006360484055,-25.41988107933668
3.17603086687411e-16,12.54637932679897,0.0001984873657775443,-24.09713246647317
1.028145822447522e-15,12.54622242362557,0.0001985040328502108,-54.65984113464869
9.682324783204268e-17,6.794094222092212,0.004572995721953133,-54.41290544395914
0.1256205244501461,9.75969218631748,0.0008918988741100642,-35.68382731314486
0.1592645722779942,6.872189492435552,0.004377366322588727,-50.42361302910741
0.2848205059262507,2.506363503803762,0.05669365490376971,-29.66728337865587
0.5825336349111336,0.7041592526496459,0.2006948222189792,-53.45663224979442
0.1162365313229911,10.88926242290424,0.0004836166852567048,-26.06016695280927
9.555848176237971e-17,8.950427301956609,0.001387023449858416,-15.56028132007027
0.3084522057439732,4.256910003490944,0.01954548295252606,-36.73033254169824
9.682324783204268e-17,8.951455434066325,0.001386243040585877,-20.65206686638491
0.4472300894962815,1.722659128683219,0.09467555816863299,-38.04336941703949
9.555848176237971e-17,10.83579660229595,0.0004977823888609456,-6.07529571801038
0.9578948816538664,0.01123533012967926,0.4577924296180559,-47.14486144849933
0.72723637438403,0.6775534110857393,0.2052152367085214,-102.8322923011187
0.1845136729526753,5.453862141911308,0.009762557997920529,-16.9853331813392
6.728744545674702e-16,12.54618284316393,0.000198508237516104,-33.49897291547371
1.346864005280026,0.8822288236396219,0.1737959742755228,-101.70197123752
5.840566125974614e-16,10.8365898104887,0.0004975691926716319,-24.62916544210512
0.1512466819314493,7.440174913700716,0.003189184541339152,-44.75624095695538
0.3392486078514494,3.459829819906318,0.03143839299254947,-45.65007648233054
0.773298466634921,0.3600126498279081,0.2742496051155272,-41.59513292892994
0.5823840844777224,1.761723870606389,0.09220482036500349,-53.83607762092827
4.004733053112191e-17,8.946634063704657,0.001389906589380929,-6.336814314621241
2.804502661847769e-15,6.02600325509106,0.007048308369712653,-4.56101701310013
0.3028794321045154,4.425091112112781,0.01770711118003759,-33.05782169875359
1.098866042947097,0.060149662802786,0.4031297742919233,-76.44074819900135
0.3065276065259288,4.314628421982988,0.01889301120961057,-30.22057712317016
9.682324783204268e-17,13.5237716388632,0.0001177802611446732,-39.9078791270184
1.06978403869525,0.02220852204735024,0.4407668585041702,-116.5643176756787
0.9430457617860588,0.02098866149435707,0.4424049245183998,-75.04923527873247
0.3390054435336133,3.465390448295537,0.03133285564779664,-32.91612144269067
1.028145822447522e-15,16.62586038006806,2.276301551984439e-05,-36.08806593512175
1.081298681870612,0.04158266273532263,0.4192086820180241,-70.25221645222786
2.287852447174094e-16,12.9326419931762,0.0001614508626632816,-47.6645533114221
0.584879178210393,1.384879538386826,0.119635864993793,-65.27758277742929
9.555848176237971e-17,13.6903849163579,0.0001077776404966313,-12.79088650096751
5.840566125974614e-16,13.64040752281019,0.0001106846912086179,-45.86710247283555
1.214010407391311,0.2818934935310153,0.2977314156786023,-70.83510865417441
0.766022581627362,0.3884155579722659,0.2665667148252145,-48.49544587188403
1.024417459144829,0.004033094275399662,0.4746815330019535,-66.4757202470591
0.2498125432298674,6.45492484514773,0.005532261199711286,-61.54456542798486
1.024906088693511,0.004193452702821787,0.4741837895372948,-62.86805226691294
0.8474022741759043,0.1445957926945596,0.3518771272637209,-70.88616584392051
0.6982089996228322,0.874510493534558,0.1748548162262092,-64.20078228928425
5.840566125974614e-16,10.83672544865386,0.0004975327454863621,-19.40583839804883
0.2279777486582779,3.809526851489828,0.02548092220417908,-23.8621886606188
0.339516087360471,3.453710933838494,0.03155496367287719,-34.14774992171363
0.312610390762719,4.136903424101533,0.0209789280036341,-21.52820106874748
0.3094245134022625,2.115038606451165,0.07292918781985702,-61.63954919569903
0.1228901890256494,10.0602143067652,0.0007575280091761671,-40.18929991055777
1,0,1,0
0.2939736629946363,2.352256102637639,0.06255091798167661,-62.74417177969392
0.4635296055267104,2.326909184365675,0.06357706386511747,-41.74443022226312
0.5091149626741319,1.730775196251741,0.09415596408593052,-41.70034481054596
1.021338598934092,0.00264868043768729,0.4794773629885062,-92.31428501451222
2.781735787275844,16.78298727034735,2.095366984633529e-05,-199.0868948455557
3.312748157283553,20.89703546786831,2.423220317349095e-06,-176.4855837151853
0.2233494297431812,3.951711353121546,0.02341186307845072,-29.56712560417511
5.840566125974614e-16,8.770477041047997,0.001530726838895102,-43.3664995789784
1,0,1,0
0.3392062526824479,3.460811702751371,0.03141972994918923,-57.07663719115682
0.1602702262056869,6.811649524107622,0.004528253322952092,-26.92819493802408
1.17099954768718,0.2361082800261727,0.3135155795128199,-90.18093453867544
1.532567963865411,1.425289754783421,0.1162673469535775,-99.87132487906584
0.1950027067622045,4.981312570354532,0.01281126806271005,-35.7954798310704
5.840566125974614e-16,8.770477041334804,0.001530726838654406,-13.27034205577833
0.1579898827049514,6.95861353328057,0.004170832463295471,-62.2631499116028
9.555848176237971e-17,12.7820461051104,0.0001749809680205439,-11.95276853045636
0.1475978842622777,7.712332561143164,0.002742241945529966,-26.14798978839547
0.3390604665116644,3.464164914304682,0.03135608306085125,-28.85118791346299
1.205945391121337,0.3291024868700845,0.283094027434873,-102.5648098140183
3.17603086687411e-16,11.78873145652006,0.0002979516367567769,-12.20382126688024
0.7979096225177793,0.274492951660676,0.300166831151208,-51.76355601310571
0.7731663822672199,0.3605117126757591,0.2741110903509232,-88.53968710876893
2.804502661847769e-15,12.45379930343069,0.0002085712212805402,-74.20180268625509
2.287852447174094e-16,12.94647121546282,0.0001602625516319289,-49.12165860625113
1.028145822447522e-15,6.797106586153092,0.004565286193982887,-41.02530599881515
2.804502661847769e-15,6.022228646221134,0.007063398232763751,-4.56101701310013
5.840566125974614e-16,16.60687641647925,2.299199797006768e-05,-34.54375818033035
0.4750484711724541,2.160453257769689,0.07080145758839923,-44.0563653542871
3.17603086687411e-16,13.05548375537511,0.0001511988600600422,-23.75550414811033
2.287852447174094e-16,13.06915767909859,0.0001500990513930156,-33.82434735584595
0.1512361854344797,7.44094931314622,0.003187812571071591,-26.04362329864235
1.174426730516696,0.1468615187656326,0.3507764144053483,-80.43586992713519
0.4641828913884004,2.317149910421037,0.06397713981058495,-48.22605904274038
1.289974347369486,0.6548501387092358,0.2091919735749201,-94.38564168351571
2.208654505059633,7.334610381114658,0.003381966952937299,-132.5417525301978
0.1476990975266925,7.70452061380611,0.002754134997119961,-43.09268983587144
9.682324783204268e-17,7.013995784184424,0.004043749061287905,-20.26871406989124
5.840566125974614e-16,7.015600994379632,0.004040125294149266,-18.47750941152323
0.816099386030109,0.3091479233418681,0.2891017624389671,-103.8211893784584
0.1604269031973967,6.801420844777311,0.004554267907473597,-42.65389954300144
3.17603086687411e-16,8.763523151115102,0.00153657410382857,-12.10182655680123
9.682324783204268e-17,7.016322150699551,0.004038498362947729,-20.83056248587957
0.1564402639262601,7.063181108724063,0.003934207864722816,-15.55188426557364
1,0,1,0
4.004733053112191e-17,13.52429013128249,0.0001177477252006232,-5.534175367488317
1.622270368240338,2.200200486665977,0.06899639455975826,-96.56166231556061
0.2279730718495573,3.809666631401207,0.02547879581914858,-20.78939056967479
0.7728514314901531,0.3617080165983424,0.2737795868638097,-52.22462839759199
0.3689889668321753,2.849239211348383,0.04570859377893188,-29.29133442081093
9.682324783204268e-17,12.9464712155056,0.0001602625516282652,-32.00262574016111
0.4819475602254734,2.755692511187505,0.04845442357125024,-100.878905268545
3.693832227674059,25.31331480079683,2.436665483829259e-07,-196.1445981489846
9.555848176237971e-17,8.950488601120817,0.001386976907890136,-12.82020822340136
1.64486069549555,2.739195941355632,0.0489570113926549,-93.62364533909172
0.4560337240267779,1.627339131128892,0.1010357397612884,-38.40532278734526
0.1162304008528025,10.89027233784169,0.0004833530687328724,-22.16596240923051
0.1694752587402432,6.239925717410983,0.006245085724834343,-35.82070872220774
0.339515856811063,3.453756886135409,0.03155408652247338,-43.89408194693477
0.3690218262580096,2.848561961454465,0.04572785392030981,-36.59207351592543
0.3395283952592943,3.453374040811042,0.03156139517577161,-66.07642706063065
5.840566125974614e-16,13.21986400052627,0.0001384988581850655,-61.2179719356747
9.555848176237971e-17,12.54644305807757,0.0001984805963122227,-11.63411039389357
0.1225151171905561,10.10855517031018,0.0007379130942656298,-22.76302999079351
1.31886935898939,0.6286138158657764,0.2139321158384309,-135.4423855970512
0.2460611401830762,6.63488155790693,0.005000042222986167,-31.48797536807338
3.17603086687411e-16,15.90800765842075,3.324839007790015e-05,-31.89170241459161
0.3026321589166681,4.432611926424272,0.01762925611020688,-52.02958195635892
2.731941657024047e-16,11.78871200028689,0.000297954750745788,-11.51298670688749
0.1543218310926114,7.213135205495448,0.003618598280234087,-37.65146091347444
0.4842591842162127,2.714704138204809,0.049713702031004,-51.22335902320844
3.723750793140588,29.04392551539678,3.537780773887889e-08,-175.6332802128051
1.142031194546361,0.06736339956324855,0.3976075372761373,-57.27796910251844
4.730343101349462e-16,12.54640400271025,0.0001984847447021321,-25.98789971882904
4.730343101349462e-16,16.62539458164767,2.276860639666145e-05,-26.75158733478889
5.114956077737342e-17,15.90677434010942,3.327006261294452e-05,-13.13973200635551
0.2841996177410962,7.55251136691259,0.002996324975338416,-28.98301836672246
0.312813265945569,4.131082591835252,0.02105120421255463,-36.36274147036699
9.682324783204268e-17,8.770477041269686,0.001530726838709084,-33.79623998524684
2.05389023613548,3.707189567379544,0.02708927163461117,-70.28017570122934
1,0,1,0
0.4640372891075296,2.319324869996933,0.06388773651970564,-31.23676865846673
0.8820651153005219,0.04921134100879954,0.4122206626786604,-82.67978111159303
1.084308936056383,0.04455274247612806,0.4164142936671013,-66.08126893565247
1.118008839727928,0.08372579667192781,0.3861552071131389,-106.2177444509154
0.1512523850466775,7.439750751566436,0.003189936266664972,-65.83060118541808
3.17603086687411e-16,16.00233154437827,3.16322620874665e-05,-20.9480831483427
0.5907198852194694,1.328773246467975,0.1245117879261201,-53.53323805532322
1,0,1,0
1,0,1,0
0.7744553537035429,0.3556531260282867,0.2754651728195801,-52.50491882151201
2.731941657024047e-16,10.83675269911831,0.0004975254233691162,-12.68130421045109
2.731941657024047e-16,12.54632559026479,0.0001984930737932711,-31.36762693908381
1,0,1,0
0.1545653927805163,7.195874829096184,0.003653567961275472,-24.81913587084141
3.17603086687411e-16,16.00244770498514,3.16303213277469e-05,-25.86027307319146
3.17603086687411e-16,12.77772468059841,0.0001753856620228533,-12.64716283058255
1.028145822447522e-15,6.796922864010014,0.00456575601178999,-56.16183501300127
0.7760178357648151,0.349824262678851,0.2771063137971234,-81.51448514768822
0.9270727095995344,0.03521639303846769,0.4255714715964395,-72.41709649342559
5.840566125974614e-16,13.21986399850046,0.0001384988583347235,-58.77961479228018
0.1256602047036271,9.755274216698936,0.0008940448431017933,-26.70542183378074
0.4561842532950785,1.625773815721629,0.1011442935895063,-35.91888559775192
9.555848176237971e-17,13.69038491636057,0.0001077776404964648,-13.4856065131961
2.731941657024047e-16,10.83669846362777,0.0004975399963885185,-26.42287240493991
1.024976901792579,0.004216948159950107,0.4741116691755761,-82.6031318611344
0.2842425410634793,7.550215733821823,0.003000144524707538,-28.31101786131109
0.3187044743317421,3.969530874462478,0.02316533922688579,-40.50138714216502
0.7563493781676042,0.51371082631006,0.2367684325647595,-58.38500889404087
0.3129352153247281,4.127701483811549,0.02109330692311495,-36.97755898916723
1.319158378683434,0.6295628901252996,0.2137578470185264,-81.56753283803354
0.7528819475222411,0.5316313760710329,0.2329609007951852,-64.6915180834135
0.3902294102141008,2.483158953350696,0.05753546432426249,-33.02626916689923
0.1202096646640281,10.38823396733505,0.0006341043257316881,-35.4060606070499
5.840566125974614e-16,12.64262735359351,0.0001885248485616886,-17.82409310507775
0.7924293582226802,0.2921805336314804,0.2944132848588372,-51.95779763540028
0.3161972205864845,4.038559326820177,0.02223588557799849,-47.15171481386353
0.2233885901111607,3.950493076967128,0.02342881799857183,-31.40349741413567
0.1476077067001307,7.711519105504536,0.00274347791888585,-32.16264966185701
0.7738796952900657,0.3578172487754614,0.2748604928768625,-49.33682375531072
1.675129172496662,2.478907845366393,0.05769117433394172,-100.6958330377115
1.702644591815411,2.622351833142261,0.05268408330879548,-147.373018397785
0.6141696549785437,1.124132060823797,0.1445152255130343,-95.60953194908693
1.780020769508056,3.312098738875477,0.03438580498640009,-100.4307943513599
9.555848176237971e-17,13.64052990492024,0.000110677476925003,-19.68109024039781
0.4692686408270304,2.241782533515902,0.06716302536807905,-59.8616316624835
0.154530109560327,7.198402495477445,0.003648425380491427,-20.00816759084674
0.1545390234095859,7.197740641860214,0.00364977121778326,-16.4506196880786
2.287852447174094e-16,13.64048207570016,0.0001106802963456999,-40.71626093278513
1.028145822447522e-15,7.021630752255632,0.004026542742798234,-56.28266127419001
9.682324783204268e-17,12.93264197777436,0.0001614508639916634,-20.53984722358719
1.061171300786793,0.02416384220140344,0.4382343751296372,-85.73789801601676
1.358653225261292,0.6781020872727197,0.2051205153106592,-102.758434298494
3.17603086687411e-16,16.62597598636945,2.276162813641402e-05,-30.52702170288113
0.146000819848064,7.840749386527236,0.002554071315948814,-36.41092295721489
1,0,1,0
0.1563335601655693,7.070409451950781,0.003918367221915631,-33.139573342484
0.9228428494767925,9.947598300641403e-14,0.4999998741743492,-4.360273579094002
1.222222222222223,1.723066134218243e-13,0.4999998343997305,-4.468426994223707
1.000027009162799,8.881784197001252e-15,0.4999999624023956,-5.084252409952328
9.555848176237971e-17,12.93264202718375,0.0001614508597301834,-29.50453670908223
3.17603086687411e-16,17.19798620651423,1.683965910725949e-05,-47.18448952104809
0.1604807497365669,6.797912626336824,0.004563225557445372,-63.19599963792379
9.682324783204268e-17,13.21986362408689,0.0001384988860017033,-16.29928583629486
3.17603086687411e-16,10.83677520809561,0.0004975193753572471,-13.30608296486029
0.8280628524384588,0.1136006941906942,0.3680407271575629,-71.84069691331666
0.1563100082553747,7.071686648625032,0.003915575080631783,-58.0452300321214
0.7933658015056421,0.3590993774262756,0.2745034220774741,-68.6288120384751
0.6132075652687726,1.132088823895984,0.143665113631576,-50.71959880568406
0.4575922675691843,2.418985749622976,0.05993626034944766,-60.81244383406684
0.6331285122624576,0.9768444294414564,0.1614895547222335,-66.02561203625905
0.1546966665142404,7.186628575620411,0.003672442818308919,-31.60386572074959
0.1580819444651252,6.953041836270643,0.004183841782003039,-16.03493778491209
1.028145822447522e-15,16.0059225991979,3.157231968592411e-05,-45.04168695214363
0.8493776956854894,0.1404427031589535,0.3539206507831291,-65.93914479157144
3.17603086687411e-16,13.64051911905068,0.0001106781127204748,-19.71433276866027
0.1512643821944538,7.438863160160665,0.003191509894191757,-52.27932465995939
1,0,1,0
0.4559753929387622,1.62794977754465,0.1009934289245338,-30.45842437499912
5.840566125974614e-16,12.94340656382779,0.000160525126688682,-31.83866414138493
0.6787104485747451,0.684906027461551,0.2039512265222961,-53.03573802030983
0.1162550752394175,10.88695534878636,0.0004842194427455149,-38.42219345363578
0.9318548475693321,0.03054025592849996,0.4306350111469576,-62.21133549539758
0.3395429586680663,3.453117377198041,0.03156629598565913,-25.693769244574
0.2915205752947697,2.392693358149828,0.06095172019906747,-26.27653648834939
0.1257921712088197,9.7407646363379,0.0009011295580949596,-21.24339151204879
0.5888441295918369,0.6737502247976579,0.2058735777875144,-56.75223675392355
3.17603086687411e-16,13.67416195294787,0.0001087127545493782,-23.91103996509655
0.1548641683531592,7.174808470879213,0.003696717026533292,-45.63982679762278
3.17603086687411e-16,15.98360001405878,3.194679220447361e-05,-20.94872909815951
1.028145822447522e-15,6.855968915987219,0.004417281766466552,-43.66207162590924
0.1211057771350918,10.27986779009427,0.0006724479170437947,-28.877112401339
4.004733053112191e-17,12.7623972909199,0.0001768286726261392,-5.412215122034521
2.174875726390001,6.610692550276895,0.005068411567665354,-132.9234806340437
5.840566125974614e-16,13.20413976028676,0.000139665713418724,-52.26902931770586
5.840566125974614e-16,10.23867173146553,0.0006876329165907413,-12.18237862136404
0.3166442355091491,4.026346289870261,0.02239742712096021,-42.42716182500564
0.2849904967478799,2.50341790258431,0.05679975838052198,-17.39553841356578
0.1952155078126599,4.972318824135101,0.01287804764215633,-51.75137287341151
0.1259113246938791,9.721797190328317,0.0009104768355538972,-35.25160439213954
3.17603086687411e-16,16.60631117774274,2.299885120599088e-05,-26.63565046285221
2.804502661847769e-15,6.786840630162615,0.004591614553032308,-35.59562395138041
0.1846860413337426,5.445615504075867,0.009808750751330808,-16.35751269765464
9.555848176237971e-17,16.60468570924709,2.301857064290758e-05,-25.75898317358311
9.555848176237971e-17,13.67409636830018,0.0001087165514829791,-28.70233093959162
9.555848176237971e-17,12.6276660832259,0.000190039708009071,-12.49624263714378
3.17603086687411e-16,13.68495080566115,0.0001080899639990807,-20.90047740591705
9.555848176237971e-17,16.6194931263226,2.283955994414333e-05,-28.70333055865969
2.731941657024047e-16,10.83228981456539,0.0004987260405967531,-24.80651693265772
3.17603086687411e-16,12.63764534155485,0.0001890279300794662,-11.98314518808681
9.555848176237971e-17,12.54149915236047,0.0001990064248371115,-5.152145119566919
9.555848176237971e-17,16.61508890755835,2.289265695137876e-05,-14.80269779799994
6.728744545674702e-16,16.62469473418631,2.277700910857661e-05,-41.71577229787694
1,0,1,0
1,0,1,0
1.028145822447522e-15,16.61170204240071,2.293357320320988e-05,-79.53257576908256
0.09467874968493212,14.39320259295686,7.416840124457869e-05,-16.55880490605602
0.6179094186825812,1.093574554480753,0.1478402790887652,-46.7263240854645
0.1476791904378202,7.706151032796704,0.002751648481963798,-16.41325903088595
3.17603086687411e-16,16.00290897621752,3.162261579525705e-05,-12.49650685958134
1,0,1,0
5.840566125974614e-16,8.77047704079353,0.001530726839108654,-23.70637031222921
1,0,1,0
0.2279469495659962,3.810439773507809,0.0254670378764249,-44.10766552475738
5.840566125974614e-16,13.06894512602639,0.000150116085405827,-38.03395007850625
5.840566125974614e-16,13.06918611717576,0.0001500967725120428,-19.38089830625756
6.728744545674702e-16,7.021788508925205,0.004026188009878529,-19.57735244638141
4.004733053112191e-17,12.78210036337556,0.0001749758928178968,-5.414532352862204
0.3185439499897551,3.973901482224534,0.02310529299815539,-48.77433373318786
0.2846349792998208,2.509676337371729,0.05657458425928741,-57.13017748988167
9.682324783204268e-17,16.62190840908676,2.281049402225177e-05,-86.44567500028623
9.555848176237971e-17,8.950427296179654,0.001387023454244685,-15.56030537349987
5.840566125974614e-16,16.00441656738166,3.159744466291192e-05,-25.45864880851765
0.2278992251109371,3.811856019466788,0.02544551448926891,-17.26003802303606
9.555848176237971e-17,13.69038491637475,0.0001077776404956876,-12.09543169313177
9.682324783204268e-17,13.69038496187579,0.000107777637884332,-86.39180176068867
5.840566125974614e-16,13.53982066186584,0.0001167773554354157,-20.25676745134717
0.2943601721073153,2.346108542717715,0.06279809405467568,-40.91974880425096
9.555848176237971e-17,11.78876601353663,0.0002979461059537392,-12.73485227484132
9.555848176237971e-17,17.19820329626554,1.683773486210738e-05,-13.90458790254612
5.840566125974614e-16,12.93264197781033,0.0001614508639885548,-24.93274392785579
3.17603086687411e-16,7.021928794366012,0.00402587258975512,-15.01373784519761
0.3128784733527594,4.129375448528144,0.02107245109272782,-23.72708829288523
0.1460155939317539,7.839565227037383,0.002555744945602234,-32.52752008919077
0.3164209807475488,4.032453350285948,0.02231649529569807,-34.97128233492014
5.840566125974614e-16,13.53968500528843,0.0001167857964681773,-32.49361478498476
4.918083642043849,47.5322563278711,2.70533595525535e-12,-186.0053213783116
3.17603086687411e-16,12.64266457453952,0.0001885210950929861,-11.98392734350664
5.840566125974614e-16,12.93264202715699,0.0001614508597325148,-43.00686583996183
2.287852447174094e-16,12.78172456841349,0.0001750110469256327,-44.09296174893219
3.17603086687411e-16,11.78863353931712,0.0002979673088337464,-24.76094677980467
0.3085670366160445,4.253571734772564,0.01958393553894644,-29.28104903778605
1,0,1,0
2.731941657024047e-16,10.25003577574137,0.0006834097494893832,-14.67267676953254
0.3088731429437466,4.244703885164256,0.01968646767650689,-42.58133150149909
0.3162661693427737,4.036694290118142,0.0222604748046536,-22.93415317514414
0.1592801420780652,6.871259377293434,0.00437964513156136,-18.97871528220979
0.1694517808079039,6.241098026122202,0.006240953327915744,-43.314949911871
0.09466896462993372,14.39517949688819,7.409057731549984e-05,-14.66948630110775
5.840566125974614e-16,12.78155775674117,0.0001750266537693945,-50.34251921206964
0.3091468573139654,4.236790750265484,0.01977843664721535,-39.3817454787297
1.028145822447522e-15,7.02185017201343,0.004026049362449935,-33.86679483986643
2.731941657024047e-16,10.83677983417341,0.000497518132370256,-13.08684637230445
0.3091638162726928,4.236304803556415,0.01978409914443885,-22.39777312410853
0.1458568925031076,7.850073654347554,0.002540931841585159,-38.22651679600693
0.4658215930319093,2.292523142492001,0.06499922055228852,-57.54768277534914
0.1204662858944212,10.3571627183931,0.0006448663857976933,-36.75473289784148
5.840566125974614e-16,11.78863372012209,0.00029796727989434,-17.77180089374615
5.840566125974614e-16,12.54635984639698,0.000198489435010607,-36.72412725258977
9.555848176237971e-17,10.83680694035436,0.000497510849237548,-13.77968438415127
0.156364961361621,7.068252914108271,0.003923086355337502,-38.19472010618021
5.840566125974614e-16,13.06902740907893,0.0001501094910070777,-39.0695358541414
2.804502661847769e-15,6.797209335443398,0.004565023463101836,-67.53461306632614
0.15926574624352,6.872128840373676,0.004377514884894851,-41.05344550197405
0.1695077674324494,6.238022397047779,0.006251800931675378,-24.36383191892205
9.555848176237971e-17,15.90706523272725,3.32649496107007e-05,-11.74920955385807
0.1226164284077856,10.09732728841346,0.0007424225993308831,-16.86952626483976
0.3186963296895532,3.969797033150265,0.02316167786825302,-30.31930380238514
3.17603086687411e-16,12.78191056225642,0.0001749936470592517,-25.03173767691101
2.804502661847769e-15,6.458196122220414,0.005522085306050695,-40.16336499461877
5.840566125974614e-16,12.7817478598774,0.0001750088678957873,-37.41572924977645
0.1695759773220095,6.234107999037199,0.006265634858475533,-15.08722266510841
2.804502661847769e-15,11.78740857051281,0.0002981634408112943,-174.6081089826426
0.308863172281132,4.244995864199694,0.01968308279761943,-30.60604757836979
1,0,1,0
1,0,1,0
4.004733053112191e-17,16.62006749636021,2.283264450492206e-05,-6.985468811719882
0.3690962548840858,2.847190537196397,0.04576688251266836,-60.07138890917277
2.449231293967717e-15,6.800874833042627,0.004555660873268697,-56.50324364925083
5.840566125974614e-16,13.5396304111197,0.0001167891936842413,-23.96921170301358
1.028145822447522e-15,12.64264105433371,0.0001885234669303792,-32.8064042806519
1,0,1,0
9.555848176237971e-17,12.93264202719285,0.0001614508597294062,-13.29269856055138
9.555848176237971e-17,8.770477041334786,0.001530726838654406,-13.2681972590981
1,0,1,0
0.1460402145548634,7.837569962045123,0.002558567478394724,-38.15611535749974
9.555848176237971e-17,12.5464042490627,0.000198484718534786,-18.12550915104422
0.5871168860462703,0.6819145289532003,0.204464120819629,-82.79556444385426
1.028145822447522e-15,6.862410539250448,0.004401385866767804,-49.176289825885
0.4634406869004317,2.328240716046224,0.06352269462320831,-42.63316367202705
1.028145822447522e-15,6.795822346320598,0.004568571313571967,-28.92198295415503
1.028145822447522e-15,6.864048418869878,0.004397353440269425,-26.68177666514408
1,0,1,0
5.840566125974614e-16,12.78199187386979,0.0001749860408437054,-18.49115248594722
2.731941657024047e-16,12.54642344381188,0.0001984826796928019,-11.2285125953684
0.1256415143401217,9.757382093231449,0.0008930203186607866,-28.78682508352863
0.1546225136167567,7.191840565427952,0.00366179109164172,-46.99160956486423
1.028145822447522e-15,6.860541091785464,0.004405993034735933,-50.68430799413192
4.676412907705265e-16,13.53965780463582,0.0001167874890631304,-24.4963265942636
0.2278312284193768,3.813878114707023,0.02541481703838017,-22.24389355652378
5.840566125974614e-16,13.06889009228546,0.0001501204961299463,-51.28869305408022
3.17603086687411e-16,13.53968049264683,0.0001167860772712803,-18.3895770510874
0.2233618444753925,3.951325583131521,0.02341723049338384,-21.63617804432901
0.6260689683831748,1.02951712994151,0.1551360534967271,-44.50040599564537
2.287852447174094e-16,12.9440210875899,0.0001604724404061231,-41.50539127855469
3.17603086687411e-16,11.78603800891271,0.0002983830384438724,-19.94357719935446
0.7868648219660513,0.3109749945841429,0.2885412525845695,-63.13854354918172
5.840566125974614e-16,6.458750335398371,0.005520363229924774,-21.12721868397904
3.17603086687411e-16,8.77047704127439,0.001530726838705088,-19.33518670614188
1,0,1,0
0.5085100884389225,1.73755591050039,0.09372440364775797,-81.58686674352923
0.3089744942820804,4.241781169615322,0.01972038404525639,-38.25171207773547
0.2514106717488127,6.378518450944199,0.005775490751053491,-32.98947986512903
1.170138097906789,0.2339496148102853,0.3143052940701057,-113.5525434745376
9.682324783204268e-17,7.021772013359183,0.004026225100444925,-38.59425425592912
2.804502661847769e-15,6.500249867644584,0.005392966669061583,-96.09571370166341
3.17603086687411e-16,11.78867285908995,0.0002979610154319468,-10.81976168994346
0.9406642413189674,0.02285775258999934,0.4399137846899571,-68.53134165404477
1,0,1,0
9.555848176237971e-17,13.69038496228759,0.0001077776378606843,-30.31962833937794
0.5088886591382277,1.733329946492347,0.09399309538209366,-58.62915927704069
1,0,1,0
1.429506621152066,1.021181891861374,0.1561194125532481,-74.29609897424406
3.17603086687411e-16,16.00279582374497,3.162450583171772e-05,-31.81751753041996
9.555848176237971e-17,12.78199626307529,0.0001749856302692421,-26.04850808773999
5.840566125974614e-16,16.62470179962875,2.277692426183586e-05,-105.5680672681634
9.682324783204268e-17,13.64045528854646,0.0001106818754174066,-32.32158274639555
1,0,1,0
4.730343101349462e-16,12.54638440297916,0.0001984868265827999,-17.71279451749171
1,0,1,0
0.2278857908770457,3.812260219515579,0.02543937519043643,-26.25893725616965
1,0,1,0
1,0,1,0
5.840566125974614e-16,13.64049264124426,0.000110679673525349,-32.89409313955068
0.5911996634340431,1.324269589501597,0.1249136140437238,-62.81911956495399
0.3128212192836572,4.130914747666935,0.02105329218054158,-35.16205446868732
0.6180598735967612,1.092368344615949,0.147973527744925,-112.7836922847235
1,0,1,0
1,0,1,0
0.637658870339803,0.9441615010209432,0.1656049515605291,-44.68163827541431
0.1162087302960283,10.89301274593988,0.0004826384760971969,-22.02321402820251
0.3088578101916687,4.245151421892245,0.01968127968472477,-56.14665255088535
1,0,1,0
0.1563573839226712,7.068811102916428,0.003921864318327806,-23.32982451814024
9.555848176237971e-17,16.62539277339844,2.276862810335345e-05,-13.7147205253087
9.555848176237971e-17,12.93264202719285,0.0001614508597294062,-19.83225425759789
9.555848176237971e-17,8.770477041235942,0.001530726838737395,-11.69692264401749
0.2952750893389691,4.659114545274079,0.01544455851036436,-56.03330986426647
9.682324783204268e-17,8.770477041298534,0.001530726838684826,-32.92679553584174
0.1512407269974188,7.440612218212635,0.00318840971363471,-67.24171758288321
4.730343101349462e-16,11.78871206722008,0.000297954740033024,-19.38329826983386
3.17603086687411e-16,8.770477041274759,0.00153072683870481,-26.19828897629742
3.17603086687411e-16,8.951213569552344,0.001386426589044254,-27.9257339733636
0.4782179610673716,2.116030361240291,0.07288196065689401,-47.39010595621851
2.731941657024047e-16,12.54646281316574,0.0001984784979960352,-12.33122835347378
0.292411909036694,4.754124226269241,0.01461408134525743,-36.25154691253456
3.17603086687411e-16,11.78863366463637,0.0002979672887752915,-24.76327012630709
2.287852447174094e-16,6.458015399255288,0.005522646975742451,-26.21768050580875
0.3128756282415484,4.129448132024983,0.02107154602431177,-26.77571753215826
2.731941657024047e-16,15.90905063585541,3.323007339772754e-05,-27.48760795869318
0.159382174592307,6.864595217239433,0.00439600807590218,-13.59444818138358
0.7979799802901507,0.2742693758028878,0.3002410555565946,-45.75829970973901
1,0,1,0
0.7395314419874534,0.5035941222962919,0.238962569379884,-50.45853323580184
9.682324783204268e-17,16.62121885978742,2.281878838017448e-05,-60.35191509678473
0.1543681766695952,7.20984222684821,0.003625243383100107,-36.32096766005106
0.339244182245856,3.459926122209879,0.03143656201339656,-64.30546906042387
4.936130869128893e-15,6.805722469456668,0.00454330899638633,-72.99708529667556
0.1592697685147326,6.87196988163744,0.004377904265914501,-22.30566570320261
0.2234304281146075,3.949196928823163,0.02344687088932063,-22.50736432868745
0.1545360951159823,7.197953749381604,0.003649337821804266,-31.84377033833114
0.4844976042070458,2.710461975564499,0.04984605878589454,-75.01475989656326
0.791404083401447,0.2957043570917648,0.2932940102308068,-59.28712193479964
5.840566125974614e-16,8.770477041332043,0.001530726838656737,-20.28024934656348
0.5695585765741824,0.7700655409366775,0.1900983887634333,-29.18549100945037
4.730343101349462e-16,12.64265763136013,0.0001885217952577456,-18.80936011384649
1.028145822447522e-15,6.865280864256555,0.004394321678213964,-17.21884550661958
0.1459954395958039,7.841184180455492,0.002553457081129973,-17.41567989629412
3.17603086687411e-16,12.64265673942181,0.0001885218852028525,-25.89530195665648
5.840566125974614e-16,8.770477041218868,0.001530726838751717,-18.23682133463623
3.17603086687411e-16,8.950668996978642,0.001386839949835017,-14.86528394697616
0.3092521384179799,4.233752364279454,0.01981386940200369,-21.57540182423476
0.6180319097059005,1.092591863377137,0.1479488242588095,-57.51245352545443
3.17603086687411e-16,13.69038496230844,0.0001077776378595185,-16.29176079431073
3.17603086687411e-16,17.19803602639336,1.683921749312534e-05,-18.58244731316999
5.840566125974614e-16,8.951620812150125,0.001386117551086363,-29.27868100606725
0.5825609248789242,0.7040288893835083,0.2007166157637578,-60.12364528416459
0.1543343522265332,7.212230650799192,0.003620422395549161,-28.45445263920444
0.2940329326179555,2.351228290898007,0.06259216803080558,-78.43988980786212
0.6174805468049172,1.097002958344106,0.1474623858836574,-63.67022418135883
0.154378936617693,7.20908833287794,0.003626766465226916,-15.58735228718646
3.17603086687411e-16,10.25086647107871,0.0006831020738036209,-14.61074262003864
2.287852447174094e-16,6.797397520900411,0.004564542311302155,-18.48715276556271
9.555848176237971e-17,16.62562624013809,2.276582567778407e-05,-14.81639348624985
1,0,1,0
0.1580814242081796,6.953086501867411,0.00418373732768651,-16.0322951869709
0.1162096099316847,10.89287832181594,0.000482673503791442,-28.56276846713297
0.1845022990930073,5.454319370646914,0.009760003464148903,-22.70587500853196
1,0,1,0
1,0,1,0
3.17603086687411e-16,13.64049272542464,0.0001106796685630962,-25.59459378845601
3.17603086687411e-16,10.25086629867026,0.0006831021376463298,-31.67300584115945
2.040648543806173,4.915135863089063,0.01331118465307179,-117.931835036917
1.220219694755873,0.3703594121033973,0.271404211478014,-101.5069122516279
389.2669161382574,23.03170898178334,7.96756728593806e-07,-21.65194776641471
0.9965056565411862,3.907985046680551e-14,0.4999999211345996,-4.532608679835614
0.5521192865456831,1.123944143251862,0.1445353801590197,-62.83047550174575
1.028145822447522e-15,6.677241156499434,0.004882582493973997,-54.42907464988465
3.594306441465298,12.48522122354649,0.0002050920676121004,-155.8451821023155
3.17603086687411e-16,13.64050988859353,0.0001106786568318419,-19.42948112111888