dN/dS,LRT,p-value,Log(L)
1,0,1,0
1.450174036447973,0.7330270672250947,0.1959518772539071,-72.83658955287775
0.8345537001998413,0.138873379420275,0.3547018020960236,-44.50256096495594
0.3536240432850998,3.148311621572162,0.03800278418215181,-20.55165153130221
0.4133275120624667,1.070748274479612,0.1503882447741389,-32.5511113867471
1.773037090405773,2.182305419388541,0.0698026010527858,-65.70525897676183
0.885433237776289,0.06161809865889722,0.4019782546611936,-41.6909464365503
1.217276961795824,0.1085669904729798,0.3708907659760047,-64.46103110659433
1.028145822447522e-15,4.832783547672342,0.01396175634054669,-26.60707143823956
0.9671339626953959,0.003380948684409191,0.4768161963870906,-46.64111575842704
0.2213142887981139,4.015814340090149,0.02253772523219161,-14.96113272649473
0.7815892474551265,0.1978651953979096,0.3282247724529103,-29.61293495399764
1.043742979170869,0.00901989746986942,0.4621680805117113,-49.05367798840784
0.88638827125202,0.06048336850058433,0.4028667908306269,-50.2313649792447
1.043627008220408,0.00897350560438781,0.4622652046109739,-54.9889851576952
0.4433725179388802,1.76537021834865,0.0919780452266506,-22.6534307448003
1.043761813298016,0.009027441050591278,0.4621523114238749,-69.86140325663733
0.2087227987852759,4.442841878313011,0.01752393050065182,-14.79190672138118
3.17603086687411e-16,9.032046126901513,0.001326436874478754,-12.63130181506824
1.028145822447522e-15,4.574180177324656,0.01622863657974805,-19.00281021718209
1,0,1,0
0.1767336527750898,5.842065916569513,0.007823721879618661,-12.33110037430313
1,0,1,0
9.555848176237971e-17,6.198019276792355,0.006394667927308917,-10.83283604098011
0.2156808072794414,4.201205960537699,0.02019762127996372,-21.52937597832303
6.728744545674702e-16,9.586075491497255,0.0009802928053559423,-33.04616849723745
3.17603086687411e-16,9.022164662851786,0.001333626671572219,-5.355260406257315
5.840566125974614e-16,9.02198485161113,0.001333757868920149,-17.95939783371087
3.17603086687411e-16,6.234975528987949,0.006262566198701636,-14.03440364223087
0.2214330205740388,4.012041526002264,0.02258820849569798,-29.62584409865122
0.2086174522996911,4.446665298556809,0.0174847344429554,-16.02628345753656
3.17603086687411e-16,9.032046160020663,0.001326436850447199,-12.55663447252285
0.2206825857964007,4.035947871015601,0.02227032384645083,-26.27111410635925
0.2085981109717407,4.447356130572643,0.01747766211592255,-20.45181309405267
9.555848176237971e-17,9.032046126896557,0.001326436874482362,-11.93464503624448
1.326117369372535,0.435170658681642,0.2547313153298733,-66.72838818251417
1.028145822447522e-15,4.83380267389515,0.01395350641131043,-49.23298280073839
0.4530152541861885,1.659518400334889,0.09883418054239079,-26.82897514463669
0.7241066592686629,0.3484403607128144,0.2774986672940973,-37.72666645821076
0.2215534067659491,4.007278239999401,0.02265211521942639,-13.06888917947121
1,0,1,0
0.2213142828929578,4.01581452794834,0.0225377227214596,-14.9607039055052
9.555848176237971e-17,9.057889706714363,0.001307818438369857,-11.89142089514898
9.555848176237971e-17,9.03204612690385,0.001326436874477088,-11.52862104002846
5.840566125974614e-16,9.278444605990593,0.001159331173057276,-24.51476907963982
0.2771137063637678,2.647969746356175,0.05184111961463872,-22.67432939441429
0.8837144190900089,0.0636175354367623,0.4004335127385266,-41.70834334628579
1.331257513883976,0.4464272187607037,0.2520182562854815,-75.57255447462163
2.304988915027653,5.36954405115506,0.01024566663333232,-103.5605918683247
1.028145822447522e-15,4.832644083439703,0.01396288571224846,-21.51041050002512
0.4527268668058576,1.662576380581548,0.09862791246740127,-27.60952058558047
1.465564787097439,0.9018097133604215,0.1711484618063048,-67.52862449806454
0.2417089611241172,3.428987724969289,0.03203067784388092,-31.06049460176439
0.2156192576597903,4.203360500629117,0.02017197774956586,-29.84743439819637
0.6654801441513798,0.5714682636880468,0.2248380283871717,-52.77758265503093
0.6929562145356493,0.6095346400232557,0.2174815401257395,-54.79853899932844
0.242145953322009,3.41760313980059,0.03225230195722689,-27.6679948388798
1.028145822447522e-15,4.830149155265431,0.01398310553617949,-61.06058042355787
3.17603086687411e-16,9.522441239632574,0.001014871964933828,-12.63085277964966
0.7265632000922483,0.3407558421566463,0.2796966300729187,-30.90659004264283
0.4138401536000155,1.067202785839044,0.1507890630466873,-23.51429111994354
1.092993191921039,0.04598226668753114,0.4151040183855373,-55.14337083367423
3.17603086687411e-16,11.56408520169638,0.0003361898123845353,-20.72624470982825
1.326895950151747,0.4369010405534794,0.2543109980587247,-58.01576431846739
0.834675605107807,0.1386427604134042,0.354817018721623,-35.65215674804235
0.215382685261862,4.212372172432275,0.02006508985862593,-16.81131096275998
1.028145822447522e-15,4.884186284706587,0.01355190375107951,-33.86081039188299
0.2156237194172562,4.203278624967435,0.02017295161610111,-15.09944668600608
9.682324783204268e-17,4.883294361397347,0.01355890766130741,-28.00790644301097
0.1728499303112581,6.053933075076593,0.006937678233493172,-28.65343599172909
0.9678642795840831,0.00430447168876924,0.4738447717112818,-36.22102465157894
1.028145822447522e-15,9.527623317493166,0.001012010315379341,-33.43248867491124
0.6652119880217646,0.5726946995862505,0.2245950485946826,-35.85040019241711
0.2262363026959623,3.863214353352475,0.02467784334618772,-20.46983714640723
9.555848176237971e-17,9.593124106995452,0.0009765367776278233,-6.103235066430245
0.1729203838413688,6.050038431127859,0.006952997111945747,-39.92956898662928
1,0,1,0
5.840566125974614e-16,8.835888350456564,0.001476819148636455,-25.55170527797895
0.4134922144132784,1.069620014226132,0.1505156457047527,-33.25272988070509
5.840566125974614e-16,11.09629886670048,0.0004325008942649977,-34.36935171746186
0.2215331799130089,4.007801200096402,0.02264508961790568,-27.07352021757785
1,0,1,0
6.728744545674702e-16,8.830361863390181,0.001481298173426515,-37.63876108645421
9.555848176237971e-17,9.527676319641511,0.001011981088814062,-12.98895883176152
0.6792030013485338,0.5118569435093008,0.2371680512706565,-49.2500673509104
1.288723706227158,0.2364753947336879,0.3133817205633904,-36.95511981034788
0.6863468437356101,0.4832134972373012,0.2434851644059811,-44.32086804302443
0.8323325931881947,0.1073764084159734,0.3715755292401165,-48.1728119111789
0.4429742655881149,1.770365878230784,0.09166840263801457,-22.2517301233075
1.46639017477342,0.9046497607043023,0.1707689957425139,-77.38382554880016
0.8344448458215157,0.1738638374800985,0.3383502384827128,-54.27128304773348
0.6419526297889205,0.4573943811668713,0.2494221184460063,-31.60765673480905
2.804502661847769e-15,4.339689075239898,0.01861686119552702,-4.551602988520225
5.840566125974614e-16,7.213569801711984,0.00361772221218748,-13.04372938027419
3.17603086687411e-16,6.202577743349007,0.006378219856735534,-11.86591722631859
9.555848176237971e-17,8.835933497817649,0.001476782614983629,-12.90816604013379
2.287852447174094e-16,9.057890998206382,0.001307817514603016,-26.33389897625023
3.17603086687411e-16,8.830430307803688,0.001481242617315415,-18.24679255971058
0.2213250309556695,4.015473400341353,0.02254228239060646,-14.78600673112583
0.8312173028583452,0.1090017717130536,0.3706417394560413,-48.21727308405917
0.8348226643704666,0.1729693522664917,0.3387431107562164,-46.8843688290359
0.3205190611512035,1.962099252117564,0.08064449257429829,-13.72858020750812
1.042626290165711,0.008574767349244894,0.4631106561143482,-44.87430698130483
1,0,1,0
9.555848176237971e-17,11.09519439476873,0.0004327585535086054,-12.84726313754637
9.682324783204268e-17,9.032046137391902,0.001326436866866842,-27.89355864571158
5.840566125974614e-16,9.527655109848538,0.001011992784263671,-19.57193754632487
4.730343101349462e-16,6.202577743349039,0.006378219856735368,-11.86650258187114
1,0,1,0
5.840566125974614e-16,11.09580697335515,0.0004326156275641369,-28.54071119951912
0.8357333989020643,0.1365982710875357,0.355843243982668,-59.11566952120119
3.17603086687411e-16,7.682577547011071,0.002787823672093459,-13.06600851742319
0.6793894827128709,0.5109420108409211,0.2373656754782241,-58.63086610232057
1.470237112546845,0.9159343743812087,0.1692723710599026,-65.17126133880389
0.3222962167601636,1.938046784488602,0.08194038413850951,-14.71988581478781
6.728744545674702e-16,8.830339444201385,0.00148131637147042,-22.97793478489181
1.028145822447522e-15,8.830362134010869,0.001481297953760397,-36.7614176316511
1.028145822447522e-15,4.82965338805397,0.01398712704485927,-54.19143172078024
0.1811326992460412,5.618481666045923,0.008886019387532529,-28.24839026255317
0.226306370343505,3.860171141644031,0.02472264226415061,-38.76535337163642
0.3940678891436958,1.211123470565639,0.1355548677876304,-28.72282214727973
0.4091559078123499,1.099696902658394,0.1471663155874146,-37.37144039840438
1,0,1,0
3.17603086687411e-16,6.234720328044325,0.006263468744790113,-14.72908763972444
0.4407703180766764,1.795540684714226,0.09012627034193155,-23.79818299739017
2.731941657024047e-16,6.234788510302241,0.006263227597684606,-12.08806872293866
0.6424315995317449,0.4557259720182216,0.2498141247808437,-29.48581188269292
2.731941657024047e-16,7.682582580139767,0.002787815896859003,-5.451519762557971
0.4530270918879901,1.659387909288512,0.09884299372180622,-20.86511429032258
0.6964604581751894,0.591778130848553,0.2208661745829417,-74.07009542673359
1,0,1,0
5.840566125974614e-16,8.830226511271633,0.001481408044539057,-27.50653602939679
1.406284362793975,0.8305463161286895,0.1810573018121601,-61.90086265515475
3.17603086687411e-16,7.682546157968979,0.002787872162741734,-12.3715014088224
0.2153000073878089,4.215171362228375,0.02003200966393076,-30.78325703722292
0.4836365395178783,1.362413854676248,0.1215597886515861,-32.40776200523563
0.8860688113405178,0.06086886137322267,0.4025639513728259,-33.96068005055245
0.6667747982223489,0.7545351764185568,0.1925220773903197,-44.55458283715094
1.843763237323921e-16,6.229885089148928,0.006280594374387605,-5.559936938702143
2.804502661847769e-15,4.33808438267163,0.01863441638382146,-4.551602988520225
9.555848176237971e-17,9.271504541934263,0.001163732182689503,-14.48777636136487
0.6670089204841814,0.5645808384489754,0.2262102094322382,-49.36269323221582
0.4322287204188014,1.897057426583054,0.08420402841083241,-21.76480280642846
3.17603086687411e-16,9.567020841019797,0.0009905200250545643,-25.24562429488768
0.9183754046783223,0.02234876171789324,0.4405815184024959,-71.17987610540401
0.6660702635174891,0.5688059599184498,0.2253668933075554,-41.68397452148451
0.2416612915327175,3.43021542675293,0.03200687534164282,-12.99867168128253
5.840566125974614e-16,11.56652999236429,0.0003357480705279414,-21.41972987060526
1.325841388884512,0.4345577591196985,0.2548804789867512,-62.71383403433982
9.682324783204268e-17,9.032046137378472,0.001326436866876557,-41.67736671148462
0.4169292576136848,2.09182596884196,0.07404448905672306,-39.43146483098705
1,0,1,0
6.728744545674702e-16,9.527633795813614,0.001012004537332134,-34.12317200528124
1.51162768591544,1.044856185989033,0.1533473674961562,-60.48838705695882
0.4312526647898945,1.908950043414094,0.08353996812487979,-23.54634884520481
0.8347888684443786,0.1384279631923278,0.354924429007174,-36.11018297997874
0.1801313317845377,5.668879688239286,0.008634240503733737,-42.37498454682473
0.6260395489756249,0.772868204829166,0.1896656051074029,-33.29858966481076
0.7254019740826221,0.3443637092265845,0.2786605855643859,-50.81669909902568
0.833489418103778,0.1761412543472431,0.3373552874900968,-49.3037408180973
5.840566125974614e-16,7.682451983709974,0.002788017650866725,-18.3207624482403
4.730343101349462e-16,6.202577743365161,0.006378219856677303,-12.55748794648875
0.4836718352889383,1.362078697280822,0.1215887749690236,-32.73101189186422
1,0,1,0
0.4370326706521029,0.9198055461760362,0.1687630173612019,-42.75169758391183
0.1773376132350914,5.805954187158903,0.007985999276597322,-39.57444536325593
1,0,1,0
2.804502661847769e-15,4.833082318582385,0.01395933723429216,-34.85261830836846
0.6631875031423498,0.5821071021519941,0.2227437937069878,-40.07317893072798
0.7262224859615294,0.3418091595179646,0.2793933988533385,-40.18410734022942
1.212714133848779,0.1741014024609058,0.3382460955648268,-75.41864105606203
3.468748198088567,20.16215900151309,3.557327383496567e-06,-157.6586520091205
4.020443525320639,22.95446734576024,8.294212814341506e-07,-141.9919130096033
0.3207079302728127,1.959598540683025,0.08077813019581082,-28.46269303824097
6.728744545674702e-16,6.202577743302655,0.006378219856902512,-18.50956929061509
1,0,1,0
0.4837594046981418,1.361313451998853,0.1216549893164526,-49.50952218765092
0.2284771750009802,3.798185776457132,0.02565407373957207,-25.64995218024549
1.001784333995446,1.902676021359184e-05,0.4982598322687227,-66.24501477723176
0.9677681604056925,0.004330782639996755,0.4737650719545928,-51.99643053162418
0.277097871195528,2.648271736313241,0.05183127108112201,-27.63001688341475
5.840566125974614e-16,6.202577743365207,0.006378219856677136,-12.56044864409024
0.2260619675831679,3.868019556737863,0.0246072807487675,-49.3499198089188
1,0,1,0
3.17603086687411e-16,9.583094039776597,0.0009818859496495413,-10.81318938053525
0.2416956303460945,3.429282352319774,0.03202496393086574,-20.21491864319529
1.735981488525032,2.547003943107228,0.05525181340608704,-86.61680456926646
1,0,1,0
0.4529640826210615,1.660033408617196,0.09879940661031772,-33.51110057299319
0.8845420498088702,0.0626374456149108,0.4011874446736687,-68.90101897570669
9.682324783204268e-17,8.751370341282254,0.001546847486558589,-30.95527865458851
5.840566125974614e-16,9.057890998088425,0.001307817514687393,-42.14555747279928
1.028145822447522e-15,4.833281804541329,0.01395772226720449,-21.84575700471484
1,0,1,0
2.731941657024047e-16,11.56653006222555,0.0003357480579133099,-20.16466016834955
0.2262371440538986,3.863192647554563,0.02467816257203703,-21.56854143463943
5.840566125974614e-16,9.278507797495358,0.001159291178128186,-17.87337532202553
9.555848176237971e-17,9.278704722859057,0.001159166549847324,-12.9747302063463
0.2152794327820911,4.215865191605275,0.02002381900000827,-24.90557773121366
1.109790032808758,0.04187651014302674,0.4189276737352126,-53.01196161198892
0.4432087077945194,1.767708024686414,0.09183299181356236,-39.61789380090099
1.171097337478163,0.1654945377337782,0.3420736978192882,-58.59822540708261
1.679244628361463,1.817717756735448,0.08879258940284429,-77.77265677909496
0.2087944044758765,4.440206657647458,0.01755099913515085,-28.76633389734846
9.682324783204268e-17,5.068691204366672,0.01218088534022554,-19.70952553164783
9.555848176237971e-17,5.070930859835347,0.01216515746860508,-12.49172664874354
1.170689474250841,0.1647744186457487,0.3423991650781505,-87.35918825049419
0.2287518659493216,3.79008399214716,0.02577853063329455,-39.75027070376313
5.840566125974614e-16,6.195690035471475,0.00640308922547228,-11.52697793681289
5.840566125974614e-16,5.071713460382099,0.01215966666378737,-19.68749083938978
0.2217500959790293,4.001050791008542,0.02273595329709077,-14.60556973533871
1,0,1,0
1,0,1,0
1.678924394926887,1.816489000375583,0.08886588486140123,-72.53414724714514
0.3222562763338134,1.938568061785851,0.08191204807965152,-14.02594823194126
0.8840637055415489,0.06320285338621545,0.4007517470642353,-43.81937792047553
0.2602560142909339,2.989720839303459,0.04189730647959006,-21.59454899977521
5.840566125974614e-16,9.057890998094535,0.001307817514683007,-24.12701215924134
0.519390832463658,1.619204725555932,0.1016013564844362,-81.68570359544775
5.470054197231794,38.66716750467742,2.512962615774939e-10,-185.8114823952016
3.17603086687411e-16,6.23462707306081,0.006263798584593527,-12.08715034879089
1.824680711427912,2.982428454345751,0.04208644584972043,-68.18885157061057
0.3224179356073669,1.936461181768536,0.08202664461360659,-29.3413773381633
0.1665089904885674,6.419241737593779,0.005644517639698532,-21.11839086749164
0.2416678714214844,3.430016721647903,0.03201072652720999,-33.67420963781705
0.2416982476905198,3.429273582991925,0.03202513398483892,-20.14310622317464
0.2602721581034926,2.989397725682352,0.04190566745993951,-17.02366039165209
0.4840351918803418,1.358825879514214,0.1218705353207102,-50.23966392548928
1.028145822447522e-15,9.288640833836908,0.00115289589033124,-54.82261225926353
2.731941657024047e-16,8.830452750768618,0.001481224400893488,-11.02525111618138
0.1766378403945796,5.84624241965021,0.007805174173598939,-21.84712048234116
1.675333958908243,1.802702019209732,0.08969308847576635,-107.1972147238519
0.1770977345474228,5.822439788951066,0.007911490929042142,-22.26198341672562
3.17603086687411e-16,11.03447457744108,0.0004471651000887977,-24.1322270976585
0.4308437828613902,1.914463081567334,0.08323416702625719,-41.57472357983988
9.555848176237971e-17,8.269383929166899,0.002015959269900836,-10.89514100769349
0.2205901529876711,4.038915094766907,0.02223119827046705,-35.99851904013919
0.5220881813121052,1.59055673845198,0.1036233047647102,-41.66570334112343
3.795320984325466,21.42537868325138,1.839347796739332e-06,-132.9811829697785
0.7889243374748185,0.1216546544825121,0.3636233832478419,-36.80137170372814
3.17603086687411e-16,8.830407813454165,0.001481260875673351,-25.46683377066981
9.555848176237971e-17,11.56603847692285,0.0003358368338602369,-19.64306656405792
9.555848176237971e-17,11.033284361465,0.0004474522874027276,-12.4673006792125
0.1357111444331507,8.733728334804304,0.001561885494821891,-13.31121710873859
0.4433329845710329,1.765791288569645,0.09195189955404975,-29.80293152336825
9.555848176237971e-17,6.202577743340754,0.006378219856765233,-12.22297824575376
1.290270480079003,0.238487417549365,0.312650361108861,-36.91999554525679
1,0,1,0
0.4427604122399111,1.772792061779256,0.09151845830310068,-22.2566317715394
0.8278181334722493,0.07604133030838511,0.3913677690659358,-66.47577203781771
1.107884090984047,0.05064021930897411,0.4109764829180104,-52.37415447185989
1.362092565095,0.5168981111909261,0.2360839335957962,-85.6626415698354
0.2153121650544765,4.214759774654453,0.02003687012161576,-30.28571010013843
9.555848176237971e-17,11.09531687111809,0.0004327299736879842,-12.15429502142096
0.6261694161688798,0.7719069198238628,0.1898138886011959,-37.60118512937211
1,0,1,0
1,0,1,0
0.6649376850642047,0.574115037168653,0.2243141640780447,-36.81967683742362
3.17603086687411e-16,7.682514827856604,0.002787920563211421,-11.96662071830575
2.731941657024047e-16,8.830407714711207,0.001481260955822128,-17.83955205513795
1,0,1,0
1,0,1,0
3.17603086687411e-16,11.09580849091066,0.0004326152735495414,-18.45427065066168
9.555848176237971e-17,9.022110267981628,0.001333666358824925,-12.07037581418371
1.028145822447522e-15,4.832783774682184,0.01396175450231418,-49.32284725605219
0.4423742360406285,1.77718347497121,0.09124778011419887,-49.89562200341034
0.6625479271759832,0.5850466293664454,0.2221704871182632,-34.10369118104447
5.840566125974614e-16,9.288640831317224,0.001152895891917027,-50.45934287143703
3.17603086687411e-16,11.03328438628873,0.000447452281411076,-12.46705219792156
0.3226016186525587,1.93407969937951,0.08215639780509831,-21.21228625048218
3.17603086687411e-16,9.593124076377681,0.0009765367939115199,-12.76037902771219
6.728744545674702e-16,7.68242076948215,0.002788065874876289,-25.37232959426078
0.8350984107053006,0.1378425717827412,0.3552176389573631,-45.43446271188143
0.1357224055197727,8.732687150562676,0.001562777626172351,-12.61741898894034
0.4530948429040115,1.658640889045728,0.09889346414795741,-33.5076049732027
0.7269623831177308,0.4529364117396,0.2504718939000177,-42.8396017679139
0.2215705509995715,4.00663571639695,0.02266075021594366,-27.74173649832239
1.674313670188397,1.798767409840394,0.08993079027065004,-72.39293078747252
1.267472989796024,0.3632266704558447,0.2733598317962423,-66.39302382908306
0.5546077105578485,0.8533310985727738,0.177805845532312,-31.46982761003146
0.1728345331082549,6.054785336803299,0.00693433064881821,-27.84043064539796
4.676412907705265e-16,8.835890980517199,0.001476817020342414,-11.29562894546164
0.6795564791108106,0.5105629308063797,0.2374476345940029,-28.93254411628168
0.4525111498693511,1.665314411955947,0.09844365380475417,-45.8153180689665
6.728744545674702e-16,6.234628659359196,0.00626379297375923,-19.99649966336897
9.555848176237971e-17,9.583156855916073,0.0009818523566738624,-11.50743524372064
0.886760556792807,0.0600542526039618,0.4032051063136613,-41.29297464562849
1.297740812351654,0.3738466408438228,0.2704574745847366,-66.95845734137492
1.325589787613062,0.4340004909245749,0.2550162344658655,-90.08232013221176
0.6485429483721298,0.6524567370804988,0.2096178495334903,-59.53482874033434
1.884478150009316,2.949715548630905,0.04294633754027566,-79.43755597253556
3.17603086687411e-16,9.527652387626524,0.001011994285354256,-18.98969252833366
0.6650667204708943,0.5733391980352707,0.2244675253985612,-58.47533264316702
1,0,1,0
0.2213250167145107,4.015473380541646,0.02254228265528668,-15.3509485130871
3.17603086687411e-16,9.527655083185074,0.001011992798966466,-27.53961455395781
1.028145822447522e-15,5.077148453831256,0.01212160507251037,-42.97849549171522
3.17603086687411e-16,9.032046126900362,0.001326436874479586,-19.84925223578316
1.511650696381426,1.04493124019703,0.1533386814272202,-75.47925533460089
1.695678013087807,1.644702149614659,0.09984076674091036,-81.56464171121462
3.17603086687411e-16,11.56640759622672,0.0003357701719695627,-21.02751052214319
0.2084104630677894,4.455166587276096,0.01739791109141914,-29.27120094747866
1,0,1,0
0.221562273049155,4.006859503036551,0.02265774231144291,-32.4775587562097
9.682324783204268e-17,9.032046160008591,0.00132643685045597,-27.91325711235998
5.840566125974614e-16,12.00795623319021,0.0002648695838021742,-40.68251396596611
0.2289140480801435,3.785308987168975,0.02585218163365177,-47.19385614170131
1,0,1,0
3.17603086687411e-16,7.682553979109425,0.002787860080350202,-12.72629514412452
1.135963814382271,0.04666134563503022,0.4144890511878544,-51.18302541371307
0.2214918701906075,4.009179306715637,0.02262658671420947,-35.05183770536328
0.5984373548062595,0.9972330690695941,0.1589904758682797,-46.63405273840162
0.8642921947948556,0.08925378691161256,0.3825639814876962,-36.399887120926
0.6525894777170937,0.6327011146948394,0.2131831275149433,-58.56424583895915
0.2262142140092457,3.862560263950201,0.02468746491400997,-36.51753964859697
9.682324783204268e-17,9.032046126906202,0.001326436874475367,-20.40816738055002
0.2262379644991818,3.86317249167513,0.02467845900723487,-14.98541325438397
6.728744545674702e-16,11.09850302455162,0.0004319871557165733,-32.87307763774947
0.9691605359855271,0.00395710710712649,0.474920861196018,-46.50054110653753
9.682324783204268e-17,9.527644498990199,0.00101199863532736,-19.16719551461497
0.2153369650176325,4.213922454039249,0.02004676190212745,-42.30509474442532
1,0,1,0
0.6449803201432437,0.4467824273764478,0.2519334510111216,-29.28285064878118
3.17603086687411e-16,9.057890987803006,0.00130781752204423,-24.31454226889253
0.2417620293796062,3.427504041316411,0.0320594684815344,-33.67176523713727
3.17603086687411e-16,12.00142389727645,0.0002657995946336866,-18.83714734286391
0.4434223228673517,1.765289687026801,0.09198304667080986,-23.34233215493442
0.4844436300293274,1.355310216007474,0.1221759593523126,-24.29008335428181
0.4099607204265849,1.094004389366887,0.1477928328817053,-24.27216485582908
0.1814785970559412,5.601319800660164,0.008973476360415789,-13.43255732727584
0.4141850630167039,1.064824703975844,0.1510586778081538,-37.98572068087764
9.682324783204268e-17,9.577202689470518,0.0009850417259433808,-22.89372228743456
0.2219746770532715,3.994916673874599,0.02281885448888238,-44.13826415136791
9.555848176237971e-17,11.07714773170188,0.0004369906592322503,-14.32548661475635
2.287852447174094e-16,4.875028031933518,0.01362399916138263,-27.30616250489054
0.1742122303708247,5.97905540268377,0.007238376847454653,-27.34157706958166
5.114956077737342e-17,9.001086647544689,0.001349095630879593,-4.791132402742317
2.891649077012673,10.56994475653843,0.0005747058062307575,-117.4220366783609
9.682324783204268e-17,9.271504114502775,0.001163732454264599,-33.72171304035872
3.17603086687411e-16,7.201837483355277,0.003641448692630223,-6.122287261826806
0.4534887371101158,1.654900454541405,0.09914663164868681,-35.01175472059634
0.3944763006090078,1.207983966521113,0.1358658800364631,-16.36861952521787
0.2776150289585665,2.638563263078339,0.05214891331581717,-45.13047213576279
0.1815340785724876,5.598523380968686,0.008987810907552962,-20.32179683171939
3.17603086687411e-16,11.54518768543557,0.0003396242146562756,-19.46604243484005
1.028145822447522e-15,4.821808865357383,0.01405091978592921,-34.17547010144132
0.2607179627265828,2.979674390596585,0.04215811665803049,-15.43521287306925
9.555848176237971e-17,11.54494049338224,0.0003396693729566524,-13.4942916608836
3.17603086687411e-16,9.575422802399672,0.0009859971660868827,-27.8147535348316
9.555848176237971e-17,8.820015847604468,0.001489720389995286,-5.629943816704079
3.17603086687411e-16,9.586075512562374,0.00098029279410905,-20.07098790798002
9.555848176237971e-17,11.55803176251263,0.0003372861181574205,-28.0252998523852
3.17603086687411e-16,7.67680821071459,0.002796750765444889,-11.4525311937619
3.17603086687411e-16,8.829398128990587,0.001482080658310625,-11.2952261152761
9.555848176237971e-17,8.82400758772247,0.001486465149339977,-4.499151927829258
9.555848176237971e-17,11.55337376140983,0.000338132161517346,-13.48720895499021
6.728744545674702e-16,11.56603777325257,0.0003358369609538503,-35.89183671944343
1,0,1,0
1,0,1,0
2.287852447174094e-16,11.56407659498802,0.0003361913685412943,-63.78712502826407
0.1356948993273534,8.735255004674585,0.001560578314102667,-16.14336364417904
0.8834870958761171,0.06388805879382176,0.4002265025468862,-35.42403672819521
0.208749960577342,4.441843439936104,0.01753418118508066,-15.39928605866505
3.17603086687411e-16,11.09641932872122,0.0004324728013891388,-11.75121114194594
1,0,1,0
5.840566125974614e-16,6.202577743216374,0.00637821985721343,-18.22124214035349
1,0,1,0
2.287852447174094e-16,6.202577743336086,0.006378219856782052,-26.7738867432156
5.840566125974614e-16,9.27853948856287,0.001159271120864225,-25.32728411402658
9.555848176237971e-17,9.278704710161119,0.001159166557883007,-12.97432489339901
1.028145822447522e-15,5.077280401293969,0.01212068257488652,-19.01811195587391
4.004733053112191e-17,9.022141494356369,0.001333643575481658,-4.793586993182485
0.2263412272885966,3.859138393892223,0.02473786479008538,-33.87147536965668
0.3937250882635294,1.213817444337991,0.1352887012899557,-55.80562606954523
5.840566125974614e-16,11.56358489743302,0.000336280283189716,-48.49444862779229
3.17603086687411e-16,6.234720343700403,0.006263468689416574,-14.72902623665198
3.17603086687411e-16,11.09752144634494,0.0004322158628161099,-18.97343229701293
1,0,1,0
9.555848176237971e-17,9.593124076416043,0.0009765367938910918,-11.14966152800728
1.028145822447522e-15,9.593124106494912,0.0009765367778939993,-74.3021089180103
3.17603086687411e-16,9.58318022941863,0.0009818398572298825,-19.58921519710647
0.4146758143280728,1.061559584434143,0.1514298746760407,-30.96397685873121
2.731941657024047e-16,8.269406092047035,0.002015934660950569,-11.54722534046461
1,0,1,0
9.555848176237971e-17,9.032046127105492,0.001326436874330761,-15.81498491912743
5.840566125974614e-16,5.077396867670686,0.01211986837226903,-13.84064013555829
1,0,1,0
0.2084377251755679,4.454172340648178,0.01740804197391227,-18.99717309537391
0.2262925762481326,3.861503992568238,0.02470301089133486,-24.05364030933321
3.17603086687411e-16,9.583023469603248,0.0009819236907370743,-31.89572194390879
6.505077715248768,57.18284256784028,1.98729921407903e-14,-172.6530576223421
1,0,1,0
3.17603086687411e-16,9.032046160020656,0.001326436850447199,-26.01118956533198
6.728744545674702e-16,9.021788112466837,0.001333901432543749,-37.60356213842046
3.17603086687411e-16,8.269361272409753,0.002015984427552187,-18.11152159090854
0.4413620522570871,1.788748886170445,0.09053933654263208,-27.90016547448406
1,0,1,0
9.555848176237971e-17,7.214276834655728,0.003616297423634396,-13.84774621766429
0.4416100505403543,1.785906731873624,0.09071284171443683,-36.20589732021151
0.4526488307662681,1.663857818294225,0.09854162651029769,-21.56695726937046
0.2263696783958935,3.858327352385171,0.02474982634398826,-12.62311279692891
5.840566125974614e-16,8.269225551304054,0.002016135136490183,-28.29367999651083
0.1356756711894947,8.737059677135999,0.001559034532740977,-14.35342634450095
5.840566125974614e-16,9.022110398141937,0.001333666263856725,-12.07277124810605
0.2213250296265455,4.015473376667259,0.02254228270707909,-30.47912652231404
5.840566125974614e-16,5.077358534985741,0.01212013634525466,-26.9280891780082
9.555848176237971e-17,7.682546180045975,0.002787872128636293,-12.37211623167305
0.4428490611942095,1.771788433662991,0.09158045057350817,-20.9818667844613
0.208146137540838,4.462980439768067,0.01731850608347385,-30.5523507197331
0.6673155636747964,0.5632737797563436,0.2264720931184839,-50.79888496016465
0.1733439328334104,6.026754476986468,0.007045309148135115,-23.4273987611496
9.555848176237971e-17,8.269316391951836,0.002016034262940225,-9.978681631984477
6.728744545674702e-16,8.830407396370816,0.001481261214216378,-23.96178039663194
9.555848176237971e-17,7.682577503866113,0.002787823738744422,-13.06498352093337
0.221599673384183,4.005746153423523,0.02267271094475964,-30.62380030536915
5.840566125974614e-16,9.278413890534956,0.001159350613873289,-31.46269271069399
2.804502661847769e-15,4.8330750932911,0.01395939573131855,-59.06405437131176
0.2263395643949303,3.859154365033348,0.02473762930283291,-27.82239012834153
0.2417315488147967,3.428377184484674,0.03204252194134805,-23.34445009399895
1,0,1,0
0.1769540496582881,5.830485957925173,0.007875385973963867,-15.63292127240396
0.2263240393071322,3.859633892538703,0.02473055998932222,-20.07994125383072
5.840566125974614e-16,9.022047641892833,0.001333712053174008,-18.6536873127039
6.728744545674702e-16,4.574192389367894,0.01622852090473725,-26.64373631797585
5.840566125974614e-16,9.021796922732001,0.001333895003220231,-30.43201155627671
4.004733053112191e-17,8.269428959318851,0.002015909270186855,-4.369096817024767
1.028145822447522e-15,8.267947831109041,0.002017554518871645,-170.6051695489765
0.4415837337147623,1.786210011261794,0.09069430906567216,-29.21811077419705
1,0,1,0
1,0,1,0
2.731941657024047e-16,11.56074043365627,0.0003367951196096008,-6.193599756422492
0.5207792926952851,1.069851161846572,0.150489533644163,-51.33966540572514
1.028145822447522e-15,4.833413430799538,0.013956656774475,-41.03457595073002
3.17603086687411e-16,9.583054629737482,0.0009819070260458362,-17.38828218140944
6.728744545674702e-16,8.835884074642706,0.001476822608711292,-25.66812941940119
1,0,1,0
1,0,1,0
1,0,1,0
1,0,1,0
0.208485990639914,4.452417608117969,0.0174259368861015,-36.9439994973618
9.555848176237971e-17,8.830452648507418,0.001481224483895927,-11.02315295088222
0.8261884069719468,0.07769233488434679,0.3902246959038291,-51.00247789796852
5.840566125974614e-16,4.883503787436872,0.0135572627859038,-28.41278094305438
0.4415818797359291,1.786232028192494,0.09069296383648506,-26.91378616270998
1.028145822447522e-15,4.832085251719654,0.01396741204644703,-31.77652333486703
3.17603086687411e-16,4.884517029127348,0.0135493075062203,-13.82138555197461
1,0,1,0
9.682324783204268e-17,9.022016206562483,0.001333734990172142,-17.958205042996
9.555848176237971e-17,8.830430192926169,0.001481242710559327,-10.61976552409721
0.1811906285008554,5.615637469808082,0.008900452373143741,-14.49434401730112
1,0,1,0
1.028145822447522e-15,4.881200807050362,0.01357536228094719,-39.35052421791817
3.17603086687411e-16,9.582992079356139,0.0009819404787844155,-23.86412737355273
0.3222162439382175,1.939091026871026,0.08188363152193484,-21.23383908556537
5.840566125974614e-16,9.278539022462269,0.001159271415856533,-25.79519769288425
9.555848176237971e-17,9.583062765470281,0.0009819026750374493,-10.59071209024524
2.731941657024047e-16,6.234949980253525,0.006262656548579659,-12.08883487652472
0.443195221627582,1.767376987019802,0.09185351550951082,-20.39681144577544
1.028145822447522e-15,9.057890998215996,0.001307817514596132,-32.60337074415017
9.682324783204268e-17,8.265403510028719,0.002020383960642358,-18.7857689947822
1.110441658606445,0.05288379803907617,0.4090595705882846,-60.00112619770889
1.028145822447522e-15,4.574134106019237,0.01622907298447396,-19.42491530304104
5.840566125974614e-16,6.202577743322216,0.006378219856832068,-18.80428037986674
1,0,1,0
0.4832122698103949,1.366120263336072,0.1212397981396752,-46.07692172099676
0.2206827838656931,4.035949117014219,0.02227030740160735,-29.05186950401547
0.3626150047947182,2.969613192306738,0.04242106929102563,-25.88083224149929
1.170530034932676,0.1644954725818195,0.3425254609964199,-81.18536089500815
5.840566125974614e-16,5.077396875686095,0.01211986831623618,-13.84099594860272
1.038263951005382e-15,4.61674082710519,0.01583067132450783,-76.51925890686177
1,0,1,0
0.6655002067913847,0.5713899731928791,0.2248535531033929,-40.12103231546562
1,0,1,0
9.682324783204268e-17,9.593124106987702,0.0009765367776319311,-29.43236414603014
0.7257915803954916,0.3431445956846346,0.2790098506712262,-49.92900596399407
1,0,1,0
0.4528712426200382,1.661495504036772,0.09870076245048498,-21.01108522553234
9.682324783204268e-17,11.09580802626014,0.0004326153819429468,-17.86713009364865
9.682324783204268e-17,9.022039510833508,0.001333717986017224,-18.3580167767995
2.804502661847769e-15,11.5656720126471,0.0003359030294846632,-70.35776466380736
3.17603086687411e-16,9.527577595439872,0.001012035528225541,-24.65046489053312
1,0,1,0
9.555848176237971e-17,8.83043023319761,0.001481242677871752,-10.62036150616523
1,0,1,0
0.3222167657340996,1.93907846440144,0.08188431400172591,-14.18477715338642
1,0,1,0
1,0,1,0
2.731941657024047e-16,9.527684184707752,0.001011976751914279,-13.32556699309997
0.6263838122445158,0.7706694080109031,0.1900050226471326,-39.52323514397546
0.2215329244023673,4.007823678544256,0.02264478768720007,-27.66036480195255
0.4424927997640023,1.77583053391217,0.09133107376846522,-70.29716686144387
1,0,1,0
1,0,1,0
0.9063711511156998,0.03987023227084308,0.4208672595518259,-42.00553454586466
0.166466506613841,6.421795469242433,0.005636406676793604,-15.22259290080055
0.2206984594392857,4.035447009908879,0.02227693530861075,-46.5847229818205
1,0,1,0
0.2215853280081579,4.006262516573265,0.02266576731081815,-16.4624282367898
1,0,1,0
3.17603086687411e-16,9.032046160020659,0.001326436850447199,-12.55606864817112
3.17603086687411e-16,6.202577743280582,0.006378219856982059,-11.12210186909078
3.17603086687411e-16,9.583148880098292,0.0009818566219375047,-18.89578089783796
2.449231293967717e-15,6.202577743307444,0.006378219856885303,-38.67897769262123
0.2152878209863339,4.215581274394054,0.02002717022107109,-49.21141328029963
3.17603086687411e-16,8.269383998568806,0.002015959192838701,-18.80929009990881
9.682324783204268e-17,6.202577743300154,0.00637821985691156,-25.55851804313928
6.728744545674702e-16,6.235635093730593,0.006260234194661873,-26.49993998409368
0.4529191889198723,1.660545040939652,0.0987648748316759,-28.90251871900801
9.555848176237971e-17,8.830475481882118,0.00148120595082013,-11.72250124275417
0.4174626576438982,2.08469524502668,0.07439095609002822,-34.60952360079362
3.17603086687411e-16,8.269293797243414,0.002016059352643096,-24.23320495835186
9.555848176237971e-17,4.574063779878951,0.01622973916373766,-12.47625597163424
0.4433466741078592,1.765665397411453,0.09195971565783212,-24.51820493440328
4.730343101349462e-16,11.03358514793607,0.0004473796930080653,-26.21013928689973
5.114956077737342e-17,8.82338166871614,0.001486975104550203,-4.50018769146079
0.453073566403723,1.658888275494839,0.09887674679743513,-26.98423170135217
1,0,1,0
1.045729743258615,0.009829500311781203,0.4605120335244129,-48.02704352218775
5.840566125974614e-16,11.56297311042209,0.0003363909470179283,-36.4986016254572
0.2206827633065515,4.035948791438052,0.02227031169860055,-27.95401372791512
0.4838481111182188,1.360508924044026,0.1217246500782158,-62.55176164849656
4.936130869128893e-15,4.841341058519305,0.01389263972478977,-70.89999445212646
3.17603086687411e-16,8.830407650600925,0.001481261007859946,-10.33193193281874
0.3208731758450735,1.957422717477471,0.08089461132940035,-21.45902445370543
0.2213188653365559,4.015673353839816,0.02253960960197893,-13.68556533001037
0.5220496107591178,1.590970202483931,0.1035937868886553,-54.18456806216496
0.4526059494000584,1.664311096359008,0.09851112609551738,-30.23063368841004
5.840566125974614e-16,6.202577743362234,0.00637821985668785,-19.60552904090581
0.7878879231619396,0.1230690728095638,0.3628646898008505,-27.23013129044433
9.555848176237971e-17,8.835922887007836,0.001476791201264371,-12.21386826731168
5.840566125974614e-16,4.884840428733117,0.01354676941605892,-15.61285371306846
0.2083989306958308,4.455589682015358,0.01739360183494404,-15.76626898618073
5.840566125974614e-16,8.835877588973894,0.001476827857061047,-25.13995464566132
9.555848176237971e-17,6.202577743280496,0.006378219856982392,-11.12232064983172
2.731941657024047e-16,6.234975674295388,0.006262565684844013,-14.03411835917874
1,0,1,0
0.4414791198462791,1.78740715248999,0.09062119752949838,-34.75148480043936
9.555848176237971e-17,9.593124106994367,0.0009765367776283784,-15.33428506546636
5.840566125974614e-16,12.00793270554021,0.0002648729275404604,-18.03282960065545
5.840566125974614e-16,6.235984019496897,0.00625900086876735,-28.44596863225502
0.8188759974841193,0.0853463523540654,0.3850894174723376,-52.43695492422282
0.2206189815858201,4.037979236674637,0.02224353060264833,-27.43973854179623
0.4135395547933968,1.069262900957582,0.1505559992123403,-54.58735698447771
0.8826638590071528,0.06487387163473102,0.3994760573654189,-50.43395392356656
0.2207041449481568,4.035272816206263,0.02227923518297192,-14.35579099285486
2.287852447174094e-16,7.215149902778361,0.003614538837829973,-13.7405956557265
1.028145822447522e-15,4.833244342776617,0.01395802552944803,-16.31501455045266
3.17603086687411e-16,11.56603854780227,0.0003358368210583107,-13.50151541104445
1,0,1,0
0.2262369237490823,3.863210167656597,0.0246779049046229,-14.85684994776358
0.1664691100130911,6.421531765398868,0.005637243678257076,-27.69377711049135
0.2603052313848253,2.988676541237929,0.04192433553780373,-16.33179384970331
1,0,1,0
1,0,1,0
3.17603086687411e-16,9.527609828307881,0.001012017753753203,-24.93816633386314
3.17603086687411e-16,7.215149851854207,0.003614538940378942,-18.59837609141097
1.818612720734261e-13,0.1562880662237607,0.3462986276551102,-4.38683832853532
5.45659152785509e-13,0.07216424512617614,0.3941056590223263,-4.37798707294764
2.573482422623329,7.322790354342601,0.003404281024550815,-95.5082036165746
1.759134754139686,2.403693733451178,0.06052456506040954,-141.5234142589907
3.607078553918763,14.34812583264065,7.596542933285821e-05,-112.3263405874456
0.5700042266915065,0.4477774855863714,0.2516961424958781,-54.53343698150981
4.273924598099982,13.29385759654872,0.0001331385218807379,-119.4857368447823
9.682324783204268e-17,9.527612612797313,0.001012016218290945,-25.46104175969822
0.1812149196591015,5.61372897787443,0.008910150655466131,-24.25362107309577
0.1768396407973563,5.836485507258345,0.007848575188964813,-12.7405949748036
5.840566125974614e-16,9.527538368721395,0.001012057159809454,-52.07958769617147