dN/dS,LRT,p-value,Log(L)
1,0,1,0
1.744420377342695,1.034803424752312,0.15451657269745,-46.37873473956478
1.136408140540762,0.04695666048641556,0.4142230786641938,-35.06330148720412
0.3215343808360702,1.948237783032205,0.08138843653821165,-13.09359636094749
0.7284586119146452,0.1117716146470542,0.3690680613803134,-15.41066515394342
1.607745726439596,0.7731546383564591,0.1896214527728708,-35.84730398933496
1.203838776685595,0.09698809149331566,0.3777372128633145,-31.13874443793527
2.841367043306044,3.164403778346127,0.03762995566945965,-68.08576584128177
1,0,1,0
1.153576414999984,0.03887272177659895,0.4218505146965842,-25.94306235756984
0.4007174081238077,1.160660399879589,0.1406643107386981,-13.63157406049937
0.9199841332321476,0.01428980523015611,0.4524237864564242,-20.31231126068128
1.516421278258484,0.6053751121570343,0.2182672476623567,-39.34479944384633
1.203920512886558,0.09705692279741385,0.3776952213371582,-27.92317445965172
3.17603086687411e-16,5.286170444197655,0.01074771949049486,-12.02446243053327
0.3973698779307338,1.185638367641211,0.1381055590192479,-14.35252389733869
1.516519161009238,0.6055497577091842,0.218234171165838,-59.89998258177255
1,0,1,0
5.840566125974614e-16,4.989754040652336,0.01274891639922959,-11.89550305039364
2.804502661847769e-15,2.586891554965035,0.05387580827864891,-18.03483233510252
1,0,1,0
1,0,1,0
1,0,1,0
1,0,1,0
0.3849952196052756,1.284641807682181,0.1285188752308294,-14.94315494203336
5.840566125974614e-16,5.286170449745683,0.01074771945625191,-18.65133736863409
9.555848176237971e-17,5.036476926599358,0.01240945790970316,-4.588817902928232
5.840566125974614e-16,5.036425526976007,0.01240982614566755,-11.51206878745132
6.728744545674702e-16,3.434526918988823,0.03192343409577358,-13.86929717259982
5.840566125974614e-16,4.989754040658937,0.01274891639918091,-17.3715405796401
1,0,1,0
1,0,1,0
5.840566125974614e-16,4.997060681170602,0.0126952014649912,-16.82631215619098
9.555848176237971e-17,5.332893330171025,0.010463308705845,-4.717245303823255
3.17603086687411e-16,4.9897540406463,0.01274891639927406,-11.19939895959515
0.399959153172942,1.166333557068324,0.1400779392882872,-11.66972885938716
1.028145822447522e-15,2.745214789344132,0.04877298442222255,-29.94681081928568
0.410228978408174,1.091637589835535,0.1480543283117585,-19.80508699415799
0.8727419171172593,0.03872067578418381,0.4220015342838838,-27.61430606704539
0.3970423520415359,1.188139913834764,0.137852539542656,-11.92629028116008
1,0,1,0
0.4007173916448201,1.16066052929293,0.1406642973273539,-13.6311631119034
4.730343101349462e-16,4.997060681110286,0.01269520146543368,-4.574346645961822
1,0,1,0
6.728744545674702e-16,5.196067283153553,0.0113190249120636,-18.30706085369094
1,0,1,0
0.8007861767158861,0.106292647876991,0.3722025187347657,-19.3253173166325
0.7940195262073283,0.1148729482469903,0.3673315635057356,-27.7407804660098
3.329673802974416,8.037555422388635,0.002290866361848165,-82.53834294963343
1.028145822447522e-15,2.743672108374469,0.04882008006722238,-19.92293711236023
0.8205938306182247,0.08346218785279547,0.386329628771143,-26.15271012092241
1.131316119280665,0.04376994653610211,0.4171411061366805,-34.48196378082702
1.028145822447522e-15,4.57869484984181,0.01618593126558709,-18.31182314027087
0.3853003259994863,1.282071084367736,0.1287571535773657,-28.6952760187107
1.19322032033814,0.08816749751731834,0.3832599292414961,-43.22755026176998
0.631887520867341,0.4934544588728045,0.2411951914772713,-34.34728348475053
5.840566125974614e-16,4.578627985725358,0.01618656289191089,-9.894751520354495
1.038263951005382e-15,2.744881911762562,0.04878314246281401,-35.86395367242329
9.555848176237971e-17,5.285203271462208,0.01075369068322174,-11.91662394906335
0.874907724273471,0.03729142299892629,0.4234364603858648,-22.34837979446655
3.17603086687411e-16,2.744358261393694,0.04879912676526565,-6.404560036265245
0.6639945955309975,0.3857059503360745,0.2672826086290492,-29.63861465448091
3.17603086687411e-16,6.334087033884352,0.005921953354117049,-12.83271715320242
0.4001345646644111,1.165018985083329,0.1402135369240238,-19.42486750025556
0.7571111119201956,0.1700323254706504,0.3400415403194957,-20.23403695782246
0.3887205886872708,1.254413394475787,0.1313556069958166,-15.36358509273075
2.804502661847769e-15,2.774875000837824,0.04787706585416862,-24.68169024876278
1,0,1,0
2.804502661847769e-15,2.773886807331252,0.04790662486341041,-26.47113287823581
0.3157019436496059,2.027184134512247,0.07725332197486462,-21.45685710775815
1.311692600605744,0.2017063774495114,0.3266735092636867,-28.18603304768083
9.682324783204268e-17,5.285198649251974,0.01075371922836366,-19.75968059891141
0.7946097929024944,0.1141045423531466,0.3677593520052819,-27.99551401500158
1,0,1,0
9.555848176237971e-17,5.286170461795608,0.01074771938187874,-5.293126184458727
0.3158495694995556,2.025158175675067,0.07735640690896378,-21.94472749937327
1,0,1,0
6.728744545674702e-16,4.906649578569656,0.01337674347320528,-18.40502191321808
0.7281576870904842,0.1120796961912234,0.3688943706292714,-23.81515281143862
1.028145822447522e-15,6.048679845498931,0.006958349046173984,-20.51604674382627
0.3969777439954883,1.188604161622081,0.1378056471928659,-20.09943224838146
1,0,1,0
9.682324783204268e-17,4.875051910772115,0.01362381066513879,-31.64452287641953
5.840566125974614e-16,5.2852113970517,0.01075364050263411,-12.42971155086304
9.682324783204268e-17,4.874876404097904,0.01362519615380331,-22.6701511152353
1.172570390306942,0.04803356847785523,0.4132605183072036,-18.8567267649481
0.4117329393732171,1.081937350419366,0.1491322807565416,-24.08500605654559
0.9935600264508887,8.3983930196041e-05,0.4963440345396975,-36.90435821158071
0.40075081826485,1.160411454174227,0.1406901124339066,-13.45530006473227
1.137690288434469,0.04775810746841103,0.4135056454094753,-37.46781800245557
1,0,1,0
0.5824531202214556,0.3523309380373547,0.2763982996245141,-22.50898263083285
1,0,1,0
5.840566125974614e-16,4.030338807667025,0.02234448267777334,-5.723147665039604
2.287852447174094e-16,3.46759185290119,0.03129117869636572,-11.15026813432528
1,0,1,0
9.555848176237971e-17,4.997060687128254,0.01269520142128933,-12.57511510871224
2.287852447174094e-16,4.875039076890488,0.01362391197368529,-17.70163132725582
0.400750820030796,1.160411447363416,0.1406901131398873,-13.45540216795486
0.9920046553436824,0.0001295932731935068,0.4954585774175573,-29.62284892615186
0.9054443001444215,0.03056295500688577,0.4306094995827869,-32.4856505169886
0.5817994902090079,0.35394352707441,0.2759446196559776,-12.39400163102717
0.3749305624568995,1.370588308815876,0.1208554149503155,-14.06023429838547
1,0,1,0
5.840566125974614e-16,6.048417618149056,0.006959382537403858,-12.10893914877808
3.17603086687411e-16,4.989754046668377,0.01274891635490549,-11.92671519062374
9.555848176237971e-17,5.285211398888119,0.01075364049129313,-12.42984933187966
1.028145822447522e-15,3.467591852901204,0.03129117869636544,-11.15050901870046
1,0,1,0
1,0,1,0
0.3749762636974472,1.370176706998187,0.120890762692062,-15.5622164157321
3.17603086687411e-16,4.350661970805994,0.01849728199116846,-12.35012227025398
1.225643849871462,0.1158202323231592,0.3668063792205437,-56.09715729924412
1.507073536357106,0.5884752904120063,0.2215046604398557,-32.45315454900449
0.5767232051895113,0.3665287223723155,0.272451259365367,-13.5767478526576
1,0,1,0
9.682324783204268e-17,4.874997804614587,0.01362423777554039,-23.25369051898923
2.804502661847769e-15,2.744026773339051,0.04880924831078215,-19.52337245906596
0.3301619297022568,1.839217166506998,0.08752136395111132,-27.1107960806047
0.4100160573071445,1.093136024570526,0.1478887051955263,-19.30798044592037
0.6883911530718535,0.1583072874248259,0.3453598806892315,-27.55523089355946
2.804502661847769e-15,2.775375010063101,0.04786211706295745,-19.47464089022365
1,0,1,0
1,0,1,0
0.3991505232724378,1.172405745207318,0.1394537377929038,-14.67877024141712
1.738688558207614e-15,3.434512575573475,0.03192371130210714,-10.94392256548949
1.517992656068113,0.353237604439137,0.2761430489086066,-25.99917975444814
3.17603086687411e-16,4.349774215845409,0.01850692649326713,-4.838083918459831
0.4102007657386393,1.091845434087826,0.1480313409293281,-11.83978789429724
0.3155641193284808,2.028935790534831,0.07716431973971488,-38.09591269922028
1,0,1,0
2.287852447174094e-16,4.875051984156471,0.013623810085857,-10.46094214837413
0.3195312883105899,1.974716159989985,0.07997407841097975,-13.09593869630088
1,0,1,0
1,0,1,0
0.4366854692259056,0.9214069058149974,0.1685529178846338,-20.34069413458062
0.8017487423890457,0.1051021102123073,0.3728953716616263,-19.29027105270591
0.3007852546577746,2.24435657890762,0.06705133940077457,-19.31814889641346
3.17603086687411e-16,3.434253685413864,0.03192871515371154,-4.770247701949277
1,0,1,0
3.17603086687411e-16,5.149533896627588,0.01162630694484718,-6.477765089924588
1,0,1,0
1,0,1,0
6.728744545674702e-16,5.330165094045363,0.01047969985190478,-18.23045267456167
1.105105179337229,0.01930096065261466,0.4447535629359383,-47.06581565549168
0.3975459070609896,1.184263407977241,0.1382448782532287,-26.94320076608268
0.4365861826377254,0.9219995316143574,0.1684752538815462,-11.81360183704497
3.17603086687411e-16,6.335004098981909,0.005918892142056209,-14.65372901769534
1.200099776662729,0.09385697534246162,0.3796649536025872,-34.45810413870058
3.17603086687411e-16,4.989754046646439,0.01274891635506709,-23.61952100599408
1.136267122539739,0.04686745879482146,0.41430332480146,-35.65960672414722
1,0,1,0
9.682324783204268e-17,5.285173136132386,0.01075387678981288,-26.39632666940313
1.557381996690049,0.6801422893379652,0.2047688658300461,-35.68322053074082
1,0,1,0
1.136951370398628,0.04730122084632882,0.413913858096747,-26.9038901330616
1.028145822447522e-15,6.049860464278765,0.006953697943227255,-19.38121787731012
0.3786335800674841,1.338288466575836,0.1236680131409393,-14.21034161744727
0.4372205140923983,0.918229154182157,0.1689701842906003,-26.35333142943518
0.903295918672086,0.03206832013049166,0.428938896724564,-27.71126354618353
6.728744545674702e-16,4.35062418522908,0.01849769238352067,-11.65609086433312
1,0,1,0
0.8741860535642915,0.03776397931463293,0.4229589192024625,-24.64762909419273
1,0,1,0
0.7730299995382399,0.07227025612149163,0.3940297612968695,-21.92327069684422
0.3223653009159412,1.933575266508399,0.08218391152339599,-37.28916969720649
1,0,1,0
1.028145822447522e-15,2.744136648003476,0.0488058931808783,-18.82689568053607
6.728744545674702e-16,4.99706070009902,0.01269520132614338,-18.39481282593452
0.8753629955643557,0.03699468764031622,0.4237379316576082,-25.99411638550362
1.316126369602245,0.2065241681703753,0.3247527369944543,-42.74561457576261
4.346980227506251,18.13789547946922,1.027356742167029e-05,-104.1194752908703
4.81444391158773,18.63514571607556,7.913781795654273e-06,-88.86915474709927
0.5825649800825926,0.3520562967494421,0.2764757061002474,-12.71393858539829
2.287852447174094e-16,3.467591852919085,0.03129117869602721,-11.84363458227337
1,0,1,0
0.4369289268526644,0.9199632410063643,0.1687423121081059,-26.37585050358873
5.840566125974614e-16,4.860424108787083,0.01373979014447474,-13.40696807654568
0.9045594409187803,0.03117703707110309,0.4299229998941088,-45.33770552423088
0.8741242437175831,0.03780443090219876,0.4229181853228267,-25.02327727049781
1,0,1,0
5.840566125974614e-16,3.467591852919092,0.03129117869602704,-11.84440276730945
0.4075412914454637,1.110874251264917,0.1459459923612244,-26.06364487097176
1,0,1,0
1,0,1,0
0.4366870862332751,0.9214021956844647,0.1685535353425752,-12.90917228305485
1.925125128685049,2.090561173608393,0.07410580964006874,-51.43621682784004
1,0,1,0
0.8210998692829483,0.08292377055031608,0.3866868121283022,-25.30832333633155
1.028145822447522e-15,4.997060700059208,0.01269520132643537,-20.12918639626252
3.17603086687411e-16,4.859457073191361,0.01374749357847893,-14.9024015474423
2.804502661847769e-15,4.997060686980532,0.01269520142237296,-34.45209228283032
5.840566125974614e-16,2.744358269967542,0.04879912650350415,-13.67900122020646
1,0,1,0
1.028145822447522e-15,6.335004154075165,0.005918891958200834,-19.30512487539892
0.407543549780205,1.110866048176451,0.1459468832088541,-13.01469336897222
1,0,1,0
3.17603086687411e-16,5.196205085871579,0.01131812754328498,-12.41418233295111
0.3884069269245363,1.256952453474181,0.1311143694414441,-14.40946823792463
0.9934954331509912,8.567968971817663e-05,0.4963073103712664,-28.65913686646643
0.8032220104589706,0.1032970502669883,0.3739541777593864,-31.36442476958013
1.206050349175646,0.1318340713115163,0.3582689696058143,-33.87151158391351
1.136859607213935,0.04724281405619735,0.4139661911862247,-26.49863046388377
9.682324783204268e-17,5.332818186244424,0.01046375981238395,-18.92548299371725
1.028145822447522e-15,2.909054755307281,0.04404174319154097,-18.47399031278706
5.840566125974614e-16,2.909108977194169,0.04404026245557813,-11.89646443469305
0.9041703350794954,0.03144920835944731,0.4296209625254326,-48.5076627933334
0.4116150476188886,1.082755325451437,0.1490409938507233,-29.57561422820478
9.682324783204268e-17,3.467591852890529,0.03129117869656745,-10.96806216289704
1,0,1,0
1,0,1,0
1,0,1,0
1,0,1,0
2.668592598244603,4.977285335714868,0.01284112615012539,-52.15585055252388
1,0,1,0
0.4004954559031322,1.162317360306346,0.140492729170044,-21.73103696027024
5.840566125974614e-16,4.350647650363442,0.01849743752558619,-12.16434242266431
6.728744545674702e-16,4.997060687097182,0.01269520142151725,-17.78246699755124
1.028145822447522e-15,6.332115853220131,0.005928538763794455,-29.44879867086973
11.20951693593682,68.95096798643277,5.551115123125783e-17,-165.2870765331816
1,0,1,0
2.333461252961378,3.854570043754293,0.0248053203499225,-47.20356993812329
2.287852447174094e-16,3.467591852901233,0.03129117869636494,-11.15062719519007
0.3009049132020912,2.242573618633386,0.06712867863321181,-19.86598967235081
6.728744545674702e-16,4.578668115332626,0.01618618380782116,-17.62482508727101
5.840566125974614e-16,4.578668224934351,0.01618618277248185,-10.62150995270227
0.4597603789264026,0.7952723150085959,0.1862553196681898,-15.62248757085615
5.840566125974614e-16,4.578722574507136,0.01618566937438404,-11.7208119782135
1.028145822447522e-15,5.149533721063221,0.01162630812035476,-42.83120580705473
5.840566125974614e-16,4.875066174706035,0.01362369806891439,-10.42841490066244
3.17603086687411e-16,6.218642022125696,0.006320601746409249,-12.78875024917504
1.900071429840455,1.678758622181164,0.0975447420850738,-55.16870348912727
1,0,1,0
5.840566125974614e-16,6.056500465256534,0.006927598860300033,-23.6016935635698
0.3884979155757246,1.256215755225092,0.1311843069515641,-23.6233963000046
9.682324783204268e-17,4.57865512761057,0.01618630649524383,-10.30074688049211
0.3998892324749937,1.166856476567794,0.1400240463372208,-20.18036022913413
0.631507833130224,0.4948520520464328,0.2408854308981595,-19.28255223844233
4.547837103158868,17.56899098662564,1.385348711629986e-05,-96.95615522853412
1.377116650611238,0.1842528180677192,0.3338718128658141,-35.25046861444407
2.287852447174094e-16,4.869946837830923,0.0136641711626766,-17.70382591249053
5.840566125974614e-16,6.334872581211886,0.005919331055545651,-12.83712182329567
6.728744545674702e-16,6.055353089421974,0.006932101504999733,-11.13630632458076
1,0,1,0
9.682324783204268e-17,5.036326064459175,0.01241053874488696,-10.30552244140835
9.682324783204268e-17,3.467591852908416,0.03129117869622905,-11.66128808547732
0.5764605170677018,0.3671971536454386,0.2722680187700445,-13.98650964937747
1,0,1,0
0.4007508229963141,1.160411458734988,0.1406901119611569,-13.45523169885263
1.458489367377184,0.2518435708716282,0.3078899718737281,-38.18546986995739
0.400130615498242,1.165045344202866,0.1402108163628753,-13.28247485923726
1.644959037485528,0.8430594508658942,0.1792616149475921,-56.40836350290121
9.555848176237971e-17,5.149533721675095,0.01162630811625787,-14.63094046680383
1,0,1,0
0.7502968473385451,0.1817877829481631,0.3349206643226253,-27.85551514928548
1,0,1,0
1,0,1,0
0.8029900529949405,0.103579883204489,0.3737876035547659,-27.93538518707817
1,0,1,0
9.682324783204268e-17,4.875093288820736,0.01362348403897706,-11.12219416140172
1,0,1,0
1,0,1,0
9.682324783204268e-17,6.048941904651954,0.006957316375585387,-10.4995537679413
3.17603086687411e-16,5.036463224382224,0.01240955607369387,-4.182240470135712
1.028145822447522e-15,2.743804038402899,0.04881605051072857,-40.67194661483659
1.207335646407685,0.09995104697773627,0.3759441937548373,-36.76909283596675
0.4004312790807379,1.162797232382726,0.1404430868280671,-13.76038894592713
6.728744545674702e-16,5.149533720073229,0.01162630812698329,-25.33300023483149
2.287852447174094e-16,6.055249260990003,0.00693250910722637,-11.8293423896672
0.5776211456781608,0.364255294720607,0.2730761996142251,-13.36547176974249
3.17603086687411e-16,5.286170444189914,0.01074771949054265,-12.02208432102329
6.728744545674702e-16,4.350624197761718,0.01849769224740105,-11.65625684759243
0.3784521096391023,1.339860142472535,0.1235293169670549,-15.66084743210402
1,0,1,0
0.8212060263946392,0.08281048970341942,0.3867621218540736,-24.20829158145292
0.6617843141804083,0.3924805681838137,0.2654991917194804,-27.83700716726959
0.3970973337513927,1.187703816828495,0.137896606725341,-20.64407935089071
2.282877589823638,3.155424996700006,0.03783749185790264,-52.5070713913989
0.996615581987439,3.479858948196579e-05,0.4976466400007987,-40.08617365616978
0.9939534185784262,7.402210414397814e-05,0.4965676985722003,-21.22244610937076
3.17603086687411e-16,6.335004148537767,0.005918891976680052,-11.61398847204544
5.840566125974614e-16,4.906631999414465,0.01337687962470457,-10.60767551756561
0.8157553876237847,0.08873610726949721,0.3828950622622637,-18.56033626484435
0.4071825121270716,1.113433326155899,0.1456684177942607,-29.61358294416378
1,0,1,0
1,0,1,0
1.204764058516009,0.09776849365486839,0.3772620713686654,-31.51379011811511
1.561383123234525,0.6874951215001914,0.2035088458883364,-46.2426715840758
0.8006658483322983,0.1064415565950725,0.3721161613986896,-55.65256513968239
1.544460779909122,0.6560536565757786,0.2089783089127045,-62.72050713309145
2.257689436179831,3.079971265160452,0.03963096320156917,-46.87144658281812
6.728744545674702e-16,5.285177825439618,0.01075384782986488,-18.32802324117625
1.192239426432549,0.08737284525544453,0.3837719951354613,-41.82338892436852
1,0,1,0
0.4007507982809391,1.160411406792974,0.1406901173452519,-14.00154869557887
5.840566125974614e-16,5.285211360401377,0.01075364072897222,-12.42723357988674
1.028145822447522e-15,2.90901511659883,0.04404282571218437,-24.02709243878623
5.840566125974614e-16,4.989754040650936,0.01274891639923986,-19.16662365789691
2.341577360853345,3.330210556218333,0.03400908317708595,-58.19059107620486
1.31083997516923,0.2007788693553323,0.3270464491583085,-39.22464610913703
5.840566125974614e-16,6.334873188119367,0.005919329030040055,-20.20372963320666
3.17603086687411e-16,5.285425013945371,0.01075232137192633,-12.62481584633593
1,0,1,0
0.397009305604732,1.188303318073437,0.1378360322588283,-23.94830365187404
9.682324783204268e-17,4.989754059666112,0.01274891625914265,-19.08764525171752
1.028145822447522e-15,6.64798297255026,0.004963406922433244,-19.5651244277264
0.4120281635464084,1.079891542863379,0.1493609099585691,-36.94431624227687
1,0,1,0
1,0,1,0
1.298793483155908,0.1253090797086287,0.3616731042833148,-30.9690140106989
0.3968071795725666,1.18992577378944,0.1376722645811668,-19.40923931670482
1.142482237631958,0.05538767729906624,0.4069701488314847,-44.32174197819563
1.158879307546391,0.06205764954950155,0.4016364053176939,-27.60558830330948
0.3930905697493911,1.219583430136041,0.1347212097835739,-31.49628809069442
0.4075480955973328,1.110816544516119,0.1459522594068095,-26.93450141585588
3.17603086687411e-16,4.989754040646297,0.01274891639927406,-11.19968084320504
3.17603086687411e-16,4.906695907126533,0.01337638466294977,-4.889904828269183
1.028145822447522e-15,6.049465188681729,0.006955254793681975,-20.51861929218743
1.313040436948359,0.2031701422619605,0.326087037671043,-30.14767589819093
9.682324783204268e-17,5.285173080268805,0.01075387713481241,-18.66006536204324
1.028145822447522e-15,5.149533625275296,0.01162630876171178,-32.58558978077286
1,0,1,0
1.154523777436337,0.03931014036496094,0.4214177521496135,-20.33301826882325
3.17603086687411e-16,4.997060681122868,0.01269520146534137,-10.74804747610093
0.4366922640844056,0.9213520554738324,0.1685601084845149,-19.48997232341544
5.840566125974614e-16,6.647982990880852,0.004963406871368592,-11.76933892774091
0.401167070037863,1.15731715708678,0.1410113170764436,-13.62658697716828
0.4366870795492174,0.9214022581391141,0.1685535271552834,-12.90900120751152
1,0,1,0
3.17603086687411e-16,6.055145526374849,0.006932916365775921,-4.556291729482884
0.7281688931871845,0.112065360352581,0.3689024470205194,-29.65663553312602
6.728744545674702e-16,5.286170461757393,0.01074771938211461,-21.79845433296203
6.728744545674702e-16,4.989754040711482,0.01274891639879383,-26.19824243365666
3.17603086687411e-16,6.048548723203094,0.00695886580602717,-13.47099911374819
2.804502661847769e-15,2.774981463839602,0.04787388250050728,-25.37585075319905
0.3153862554978385,2.03149650604152,0.07703441813743045,-20.61605560712983
1,0,1,0
2.813699426995396,5.445947206829658,0.009806888395549884,-76.97238150575077
2.287852447174094e-16,5.149533721584959,0.01162630811686138,-27.13301561181483
1,0,1,0
0.8157382350130424,0.08875393204279902,0.3828836450163665,-27.369002460319
1,0,1,0
2.804502661847769e-15,4.029409012162162,0.02235680083630687,-29.24742435387266
0.3302777882604431,1.837807524988634,0.08760406816173705,-19.1415952703219
5.840566125974614e-16,6.335004150800671,0.00591889196912837,-18.61093850780068
1.028145822447522e-15,2.74305044060408,0.04883907263096837,-26.53310872026373
0.4596559588829899,0.7958018362713375,0.186175761533711,-14.30948054901397
1,0,1,0
1.028145822447522e-15,5.286170461624074,0.01074771938293745,-19.78983634464988
1,0,1,0
3.17603086687411e-16,5.286170461795617,0.01074771938187868,-12.80567216228826
3.17603086687411e-16,6.335004157259519,0.005918891947574112,-12.71327201870924
6.728744545674702e-16,4.350510534273802,0.0184989268136504,-10.73794475740824
1,0,1,0
1,0,1,0
5.840566125974614e-16,6.330025019940926,0.005935532132912757,-12.13142866368716
9.682324783204268e-17,6.334741258827677,0.005919769350320514,-20.54899636062544
1,0,1,0
1,0,1,0
6.728744545674702e-16,6.334348687811278,0.005921079773685278,-31.94260445974119
0.2464513612187437,3.310585739606005,0.0344174764360623,-15.48138490922316
1.201369533372987,0.0949162944638644,0.3790088723089918,-26.01337365438686
5.840566125974614e-16,5.332879627953851,0.01046339096195398,-4.310667871030735
9.555848176237971e-17,6.049727274474705,0.006954222490597961,-11.01294072152351
1,0,1,0
1.028145822447522e-15,3.467591852831092,0.03129117869769193,-17.37609215009254
1,0,1,0
9.682324783204268e-17,3.46759185290842,0.03129117869622894,-11.66175716248695
5.840566125974614e-16,5.196029996328988,0.01131926773585712,-17.61754020860645
5.840566125974614e-16,5.196167305652104,0.01131837356004711,-11.72036391243029
1,0,1,0
1,0,1,0
0.410123909563317,1.092378312986924,0.1479724259193122,-20.40663050044242
2.804502661847769e-15,2.909123605353614,0.04403986298698692,-19.21934136518602
5.840566125974614e-16,6.334478672414193,0.005920645845043315,-26.33462824992712
1,0,1,0
5.840566125974614e-16,6.049465062126139,0.006955255292197038,-24.16988324095608
1,0,1,0
5.840566125974614e-16,5.286170444236777,0.01074771949025338,-10.41129861289288
5.840566125974614e-16,5.286170461795606,0.01074771938187874,-31.62923746643375
1,0,1,0
6.728744545674702e-16,2.744358360590116,0.04879912373677775,-13.70956158537922
3.17603086687411e-16,4.578640866575796,0.016186441212026,-10.33199836517119
1,0,1,0
1,0,1,0
5.840566125974614e-16,2.909150864107861,0.04403911861015825,-12.62310616255101
1,0,1,0
0.3784326056641805,1.340029427936976,0.1235143893331548,-17.368349369747
0.4077131565695736,1.109643410472678,0.1460797381841127,-22.70950481015595
6.728744545674702e-16,5.332742693942173,0.01046421303057116,-25.33407267870068
4.56286211093593,16.15852095129003,2.912795238879662e-05,-77.71561581844384
1,0,1,0
9.682324783204268e-17,4.989754059666119,0.01274891625914265,-18.72678172851066
1.028145822447522e-15,5.036288493108955,0.01241080793588512,-24.80023767526175
2.287852447174094e-16,4.578600918991228,0.01618681858288279,-16.87992591537476
9.682324783204268e-17,4.997060681110749,0.01269520146543024,-11.84735212809128
1,0,1,0
2.287852447174094e-16,4.029405858024361,0.02235684263526283,-12.97222432094182
1.20225039965993,0.09565344887421645,0.378554683341228,-33.48208304249511
0.4075435483407502,1.110866039571881,0.145946884143306,-13.01506848871638
0.4103238227715147,1.090984583731888,0.1481265799744809,-11.43251566196685
5.840566125974614e-16,4.578586589215909,0.0161869539534954,-16.23796231582366
0.2463917321555717,3.312065088241965,0.03438650905233298,-13.81165922793343
5.840566125974614e-16,5.036425562145016,0.01240982589370671,-11.51266795927271
0.4007508183763293,1.160411419569641,0.1406901160208752,-20.72809292395196
1.028145822447522e-15,2.909069494087973,0.04404134068743532,-25.12903763715576
3.17603086687411e-16,4.350624224899381,0.01849769195265322,-11.65661635529982
0.4007418954425745,1.160478838556458,0.1406831278658824,-12.76175876435825
0.3776267906516201,1.346064322607575,0.1229836687394225,-29.0865523461625
0.8105619283406269,0.09456227700696473,0.3792276824885735,-27.16841986355476
0.3172174331229056,2.006554895675919,0.07831031464805105,-21.99865689761333
1,0,1,0
1,0,1,0
5.840566125974614e-16,4.350661921018965,0.0184972825319033,-12.34913669016369
9.682324783204268e-17,5.03643946407265,0.01240972629672898,-11.69332079708647
1.028145822447522e-15,5.196029991409866,0.01131926776789238,-25.41249591038671
2.804502661847769e-15,2.744333883384066,0.04879987103729538,-21.34776170149784
0.4101081792501439,1.092485490769967,0.1479605799915655,-20.9531875686827
0.4368013852397967,0.920719542808996,0.168643057391952,-22.09224858698382
1,0,1,0
1,0,1,0
1,0,1,0
3.17603086687411e-16,5.036425526946751,0.01240982614587716,-11.5120680114612
3.17603086687411e-16,2.586714114402461,0.05388184545988556,-12.14820414793042
5.840566125974614e-16,5.036350090139237,0.01241036660900702,-18.14788647709634
1,0,1,0
1.038263951005382e-15,4.578006401958987,0.01619243586283398,-75.88432132533561
0.4001918958862484,1.164586231923685,0.1402582115043873,-21.15796737030466
1,0,1,0
1,0,1,0
9.555848176237971e-17,6.329513365617069,0.005937244791778762,-5.383364324963314
0.4596619175483757,0.7957534214893656,0.1861830336576358,-28.92327192988438
2.804502661847769e-15,2.744505200158017,0.04879464091824026,-26.84047328061722
5.840566125974614e-16,5.33266698900691,0.01046466754570263,-16.72514257279028
6.728744545674702e-16,4.906663524222786,0.01337663546439893,-18.85582995430745
1,0,1,0
1,0,1,0
1,0,1,0
1,0,1,0
0.378585091037887,1.338708678065423,0.1236309119570392,-20.8770619679564
1,0,1,0
1.45600860659718,0.2497179015227005,0.3086368908744498,-34.62943756978648
2.804502661847769e-15,2.775177305621057,0.04786802723107519,-20.57145869649761
0.8009091655154272,0.1061399479890852,0.3722911442273973,-19.35654285333285
1,0,1,0
9.682324783204268e-17,2.775374560375013,0.0478621305050122,-12.18022147311133
1,0,1,0
1,0,1,0
3.17603086687411e-16,4.875039013445345,0.01362391247451272,-10.0227649829742
0.3302518449148715,1.838149612796613,0.08758398946727269,-13.25588645387553
1,0,1,0
2.804502661847769e-15,2.773512910341516,0.04791781411492979,-26.81255570664844
5.840566125974614e-16,5.332704883425457,0.01046444003371932,-17.13213474797856
1,0,1,0
6.728744545674702e-16,5.196181247211776,0.01131828277492747,-19.69865683099269
1,0,1,0
6.728744545674702e-16,3.434771272763342,0.03191871201555085,-11.35098316038538
1,0,1,0
9.682324783204268e-17,4.997060687107314,0.01269520142144293,-18.07061286881978
5.840566125974614e-16,4.578695436716725,0.01618592572183591,-11.02786565090474
1.594199915957218,0.7475023916804275,0.1936340711443355,-50.82066688528796
9.682324783204268e-17,2.586715478739293,0.05388179903729007,-12.14464415369936
9.555848176237971e-17,3.467591852890525,0.03129117869656756,-10.9679804186163
1,0,1,0
9.682324783204268e-17,4.578613915859371,0.0161866958050082,-16.52724308728274
0.4001305857240809,1.165045420894167,0.1402108084475575,-20.55408477277062
0.3302511215170137,1.838110510295138,0.08758628430309706,-18.44835159809696
0.9051939179360178,0.0307346380083402,0.430416859885274,-39.7456549334357
9.682324783204268e-17,2.90915087359226,0.04403911835116225,-12.62345583592028
5.64667360488876e-15,2.627490014960983,0.05251381361623847,-91.1639034544089
1,0,1,0
0.3971452656376298,1.187356558215956,0.1379317095338951,-15.7845579335137
1,0,1,0
9.682324783204268e-17,5.286170461788799,0.01074771938192076,-21.40164807276361
0.8739872146103748,0.03789205318365418,0.4228300290532903,-33.64570681853669
1,0,1,0
2.050721208721825,2.054109811133486,0.07589797418065836,-35.64842460109737
1,0,1,0
1.028145822447522e-15,5.036288327115741,0.01241080912520581,-17.40872642305675
1.028145822447522e-15,6.334480029433266,0.00592064131506792,-48.21512096089227
5.840566125974614e-16,5.285216128397721,0.01075361128373048,-12.61209457666471
1,0,1,0
5.840566125974614e-16,4.875039052491736,0.01362391216628572,-10.02324498315725
0.4601800211565538,0.7931288183099134,0.1865778566390914,-14.01731748107251
1,0,1,0
1,0,1,0
1,0,1,0
5.840566125974614e-16,5.285164981124858,0.01075392715322149,-17.92035000328278
0.7504572483140315,0.1815055786283111,0.3350412750553512,-19.77521041420747
0.3969745059784494,1.188647814401548,0.1378012389805148,-20.97752310883797
0.8018773046516031,0.1049436085353364,0.3729879408852849,-40.08705163472975
1,0,1,0
1,0,1,0
1.643963033452827,0.8412011564873012,0.1795267326835645,-34.00564703031554
1,0,1,0
0.4001786606449599,1.164685291209388,0.1402479836918519,-21.73432903707243
1,0,1,0
0.3972485998853366,1.186563298568718,0.1380119387121543,-14.50785348444781
1,0,1,0
1,0,1,0
9.682324783204268e-17,3.467591852841881,0.03129117869748776,-10.56150451759903
3.17603086687411e-16,5.332893582860045,0.01046330718892774,-4.71891035448619
1.028145822447522e-15,3.467591852919085,0.03129117869602721,-11.84379340805159
5.840566125974614e-16,5.14953362145225,0.0116263087873093,-12.10171109615611
2.287852447174094e-16,4.578655125057281,0.01618630651936331,-18.26640605072401
5.840566125974614e-16,3.467591852901229,0.03129117869636494,-11.15094086994122
5.840566125974614e-16,3.435029765702936,0.03191371750996069,-12.04201945294329
0.8207688685678298,0.08327800954618425,0.3864516709270825,-20.69749898664737
4.730343101349462e-16,4.875093278381641,0.01362348412137915,-11.12180918717566
0.758729106847466,0.1673079019918262,0.3412577636732566,-23.79363045244475
1,0,1,0
1.028145822447522e-15,2.58677328357388,0.05387983222428966,-11.45512543058666
0.3970610211758172,1.187999930338467,0.1378666828116304,-14.41845833705227
1,0,1,0
4.004733053112191e-17,4.868382425411785,0.01367656421967806,-3.849872918634846
0.8214485847134089,0.08255653587199419,0.3869311546669646,-18.03379201904607
1,0,1,0
1.506893904878591,0.5881545068736074,0.2215668240559014,-36.73867266464331
9.682324783204268e-17,6.332904722128198,0.005925902372771463,-28.75508155431578
0.4001305289481869,1.165045012984557,0.1402108505479613,-19.45505083413429
0.8752257237296601,0.03708129190290776,0.4236498160148841,-53.80189647760423
2.804502661847769e-15,2.752100901418061,0.04856336534529554,-50.08670142961574
1,0,1,0
1,0,1,0
0.4007328444515469,1.16054766203483,0.1406759945839958,-12.35523481744685
0.3155316204056913,2.029510615521307,0.07713513804012284,-14.00821267215688
0.4074900844484896,1.111246544278494,0.14590556899969,-13.70894194695648
9.682324783204268e-17,3.467591852898671,0.03129117869641335,-18.25375720086385
1.375846915970002,0.183259936197814,0.3342932712517694,-24.71228372926324
2.287852447174094e-16,4.906670402019387,0.01337658219633475,-11.52606239300514
9.682324783204268e-17,2.77554895339296,0.04785691786567425,-13.97021991462697
0.3783238400369888,1.341071819722504,0.1234225195710009,-13.81313559125998
9.682324783204268e-17,4.906624029575539,0.0133769413520089,-17.30455018310168
9.682324783204268e-17,3.467591852841853,0.03129117869748826,-10.56201370787064
5.840566125974614e-16,3.434798688615764,0.03191818225701348,-13.1770820109763
1,0,1,0
6.728744545674702e-16,4.997060700099027,0.01269520132614332,-11.93940396347602
2.287852447174094e-16,5.286170461794264,0.01074771938188701,-14.30215048562681
3.17603086687411e-16,6.647893342489791,0.004963656616857937,-10.8921455175921
1,0,1,0
0.7200526587652197,0.1205883850716916,0.364198606327242,-21.62003739080907
0.8007312924860492,0.1063607253515073,0.3721630299448534,-26.48667637708546
0.7285467278927981,0.1116818162949471,0.3691187381335584,-17.91253056248278
0.7998776892284587,0.1074236872380183,0.3715482568714497,-27.84737002668336
0.4001941877758465,1.16457304731945,0.1402595728779609,-12.8495131432183
1,0,1,0
1,0,1,0
3.17603086687411e-16,6.334479365236373,0.005920643532276948,-12.14250446328064
1,0,1,0
0.4075432302960691,1.110869983211323,0.1459464558669316,-13.42402136594086
6.728744545674702e-16,6.647893282548488,0.004963656783848747,-18.50791306376257
1,0,1,0
1,0,1,0
1,0,1,0
9.555848176237971e-17,5.285216104855746,0.01075361142911613,-12.61125788556346
1.028145822447522e-15,4.030338764594035,0.02234448324824934,-18.18146440337959
5.011555105981344,18.21862314606545,9.847183852829122e-06,-94.19520037157368
3.915066647624172,14.85111545165455,5.816962359334044e-05,-88.54111857608837
2.921013076612923,4.499627428298453,0.01695111968637608,-78.07951122207044
1.134318643793528,8.704148513061227e-14,0.499999882300881,-4.530008986273863
344.4828756807585,24.11667896676049,4.533577507292996e-07,-16.25246170280053
2.804502661847769e-15,2.70363113032856,0.05005999259165095,-32.38601025106612
4.552127738764763,8.400151958372106,0.001875948227278601,-73.55130407277116
4.730343101349462e-16,5.285198619300438,0.01075371941333403,-11.73598455784953
0.330344999518525,1.836563967980808,0.08767710289383329,-22.94797897835397
0.3215358998049893,1.948221770215607,0.08138930046112069,-11.6438231955927
9.682324783204268e-17,5.285134718757924,0.0107541140486172,-24.60269604464417