dN/dS,LRT,p-value,Log(L)
1,0,1,0
1.010085622318006,0.0007005373079209676,0.4894421619455921,-97.65900181525346
0.9943506043586371,0.000258194457501304,0.4935898995529293,-87.01996723701569
0.3124519046323733,6.211158902068874,0.00634737477863806,-29.18995376533813
0.2506044528714949,3.209587770590431,0.03660396278827449,-35.71848761952312
1.579806436953747,2.161329722047839,0.07076108689630489,-92.67231654684959
0.6571226349570133,1.017032895285524,0.156611925064413,-65.90283965904578
1.481640001062708,0.8154886015854572,0.1832512516656201,-100.3642460437087
1.028145822447522e-15,7.972094223095667,0.002375197434345777,-37.61646698837671
0.5823972445254318,1.056324171599925,0.1520275279794999,-67.73431883079799
0.1313729774345664,9.151674874592331,0.001242452565654306,-16.66314964936033
0.629655362487526,1.003247326629534,0.1582630118400635,-41.57193182591116
0.9942659424338803,0.0002659999186107598,0.4934937377539074,-85.36485399867539
1.053277101338497,0.02113822369008744,0.442201518381669,-95.98311678891841
0.7456488665239798,0.5702719212221439,0.2250754412072142,-74.3652627306475
0.9327823886922394,0.03460315377920153,0.4262148407456324,-59.97690477286287
0.7452612892055381,0.5723978821378921,0.2246538161131814,-87.15318862471551
0.1255919037747064,9.759960781065729,0.0008917685762911964,-16.42906684159563
5.840566125974614e-16,15.21078716102407,4.807630028896837e-05,-20.27063402020435
5.840566125974614e-16,7.575810344364932,0.002957838944168956,-20.60306497752138
9.555848176237971e-17,16.03921765615652,3.102196515636368e-05,-6.700729618963382
0.2083924167812314,8.905461982309241,0.001421594693625794,-21.4282195967447
2.731941657024047e-16,19.58123904344051,4.820564569130159e-06,-13.27854522922357
0.3889774639995244,2.501493076163243,0.05686921077028101,-37.17311809834924
0.1303364882781242,9.259352252082223,0.001171479370075335,-29.52779045312531
0.3723853317505196,4.179040750372508,0.0204634295302632,-97.13969671494432
0.1331366924973694,8.974880438645236,0.001368582461932777,-29.27807276008157
3.17603086687411e-16,15.00785424948961,5.353232305987943e-05,-26.04229607094445
3.17603086687411e-16,10.51760400591318,0.0005912134666822833,-15.31956445440922
0.1314146401173617,9.147486402605473,0.001245299837926095,-31.31033957167974
0.2514994834923533,6.372230668967568,0.005795989622152276,-26.72557047144054
4.730343101349462e-16,15.19581983601749,4.845886158366675e-05,-19.16460539159261
0.1312559597252503,9.163463192500885,0.001234474423910836,-40.69367622563317
0.125702277661356,9.747742956368135,0.0008977151210888823,-22.03912010366772
3.17603086687411e-16,15.19581977631591,4.845886311571901e-05,-19.57756243335375
1.050520255860667,0.01907403013501607,0.4450772305458128,-88.07322893156061
6.728744545674702e-16,7.965223493493468,0.002384230149228561,-51.63291382922046
0.271165972442474,5.520445025734219,0.009397738353400853,-48.43357851631298
0.4323392700124892,2.840370536547738,0.04596150713656494,-41.06216284543013
0.1332557397022478,8.963165982167887,0.00137738548373717,-19.63690279460587
9.555848176237971e-17,15.23934842609191,4.735469343336574e-05,-12.37080008886453
0.1313729741063818,9.151675209697643,0.001242452338118316,-16.66251552858885
3.17603086687411e-16,15.23934701058347,4.735472892508641e-05,-19.12830194521602
3.17603086687411e-16,15.21078716102851,4.807630028885734e-05,-12.70013137947655
5.840566125974614e-16,15.34175876333651,4.485570068646361e-05,-53.17507681084107
0.1659756150018358,6.450900611532418,0.005544805697087762,-46.34726823024872
0.7879993938358855,0.3685856737862139,0.2718881040929033,-65.43718250398932
0.9321841764355864,0.03524952107812851,0.4255368815987369,-110.9287283483712
1.094066310034321,0.06266828274928571,0.401163628130556,-102.5127972360157
1.028145822447522e-15,7.972687143820508,0.002374419577325093,-43.34188824688141
0.2708122475939475,5.534493544600465,0.009322580556869964,-36.23510042571125
1.640664244891518,2.711625968641954,0.04980970359065962,-120.4370666308724
0.8675161485346502,0.1267911975656091,0.3608912573262184,-86.52993579838935
0.2608339466590368,5.952452585402852,0.007348412280291039,-66.61451369203346
0.8001809749095566,0.3207837149496697,0.2855685206344118,-99.94959034426458
0.9237101815468359,0.05809584714450011,0.4047656221141399,-112.0775992736141
0.2887663372027169,4.873367533018182,0.01363711356396335,-42.36082198100383
2.804502661847769e-15,7.967242520122596,0.002381572178950575,-80.87480745628784
9.555848176237971e-17,16.03901959461156,3.102521034259453e-05,-13.78262580189562
0.5778048765446071,1.453811563207353,0.1139586691926258,-45.65024295741278
0.2508436906079637,3.203764397505182,0.03673449165523973,-44.33218272953102
0.7497576620134224,0.6393956060956896,0.2119648708764649,-66.45086519282827
0.1021170968985221,13.00629110829923,0.0001552231089633205,-31.85917731979202
1.050936929088818,0.01937980522330918,0.4446415624656672,-80.78216544014927
0.8714215914663747,0.1386146715675949,0.3548310592845824,-60.22320852491084
0.1286385071022303,9.43813819168421,0.00106259563049782,-23.67461808030958
6.728744545674702e-16,8.049675071288121,0.002275590825536689,-53.69109096691022
0.1303309084591783,9.260123662761579,0.001170986037466737,-16.62413064056811
1.028145822447522e-15,8.047169395702852,0.002278740436330751,-46.58582063078325
0.3063823957291735,6.476797393979993,0.00546458665146371,-52.6306472792857
0.7218459196379492,0.5924034785321908,0.2207456053228734,-48.02229047879769
5.840566125974614e-16,16.0442814660629,3.093911180634956e-05,-38.55644249967413
0.9333066927702419,0.03403838483890809,0.4268125960901993,-85.30962133826458
0.1342255653469942,8.867468285571263,0.001451487312423949,-35.62026723277323
3.17603086687411e-16,16.11480018371646,2.980815691050465e-05,-13.45595946612426
0.102059791511226,13.01616097028511,0.0001544071266987301,-49.29907812382441
1,0,1,0
9.682324783204268e-17,14.86254661457399,5.781815364047649e-05,-53.04374380942074
0.2506705368902893,3.207889752730097,0.03664197178443224,-65.25006732025098
3.17603086687411e-16,18.86640346480613,7.010012535058063e-06,-54.2921250295173
0.1331310349697764,8.975305453417164,0.001368264153643883,-34.53495797657452
1,0,1,0
0.1354058969013473,8.756969725477944,0.001542105403476102,-58.18254677802461
4.004733053112191e-17,16.04440419342548,3.093710652313231e-05,-13.92259742506479
0.5418195084772436,1.858283582581024,0.08641151513554207,-61.1997723652475
1.524935294241068,1.24057374623635,0.1326802538216257,-76.16512645711722
0.4092292562915607,3.297233168796112,0.03469834141196271,-47.4555539482005
0.6648656203424166,0.7659742810909052,0.1907326645715302,-66.4523813356667
0.2628227813152449,5.865106912232818,0.007721960358939906,-32.76809116741325
0.99592070856746,0.000134632872061502,0.4953711204916034,-95.26903384591567
0.8915348988550319,0.1230739985248874,0.3628620562244336,-85.85043189748221
0.3796948163998228,2.657289103149367,0.05153813720613448,-41.67707738037252
2.804502661847769e-15,7.050191195235705,0.003962839557484388,-4.562415428501213
0.1659530449646991,6.452270659291742,0.005540531657553749,-43.74926826785903
3.17603086687411e-16,10.29659368690387,0.0006663799981996843,-17.80209091684224
0.1342971884159574,8.861691967159871,0.001456087580964771,-36.36237460683411
9.555848176237971e-17,15.2393484447426,4.735469296568429e-05,-28.3386100993001
9.555848176237971e-17,14.75819195872806,6.110769020711837e-05,-26.32935737675937
0.3943345612915662,3.625989127377167,0.02844187452460867,-40.71088888666833
1.660838827055704,2.183873766498266,0.06973152314676717,-94.62085273428548
1.194077659381543,0.3554320091436978,0.2755270956920052,-97.07597097818135
0.3795410693387006,2.659939816288265,0.05145231406727924,-25.61507544192527
0.6277655255293322,1.270878988850768,0.1298009235062692,-48.49209969097491
1,0,1,0
3.17603086687411e-16,18.86271664861896,7.023574453091097e-06,-20.50119564529142
0.13137604305223,9.151367098179009,0.001242661563222225,-48.97805089218149
9.555848176237971e-17,16.04432220299664,3.093844617757524e-05,-25.47182815065178
3.17603086687411e-16,10.29659368833377,0.0006663799976833196,-18.61393739163876
1,0,1,0
5.840566125974614e-16,18.86329220041283,7.021455556865952e-06,-36.20052779824125
0.6288690863511591,1.260481240993812,0.1307800089780983,-69.07503544416315
5.840566125974614e-16,12.71324681982896,0.0001815372541881799,-26.82039216040356
0.4035913651488539,3.415225878693406,0.03229878630471061,-79.95833339273838
1.014913345909519,0.001740008676790694,0.4833635813255984,-76.00163692156907
0.3884375993125402,2.510219071248777,0.05655510347449966,-26.08571689528174
6.771941737530898e-17,14.75816793301862,6.110846885631904e-05,-31.27390259150438
9.682324783204268e-17,14.75776424077972,6.112155361143179e-05,-70.19455841759211
0.2507600411168342,3.205702290091239,0.03669099910730583,-58.51143645347868
0.106673945756186,12.25687024467402,0.0002317741619832225,-48.04821724088529
0.1353829298926494,8.759014875180966,0.001540377063983356,-55.53180006885814
0.2433695159520915,3.386547144989855,0.03286523127227448,-30.18431566760479
0.496753772260953,1.251964290300293,0.1315888199615537,-65.62912141357924
0.1976591444245449,9.73984775513189,0.000901579158014032,-36.7663275666554
2.731941657024047e-16,10.53382017621174,0.0005860484142847233,-16.01413287814227
0.2620525181840149,5.898079382549071,0.007578702202075738,-37.80567012406522
9.555848176237971e-17,10.53484248007465,0.0005857243317644034,-21.09519772242411
0.3799101189312018,2.65357059641849,0.05165879686593444,-38.77603099279243
9.555848176237971e-17,12.71235311997955,0.0001816240306051764,-6.426176015659765
1.086773002145964,0.05374083302018562,0.4083386426452288,-64.26006256950944
0.6178834116787141,1.640720550796118,0.1001133172147723,-109.8268440901657
0.1572621379483672,7.010824532682562,0.004050917946785748,-17.50025829642555
9.682324783204268e-17,14.75807021216721,6.111163599414882e-05,-35.73925779129063
1.563838762891342,2.588286227379371,0.05382838223756564,-125.882005685655
3.17603086687411e-16,12.71316765180839,0.0001815449395517477,-25.03257116074064
0.2572676590609886,6.111785363193334,0.006714170796698005,-53.94905692609634
0.5778580011453863,1.453243714298026,0.1140040917631711,-80.76016413469821
0.525719525412577,2.069547597938055,0.0751330448944007,-36.84658514906744
0.6935945485875878,1.060681556457752,0.1515298946350893,-74.80743897861809
9.555848176237971e-17,10.52999897329334,0.0005872613885428701,-6.78541214780828
2.804502661847769e-15,7.049406449641456,0.003964576063269665,-4.562415428501213
0.1287251389041049,9.429025837231578,0.001067888565016717,-25.92460065748364
1.471850945682763,1.446175955249032,0.1145712727088304,-106.246532876922
0.2610105360649447,5.944977932825687,0.007379638020647061,-30.86146320880568
5.840566125974614e-16,15.89653356786795,3.345056871395524e-05,-50.82804873890101
0.9077053414611912,0.04834897827578288,0.4129807445032738,-143.3192096111193
0.8025400683143444,0.3120626841589171,0.2882085948491606,-76.40499378868017
0.2884260377937678,4.885005786545534,0.01354547185337474,-33.57030706260492
3.17603086687411e-16,19.58736013903447,4.80514476786098e-06,-36.53711915140205
1.181833522779906,0.2372212097538409,0.3131101734061826,-96.06803328158573
2.287852447174094e-16,15.21078717969945,4.807629981351536e-05,-62.3414827404162
0.4970965268770444,2.497420142026385,0.05701648091752487,-57.81886585645471
9.555848176237971e-17,16.1148001281732,2.980815778469426e-05,-13.22919110759656
2.287852447174094e-16,16.0442128557775,3.094023290967085e-05,-51.58278122828235
1.160924810012322,0.1905184095069501,0.331242749830321,-87.38898819236806
0.9143010059797203,0.05780988343371973,0.4049958031692011,-69.7327666955044
0.8699711526443317,0.1420695840783139,0.3531160864744898,-68.06425320945723
0.1059130165817915,12.37756492906617,0.0002172617368141339,-55.50469901027747
1.496436632799717,1.708030623800852,0.09562054327332498,-98.42691982286586
0.7210268533725447,0.5967698647060899,0.2199065649060838,-71.97678560475295
0.8913330364775714,0.1235684737822567,0.3625979813562529,-84.12583972515701
3.17603086687411e-16,12.71330053066048,0.0001815320403091847,-19.81924888104079
0.1941496079748352,5.014477693027324,0.01256810559906824,-24.45132095544506
0.4332124149177436,2.82447335743565,0.04641866998415678,-43.69745154490799
0.2662227945382363,5.720533545688404,0.00838381719553194,-27.60914341252824
0.263671426703525,2.915506218403067,0.04386593933455457,-62.34301134719602
0.1043429433360248,12.6209467075719,0.0001907240483883244,-40.43500912721763
1,0,1,0
0.2506601766135171,3.208013634202842,0.03663919734875387,-75.8341375706497
0.3937121683462222,3.64055383604736,0.0281940868070143,-42.63819744607765
0.4330999695767945,2.826508647810641,0.0463598652964286,-42.50514572400061
1.013664220872802,0.001279789298337164,0.4857312254328428,-99.09599611400454
2.465834221656219,14.12989232081765,8.5305474401276e-05,-214.9488163632024
2.818576154188743,16.35624319769624,2.624149439156565e-05,-181.5633120567251
0.1897622407937752,5.2091706668729,0.01123402483407032,-30.16219650617014
9.682324783204268e-17,10.2965936882153,0.0006663799977260632,-44.432831359157
1,0,1,0
0.4330308179700934,2.827758633199636,0.04632379019320654,-73.94871449779536
0.1362900756053342,8.681449463548347,0.001607326099531736,-27.6260207663125
1.202026037873328,0.3816838696988043,0.2683517163829702,-103.5238837873563
1.885186854942619,4.260925005926737,0.01949934012506799,-126.1319506310191
0.3321313601080808,3.629897608356131,0.02837515390763523,-58.0171784340622
3.17603086687411e-16,10.2965936880245,0.000666379997795008,-18.90280732650373
0.2688517395805886,5.61416090755958,0.008907954786634309,-70.86716813990191
5.840566125974614e-16,15.00780142808318,5.353382144240859e-05,-17.72477916420394
0.2512440801856224,6.384082713152679,0.005757412707193543,-39.05012593947709
0.2884666468131777,4.883661492994669,0.01355602427081426,-29.51592409660711
1.023174446716254,0.005198333330383775,0.4712613746794921,-109.549963260161
0.1442738737289516,7.976454205391633,0.002369483599537592,-21.15960511101006
0.8140539517822249,0.2716115121592395,0.3011263996793216,-58.47160714257696
0.6566517997142671,1.020768901960423,0.1561683464585857,-110.440375765382
1.028145822447522e-15,14.64751944200756,6.480255179808214e-05,-80.64808228460339
9.682324783204268e-17,15.23934844464488,4.735469296818229e-05,-50.53638923689331
6.728744545674702e-16,7.972186502594354,0.002375076355145389,-36.64305778535441
2.804502661847769e-15,7.045619145992674,0.003972967655794135,-4.562415428501213
3.17603086687411e-16,19.56820056562233,4.853575946206501e-06,-42.18103564874881
0.4039583157533051,3.408318067124014,0.03243426595948024,-44.91263775847503
2.731941657024047e-16,15.3285790161545,4.516971840390349e-05,-30.06172914125936
5.840566125974614e-16,15.34236034101811,4.484142016547565e-05,-40.65506625356867
0.1285994545964474,9.442250175945404,0.001060215893163019,-35.3978007016992
0.9911007102732869,0.0004817966304813126,0.4912439733951174,-80.71431547672675
0.3946001317590773,3.61979273763896,0.02854799292754595,-56.36941898734589
1.119317934128977,0.1343778389422425,0.3569677200363874,-96.28108625563257
2.50594560254555,12.67022658637632,0.0001857622525593405,-159.2952126291937
0.1256500525112136,9.753431918269101,0.0008949412598861506,-43.63910457371478
5.840566125974614e-16,8.208629639456881,0.002084581287934484,-26.16857811364883
3.17603086687411e-16,8.210344877851043,0.002082611683323632,-18.82650093328806
0.5942285495489146,1.945012193216172,0.0815626749684516,-104.673550543677
0.8208948649876496,0.2495409363534407,0.3086992519578429,-93.23551270861411
9.555848176237971e-17,10.28960131964264,0.000668909959070263,-19.66281574042648
5.840566125974614e-16,8.211081974850437,0.002081765858352624,-21.52366804333883
0.2664207147907668,5.712410433996098,0.0084226968829611,-23.16183274432674
1,0,1,0
6.740639792367023e-18,15.89636973594936,3.345346444266761e-05,-5.885164782265953
1.631240701080424,2.655012355784379,0.05161197739572981,-110.1068863377164
0.1941457477706673,5.014644628695351,0.01256689384461979,-21.27941090319954
0.7877185236669241,0.3697359411584529,0.2715741190235852,-59.55323193630645
0.3144975652569158,4.08683752679898,0.02160921725307169,-29.9300411175231
9.682324783204268e-17,15.23934844468471,4.735469296718309e-05,-32.75367202791158
0.512124750746706,2.829975015395661,0.04625989945705944,-102.497120738936
2.96140998346382,17.71986913918232,1.279696413836184e-05,-190.4545021331602
2.731941657024047e-16,10.5338806954567,0.0005860292239107667,-13.25805199402432
1.943506964270263,6.427470198511259,0.005618425837137397,-119.6428691652645
0.3883723144052283,2.51127623106315,0.05651717920100136,-39.13477350712563
0.09885503692373013,13.58735671781224,0.000113857025333175,-29.74660776434087
0.1442003943667754,7.982451111206714,0.002361647411856682,-36.65537035655429
0.4334117327011395,2.820825500777801,0.04652426877689619,-68.4590686675641
0.6293657386034268,1.005388565074767,0.158005068247805,-51.29113599102229
0.2888114618092167,4.871837404767177,0.01364920993911084,-67.06094807828276
9.682324783204268e-17,15.54534886495284,4.027478669260676e-05,-61.95799843590659
3.17603086687411e-16,14.75817246428578,6.110832200167948e-05,-18.05688636065203
0.1040689541410462,12.67103347570635,0.000185682102732454,-22.99775710995769
1.495588252546589,1.703541157043219,0.09591276073484328,-148.3559330647614
0.5239123925438124,2.61665638698318,0.05287352715894694,-51.82994543346465
9.555848176237971e-17,18.72992778840708,7.530010597556203e-06,-38.0215469912652
0.2573199426548162,6.109439718403507,0.006723087356439783,-59.90279951462011
9.555848176237971e-17,13.85423153570477,9.877569349764359e-05,-11.87248587771637
0.2622103995770164,5.891310874999022,0.007607884925929065,-52.0357102244944
0.411421131684053,4.332809075887582,0.01869225005647035,-58.37639374469994
4.065124303784091,41.31422122823528,6.481121195278661e-11,-213.2085778726021
1.954051165880561,2.898354156128079,0.04433502262540168,-83.08417873003215
9.682324783204268e-17,14.75262825437889,6.128827120094327e-05,-33.49020948680747
3.17603086687411e-16,19.58689619640568,4.806311760530146e-06,-27.51454267676661
3.17603086687411e-16,18.72889095429365,7.534105916640055e-06,-18.89691417414094
0.2415222877164202,10.30303328968315,0.0006640586054853514,-30.13392979454899
0.2663701362137285,5.714350124551459,0.008413396063465084,-50.4086000575423
5.840566125974614e-16,10.29659368841128,0.0006663799976552864,-34.10441432728248
1.748869639239886,2.346238915802957,0.0627928408686837,-72.06523801802156
1,0,1,0
0.3944596596600274,3.623074225970186,0.02849174241603591,-32.14135544198589
0.7521095810364894,0.2679280886076469,0.3023625131643435,-95.66264089540581
1.184160920945302,0.2426878544619342,0.3111357545852838,-79.53652444196956
1.222504455518504,0.3391138386468242,0.2801705891007374,-119.7962038650273
0.1286112457570814,9.441011775624133,0.001060932025866823,-73.46294922870149
3.17603086687411e-16,18.86317765516474,7.021877204471672e-06,-28.55755185930903
0.5025762817982896,2.408984675792695,0.0603202948416568,-54.55541427484577
1,0,1,0
1,0,1,0
0.7904860943148166,0.358508579393984,0.2746678506318612,-62.14645886776099
5.840566125974614e-16,12.71311409658857,0.0001815501386973617,-31.62623563832955
3.17603086687411e-16,14.7581150756353,6.111018194632223e-05,-31.69623206510175
1,0,1,0
0.1313964091946928,9.149316971099488,0.001244054625991475,-25.43295187439016
5.840566125974614e-16,18.86340868656779,7.021026790732243e-06,-32.7495610508329
9.555848176237971e-17,15.00359566143284,5.365326182577013e-05,-12.98627171218897
1.028145822447522e-15,7.972004897713532,0.002375314643461968,-64.21738285484629
0.7954096961884259,0.3391012210095141,0.2801742370864488,-90.95836298795651
0.7874572649836608,0.3708052450322157,0.2712828337638811,-93.44141345484722
6.728744545674702e-16,15.54534886283534,4.027478673768181e-05,-65.30200549161322
0.1067143445837631,12.25059978581619,0.0002325543164709565,-33.70509139951847
0.3884831554390353,2.509490062124897,0.0565812720912276,-36.56392671807169
4.004733053112191e-17,16.11480012817583,2.980815778463874e-05,-13.92413746933075
5.840566125974614e-16,12.71324751755327,0.0001815371864569149,-33.83022692257695
1.119778441848236,0.1107232447038484,0.3696611148700228,-93.82445383980767
0.3222057899913852,7.75675586028693,0.002675599601514478,-37.466439060659
0.2708861290181669,5.531498240249249,0.009338552807656719,-41.14345629156329
0.5349364273349917,2.433456366510967,0.05938538043978941,-58.21892270415846
0.5333922701256968,1.96599700588277,0.08043669954869609,-53.61666815966193
1.245414636195407,0.4471942297355156,0.2518351951328219,-98.22288530393591
0.6383373798507537,1.409640925707464,0.1175580054071743,-66.74002344079032
0.3320818461787096,3.631091833172647,0.02835480077059926,-33.80627443813773
0.1020273375464443,13.02175444775577,0.0001539466122356115,-42.10912886007748
4.676412907705265e-16,14.86278352308891,5.781089215151081e-05,-18.22348769814389
0.9436385338697327,0.02395423857336709,0.4385007028720457,-77.77957272941602
0.4035172219546971,3.417981300811462,0.03224491407706287,-61.20170652569275
0.1897905865382543,5.207896513358492,0.01124226100600922,-31.99787203416719
0.1255834275833567,9.76071878379652,0.0008914009661187272,-33.32634039635504
0.6577989206434873,1.011681218476866,0.1572502039049266,-58.7041369333277
1.426306849885095,1.234530417629514,0.1332638927790942,-103.9372921127707
1.578415965599752,2.153613445250528,0.07111739608066248,-163.267383879001
0.9165267751107014,0.05466592398295234,0.407567232553788,-111.9055735423826
1.513673533862045,1.799087068632559,0.08991145154554614,-114.3333422601894
5.840566125974614e-16,16.04438979038373,3.09373418524439e-05,-20.09619515640552
0.3996044563153259,3.503948953346324,0.030611340779789,-60.62166843285981
0.1313705298328396,9.151953828147199,0.001242263171254199,-20.59786567568418
0.1313771351043614,9.151255726371261,0.001242737199761146,-17.06008679389444
9.682324783204268e-17,16.04434063865207,3.093814494942171e-05,-41.01559130172401
5.840566125974614e-16,8.216292207910229,0.0020757970338251,-61.61675902395975
3.17603086687411e-16,15.21078716102657,4.807630028891285e-05,-28.13119418688188
0.9020967488654157,0.07683202242009202,0.390818683414983,-87.34252672588697
1.155577444125284,0.1590121637976836,0.3450338132363604,-106.6511529084723
3.17603086687411e-16,19.58747417930101,4.804857956675068e-06,-39.0144505013963
0.1240195576702866,9.938927803709987,0.0008090988778320374,-50.33224233267487
0.3125135509292284,6.208554898340033,0.006356718666679084,-29.25297420523793
0.1331340329702687,8.974931714762747,0.0013685440554837,-38.74779238602234
1.001972125672661,1.4210854715202e-14,0.4999999524423742,-4.35874078131505
1.138921044751153,2.202682480856311e-13,0.4999998127654399,-4.46898485267052
0.5749413622847344,9.947598300641403e-14,0.4999998741743492,-5.083903605177654
9.682324783204268e-17,15.21078722079848,4.807629876724118e-05,-38.7576303811287
9.682324783204268e-17,20.22802439166,3.436927048627858e-06,-53.46390531746889
0.1364439289259683,8.667167990862708,0.001619971558337152,-70.89174633973889
3.17603086687411e-16,15.54534839700161,4.027479666157685e-05,-16.75296451464976
5.114956077737342e-17,12.71334261289391,0.00018152795536025,-13.64630238021221
0.7103916683898668,0.393618380837637,0.265201766521119,-78.22474637448644
0.2663169440533764,5.716339047768685,0.008403870172734584,-73.31729821921174
0.778544150662686,0.4905883198977392,0.2418324928956889,-75.49822539397373
0.5221614523776985,2.119569312836205,0.07271371727329234,-56.80254323550684
0.3886398449341364,3.763993572662798,0.02618368191479786,-71.26474313410817
0.6732449144760061,0.8949130959625791,0.1720746845785324,-74.77276615067848
0.131492228153289,9.139722126798404,0.001250595426267098,-39.35290727832388
0.134456246788675,8.849490144709698,0.001465853872436362,-16.60776239437762
3.17603086687411e-16,18.86628868103119,7.01043436912574e-06,-51.50859805048151
0.8666273163831635,0.1286741884360936,0.3599053328123507,-67.2916143591999
0.1245915021929581,9.876876975208809,0.0008368438692047953,-28.92147779640721
0.1286199431727856,9.440098594125288,0.001061460407727421,-76.43434745371334
1,0,1,0
0.388329608387006,2.511969456623603,0.05649232582103303,-31.09873076799198
0.131142887481319,9.174864619994139,0.001226807581704126,-65.66108798386436
0.5773916908681028,1.457993710125479,0.1136248062257306,-54.67545226966419
0.1977336856022177,9.733747841196546,0.0009045760916959189,-50.14268928810694
0.7916015220479857,0.3540468757359463,0.2759155916529778,-63.91047969438023
0.2888187381085,4.871667367396064,0.01365055485232197,-26.38395572264464
0.2485469642850522,3.258908268538917,0.03551820289864832,-32.28098624491912
0.1068604285030168,12.22258791685049,0.0002360719734801897,-36.26517907716352
0.5020737317842674,1.209390476007286,0.1357264351101005,-70.5913887349293
9.555848176237971e-17,16.09844446925911,3.006670428240543e-05,-24.4628257257993
0.1316139603996809,9.127504079240339,0.001258975011796282,-46.24420084766417
9.555848176237971e-17,18.84426254875619,7.091854770602257e-06,-28.55731652935314
9.682324783204268e-17,8.041559868523962,0.002285807663507999,-44.56744278421667
0.1028801254249574,12.8757931544596,0.0001664298123302266,-29.74777380721923
4.004733053112191e-17,14.98819226835309,5.409300035424947e-05,-5.761829552285915
1.84614889797213,4.321530822851685,0.01881652622230506,-135.5414643266506
9.682324783204268e-17,15.52951124632241,4.06136086792408e-05,-61.41696616761705
4.004733053112191e-17,12.03182037437807,0.0002614998690381176,-13.19348674978169
0.2692573739765264,5.598233940822496,0.008989295937544217,-43.1203283199382
0.243493433787626,3.383437080385391,0.03292729373904779,-17.92926924300069
0.1661121718890222,6.442649308198511,0.005570618335517197,-52.5458589667922
0.1070842198434174,12.18685023993393,0.0002406378930945863,-35.78598885606583
9.555848176237971e-17,19.56762933536742,4.855027390060496e-06,-27.14858561735661
1.028145822447522e-15,7.961715808022973,0.002388855068521767,-48.7270433044398
0.1573877884914013,7.002271126154184,0.004070318541996742,-16.85799182334306
3.17603086687411e-16,19.56566545680258,4.860020751618066e-06,-31.92737526741923
9.682324783204268e-17,16.0983774185728,3.006776883290874e-05,-35.13389124246318
4.730343101349462e-16,14.84769815554333,5.827511096545557e-05,-19.43437737223784
5.840566125974614e-16,16.1093204862844,2.989452867974141e-05,-29.04733226653422
6.728744545674702e-16,19.58093057484534,4.821342953487129e-06,-35.4887925467488
9.682324783204268e-17,12.70887264897896,0.0001819623760932476,-25.90204205482606
2.731941657024047e-16,14.85776503640441,5.796491033777107e-05,-12.3932537833849
9.555848176237971e-17,14.75324703380233,6.126816097379306e-05,-5.523700042877906
9.555848176237971e-17,19.57654884480616,4.832413373734301e-06,-15.58603592400238
9.682324783204268e-17,19.58620013517842,4.808063153782793e-06,-42.48944369611833
1,0,1,0
1,0,1,0
6.728744545674702e-16,19.56208622905072,4.869134569762679e-06,-98.45529572484183
0.08044937262370451,17.79787420624254,1.228287775301151e-05,-16.72576142353525
0.6562118809308726,1.02427156545005,0.1557539601421312,-54.31731456013365
0.1256359312709167,9.755068023993026,0.0008941451261274547,-16.9315338162033
4.004733053112191e-17,18.86363701016476,7.020186445938492e-06,-12.93693569097841
1,0,1,0
3.17603086687411e-16,10.29659368796174,0.0006663799978176566,-24.80480903542285
1,0,1,0
0.1941270387588417,5.015441269872582,0.01256111284744488,-50.41493056250653
9.682324783204268e-17,15.34207861192357,4.484810740751355e-05,-50.62711961307527
9.555848176237971e-17,15.34246825905657,4.483885884259964e-05,-19.99531655081514
9.682324783204268e-17,8.216540517484042,0.002075513006468521,-19.92690013534511
6.740639792367023e-18,15.00801368593953,5.352780058903717e-05,-5.764171597545529
0.5420485568101634,1.855477672518958,0.08657382519013646,-65.35922860746159
0.243234809981551,3.389959155231111,0.03279728701663503,-68.22824468863122
5.840566125974614e-16,19.5829674769312,4.816205403268548e-06,-91.44477406633735
2.731941657024047e-16,10.53382015072608,0.0005860484223662588,-16.01423927548122
3.17603086687411e-16,18.87364846102669,6.983438458951774e-06,-38.5206331372656
0.1940921301195385,5.016932208508628,0.01255030095053355,-17.77635165390066
2.731941657024047e-16,16.11480012819007,2.98081577844167e-05,-19.69793221521137
9.682324783204268e-17,16.11480018328956,2.98081569172215e-05,-86.88378078006245
9.682324783204268e-17,15.91179820925042,3.318186932166345e-05,-38.78747967068617
0.2509293733828469,3.201839820196994,0.03677774012732776,-48.11177460775409
9.555848176237971e-17,13.85430448473532,9.877185914786146e-05,-13.43752178711377
9.555848176237971e-17,20.22831681653575,3.436401727729965e-06,-14.3289362420556
9.555848176237971e-17,15.2107871610611,4.807630028802468e-05,-25.34547016949064
5.840566125974614e-16,8.21668101560018,0.002075352316096457,-22.22440482801493
0.2664240684451346,5.712299838277936,0.008423227509083642,-24.3921826140493
0.1240304119402814,9.937690905334819,0.0008096427306535925,-33.21727880980659
0.2692712043167313,5.597717879514576,0.00899194432080469,-35.42299010297737
3.17603086687411e-16,15.91185167056281,3.318093208171113e-05,-39.8909910195538
4.046603334792757,37.22916589414933,5.251555856844448e-10,-187.0402276914318
4.676412907705265e-16,14.8628018298544,5.781033106855293e-05,-18.92144659878285
9.682324783204268e-17,15.21078722077328,4.80762987678518e-05,-50.37622186906615
5.840566125974614e-16,15.00759902498019,5.353956339321231e-05,-50.77564828599748
1.028145822447522e-15,13.85413548929209,9.878074212160692e-05,-32.2627801554063
0.2621357363787636,5.894499162573183,0.007594124089402743,-35.7991280951121
5.840566125974614e-16,15.00787638880762,5.353169504740407e-05,-18.80626110389837
9.682324783204268e-17,12.0406245777324,0.0002602676357242317,-23.86250626431394
0.2623594415272986,5.884916149361516,0.007635562406813734,-48.45141098523865
0.2689822063154171,5.609371256532548,0.008932335970590732,-23.6588834652614
0.1353944267717889,8.758064465528655,0.001541180002587628,-25.26851799316226
0.1441833240585965,7.983592499473261,0.002360158946729252,-48.94314493879607
0.08044223648846442,17.79990331016583,1.226978568202863e-05,-14.82012418217735
5.840566125974614e-16,15.00753390819121,5.35414108158716e-05,-58.75180892789997
0.2628097784160894,5.865667036962705,0.007719503592415744,-45.69066728189213
5.840566125974614e-16,8.216670946505715,0.002075363831890442,-28.72395478688469
3.17603086687411e-16,12.71335381952617,0.0001815268675410264,-13.51052240498735
0.2628221137369122,5.865147427143647,0.007721782629219298,-23.15061396930484
0.1239130757215489,9.948705927133645,0.0008048125324530697,-38.82860062068488
0.5272570651121451,2.048306268285074,0.07618781173301659,-64.52750527782044
0.1022149290050378,12.98956484189256,0.0001566158786367455,-44.58092290705823
9.555848176237971e-17,13.854097337043,9.878274764457684e-05,-24.18694180554705
0.13542948790051,8.754827520069199,0.001543917876776435,-48.67290406023163
9.555848176237971e-17,12.71338037574907,0.0001815242897750258,-14.20336389653117
0.1331569316243764,8.972760657907216,0.001370171162220102,-51.66028065445236
3.17603086687411e-16,15.3422397676262,4.484428202411461e-05,-45.7632312525791
1.028145822447522e-15,7.972246884612673,0.002374997131779688,-74.48793684486618
0.2708223794900499,5.533956390390074,0.009325442816130014,-55.1103810134106
0.144224170419277,7.980454817080251,0.002364253044300879,-24.88935633249602
4.004733053112191e-17,18.71984661565313,7.569924522998761e-06,-12.13472235140604
0.1041429761445506,12.65943623470161,0.0001868374380243898,-17.11510726468953
0.2708839679519815,5.531588856941269,0.00933806918605995,-36.06069775878355
5.840566125974614e-16,15.00782775465657,5.353307463240586e-05,-25.3494519965645
6.728744545674702e-16,7.578670731262292,0.002953148948032058,-40.72492401791099
2.287852447174094e-16,15.00766834672021,5.353759674281422e-05,-37.71181081656157
0.1442741259977212,7.976373909306503,0.002369588702338887,-15.61022220012191
2.804502661847769e-15,13.85247623216355,9.886800105890492e-05,-201.460159753834
0.2623517705598548,5.885248810410424,0.007634120038001735,-31.35853120787761
1,0,1,0
1,0,1,0
1.18952466924124e-18,19.58150029396673,4.819905432718041e-06,-7.445898408045148
0.4720701506453794,2.203195667454338,0.06886247880612673,-75.64750345654298
9.682324783204268e-17,7.975981981900304,0.002370101780173217,-58.2594937206223
5.840566125974614e-16,15.9118247700692,3.318140367580824e-05,-24.37292966058232
2.287852447174094e-16,14.86279687891614,5.781048280900647e-05,-33.18412665741209
1,0,1,0
3.17603086687411e-16,15.21078722080862,4.807629876696362e-05,-13.73887475334925
3.17603086687411e-16,10.29659368846948,0.0006663799976343032,-20.00190302432
1,0,1,0
0.1240483275683834,9.935626122881359,0.0008105514216640852,-38.83455149768821
3.17603086687411e-16,14.75823088534836,6.110642865553295e-05,-19.86793804274296
0.5006097453241638,1.220908257810351,0.1345912398755215,-89.80678974428207
9.682324783204268e-17,8.047722445696735,0.002278044876085517,-55.18689730425702
0.393647462689497,3.642071869924493,0.02816839281908867,-43.54242288997848
1.028145822447522e-15,7.970550217275047,0.002377224245137977,-35.30482110438138
6.728744545674702e-16,8.049635789903832,0.002275640167649473,-35.19306260663781
9.555848176237971e-17,14.75823013619518,6.110645293416761e-05,-11.99500652012088
5.840566125974614e-16,15.00788084210551,5.353156872428544e-05,-18.41461440352419
3.17603086687411e-16,14.75821094949396,6.110707474249466e-05,-11.58949632801024
0.106704574064658,12.25220226372514,0.0002323546885301675,-29.31424168418983
0.1314381655244645,9.145123392161011,0.001246909104654303,-60.73846904310474
1.028145822447522e-15,8.046196290712089,0.002279964816692903,-51.56968689811686
0.1255796032617932,9.761169979512161,0.0008911822217014809,-35.31386123979885
0.1940422998799269,5.019064420817067,0.01253485549211253,-29.12826114774004
9.682324783204268e-17,15.34210500193466,4.484748096034163e-05,-57.95971943660143
9.555848176237971e-17,15.91165402408966,3.318439719068866e-05,-23.85851257650664
0.1897711597331196,5.208770048656802,0.01123661376986174,-22.22638676205806
0.5333095479051405,1.967096193136868,0.08037821118386423,-46.04962581554773
0.1311403838344592,9.175116930284929,0.001226638464307761,-59.60868201443033
9.682324783204268e-17,13.8513571392189,9.892689706009206e-05,-37.23417335485311
0.669432050547192,0.9226864370131693,0.1683852944804253,-64.35866073547717
9.682324783204268e-17,7.596297234657044,0.002924414822678412,-39.86155516947183
9.682324783204268e-17,10.29659368841599,0.0006663799976536211,-19.66432947235184
1,0,1,0
0.432659326914212,2.834379800170325,0.04613320861913117,-82.88719104147228
0.2624324614496399,5.881802633720454,0.007649075763364099,-38.98423862543549
0.4280608670892939,3.894551967621751,0.02422147922366391,-47.15645367349752
1.324825692362295,0.9363748229978341,0.1666059457883354,-131.5502950749408
9.682324783204268e-17,8.216546599754452,0.002075506049797726,-39.25654958731078
2.804502661847769e-15,7.6217218740627,0.002883469978670894,-96.54859470662986
9.555848176237971e-17,13.85419320118128,9.877770849842094e-05,-11.17937151657599
0.8008135145727531,0.3184381705159467,0.2862738812256648,-74.81558542281078
5.840566125974614e-16,15.00793375025644,5.353006794467374e-05,-11.8835719540367
9.555848176237971e-17,16.11480018369497,2.980815691083771e-05,-30.84607803651284
0.5774438906512058,1.457435764262954,0.1136692792979108,-69.61488379513825
1,0,1,0
1.349836167734433,0.8141285623728152,0.1834512241923902,-81.56617968089958
3.17603086687411e-16,18.86357914575541,7.020399406310052e-06,-32.07898523939524
3.17603086687411e-16,15.00783743807419,5.353279994402271e-05,-32.34087518237603
1.028145822447522e-15,19.58620776486885,4.808043952864161e-06,-107.1474149938503
5.840566125974614e-16,16.04429846200549,3.093883409621689e-05,-39.02578697426932
1,0,1,0
3.17603086687411e-16,14.75815374298688,6.110892874572338e-05,-17.66070660296423
0.157293385373899,7.008700083923735,0.004055727715212953,-16.80585968999299
0.1940822808685687,5.017358809725692,0.01254720912835378,-32.21476810556908
1,0,1,0
1,0,1,0
6.728744545674702e-16,16.04432558094697,3.093839098355922e-05,-46.59338673251511
0.5029318267961881,2.403360811754482,0.06053744394725846,-70.2536790072237
0.2663756084800701,5.714229269685234,0.008413975253182993,-35.87404687324493
0.525472969937089,2.072924632301351,0.07496688061264012,-120.5904226770064
9.682324783204268e-17,16.04437154630894,3.093763994249654e-05,-19.40211106319264
0.0804459163309111,17.79886527527156,1.227648148011129e-05,-13.06322557995727
0.5419863098495791,1.85624326776221,0.08652950397456594,-45.66622219701474
0.1976519314975215,9.740450960076402,0.0009012833461437553,-30.23836213663783
0.3936436883901423,3.642157355559647,0.0281669466426907,-70.42742066147322
0.1442107378848561,7.981573755555754,0.002362792206464626,-15.61166328903109
0.1331511328300871,8.973441313390438,0.001369660831137376,-23.83463962302415
9.555848176237971e-17,19.58689452486996,4.806315965610874e-06,-14.49836454132231
4.676412907705265e-16,15.21078722080861,4.807629876696362e-05,-20.2678042805007
9.555848176237971e-17,10.2965936883776,0.0006663799976674989,-12.03667998627736
0.2512220856568896,6.385145450448931,0.005753966532084598,-63.0301427686239
9.682324783204268e-17,10.29659368845037,0.0006663799976411866,-33.31981561837166
0.1286028073426762,9.441897520436214,0.001060419774166377,-92.00605924191126
9.555848176237971e-17,13.85423160368233,9.877568992450181e-05,-19.73221722517255
5.840566125974614e-16,10.29659368842668,0.0006663799976497353,-26.60187469537716
2.287852447174094e-16,10.53490585594348,0.0005857042468279672,-33.72625136069227
0.406468103104564,3.352757267675429,0.03354627196483162,-53.42246982538909
3.17603086687411e-16,14.75824951115689,6.110582503116024e-05,-12.69212912092248
0.2483488392675641,6.52518328797558,0.005317879405368042,-37.04240816406121
5.840566125974614e-16,13.85415479966747,9.877972706201499e-05,-25.10142083446766
9.682324783204268e-17,7.578659692503066,0.00295316703299936,-40.43478732218326
0.2664150615958221,5.712665808051867,0.008421471757975807,-27.54005798790992
9.555848176237971e-17,18.73057853386675,7.527441405363877e-06,-27.85153535540134
0.1354688295392762,8.751204250455196,0.001546988373861746,-14.11741972854309
1.223901343052927,0.3428652805915817,0.2790899892660643,-69.32770204161083
1,0,1,0
0.7551147998086322,0.5198048671391007,0.2354624660105522,-58.67336374236083
9.682324783204268e-17,19.58054270945436,4.822321865494139e-06,-70.36122210937464
0.1311267888994135,9.176489409219243,0.001225718939645404,-42.67366245866526
0.2886034020599225,4.878870093033214,0.01359370532350945,-74.8778499525031
2.804502661847769e-15,7.980886357915153,0.00236368953423638,-74.4856112541473
0.1353866912009723,8.758874913839733,0.001540495281423582,-22.83423589193978
0.1898210836090996,5.206530833659286,0.01125109575377276,-23.09762402713611
0.1313749626888576,9.15148067850231,0.001242584431614013,-32.45403714014982
0.4111011156606424,4.341637222049002,0.01859557192843297,-77.00136399264524
0.9429399801278054,0.0245880039065014,0.4376990199562328,-74.86251487741677
3.17603086687411e-16,10.29659368848382,0.0006663799976291407,-20.69395440415693
0.4866759467638667,1.336048298413132,0.1238660314333581,-30.2243523179671
0.1344556056681157,8.849517824167322,0.001465831642777027,-27.93224825806958
9.682324783204268e-17,8.050520798284978,0.002274528755563665,-23.28429940459225
0.1240157167188333,9.939368811510093,0.0008089050602709813,-18.35946048288575
5.840566125974614e-16,14.86254465931481,5.781821357497829e-05,-40.30692755258231
5.840566125974614e-16,10.29659368836056,0.0006663799976736051,-18.56588642953334
2.731941657024047e-16,10.53406058796298,0.0005859721845788424,-15.31919139341561
0.2628860331471667,5.862419143846118,0.00773376040736945,-27.78917967267921
0.52494834297959,2.080139385978796,0.07461327455777778,-58.64872639615241
4.730343101349462e-16,16.1148001837155,2.980815691050465e-05,-16.83851976710969
9.555848176237971e-17,20.22814626555468,3.436708100879038e-06,-18.9125764131731
3.17603086687411e-16,10.53500698719543,0.0005856721979845547,-29.72667710269567
0.4967745754731628,1.251799845660486,0.1316044974087329,-71.72275923987287
0.5248920169047092,2.080920099708209,0.07457512375890157,-50.58386211698925
0.5013738566301027,1.214888159595091,0.1351830953648144,-89.04363578358573
0.7867472746393663,0.3737273197691877,0.2704897683237765,-76.47733557394859
0.1311347209838087,9.17569937571151,0.001226248155770826,-16.28112379373385
9.555848176237971e-17,12.04409290798742,0.0002597838201736091,-15.14160648001203
3.17603086687411e-16,7.972475272233709,0.002374697503404577,-19.77770302864834
9.555848176237971e-17,19.58712664224182,4.805732065793489e-06,-15.59978992285201
1,0,1,0
0.134455835905105,8.849541208289637,0.001465812863012839,-16.68797136848065
0.09879507701837914,13.5982464505954,0.0001131984521117735,-42.7993057062363
0.1572539136369797,7.011240555980834,0.004049976750164996,-29.18500121413309
1,0,1,0
1,0,1,0
3.17603086687411e-16,16.04435337591597,3.09379368314544e-05,-26.00065400934784
1.028145822447522e-15,12.04409273798012,0.0002597838438666011,-32.08789725789799
2.248964834070826,7.918242497575136,0.002446939486988153,-151.0135000521957
1.242380740384274,0.5252526105912807,0.2343048138779412,-116.9598426262179
318.4915670365625,22.76474625951224,9.154688789259069e-07,-21.03616538792833
0.9963788804984437,2.842170943040401e-14,0.4999999327433606,-4.534474140211881
0.4601191689918187,2.02592671768393,0.07731728355664624,-63.74176141262387
1.028145822447522e-15,7.851766157804647,0.002538554214269628,-60.65824659256159
3.978218796695255,18.03884660730751,1.08221470881964e-05,-180.8862743926672
4.730343101349462e-16,16.04436789099114,3.093769966705517e-05,-19.7605499325422