dN/dS,LRT,p-value,Log(L)
1,0,1,0
1.173494682694213,0.1453099694597597,0.3515291133508235,-81.05489756139821
1.012048482424604,0.00085561574216797,0.4883322390955392,-58.46900917144625
0.4283290879437453,2.915251965121357,0.04387285338580427,-28.17215050445549
0.3383436336724464,1.742189029637061,0.09343085057662509,-33.67137217412085
1.611979525694204,1.756673992974612,0.09251995679605901,-72.67581779562705
0.7154851135775456,0.5019913084273071,0.239313231470933,-43.00857805524022
1.336442283417249,0.3056745656467683,0.2901733270061623,-78.98835909031159
2.449231293967717e-15,5.90453755860041,0.007550964964383788,-35.30587234397273
0.7862100538165273,0.1879681369970001,0.3323065635440095,-47.41870361011134
0.1790219794787068,5.724366687080593,0.008365534941332298,-15.55973456794004
0.6388168098754261,0.7026476546730009,0.2009477357744947,-30.46253753334277
1.012208731990774,0.0008783428058478648,0.4881783385670207,-55.84010030187327
1.076086338110011,0.0314271856984476,0.4296453515447176,-62.72231876232183
1.012649737111456,0.0009423974205162722,0.487754996843045,-64.05141943561625
0.3602102828619359,3.015266300871026,0.0412419531434679,-23.68179592529285
0.8431987033344919,0.1538076092357983,0.3474614532006329,-79.15123379942858
0.169264306582391,6.254343326936311,0.006194458259050628,-15.38617307467735
9.555848176237971e-17,11.16470712086043,0.0004168406456269147,-13.01799054623664
1.028145822447522e-15,5.588248580073845,0.009040683237751868,-19.51879101379246
9.555848176237971e-17,11.73748367641591,0.0003062689278143238,-6.041468512435467
0.1429819931853612,8.085862378302323,0.002230594861430124,-12.98848082503525
9.555848176237971e-17,14.32458475894595,7.692127957575901e-05,-6.613563083272587
2.731941657024047e-16,7.612056326524804,0.002898966414341897,-11.1320070514152
0.175400584945226,5.91545027030643,0.007504333277076281,-22.06217475492305
5.840566125974614e-16,11.86524039342807,0.0002859569375363025,-51.43845877957909
3.17603086687411e-16,11.10355749756268,0.0004308114020139531,-11.68876614250607
3.17603086687411e-16,11.1034427084761,0.000430838067917716,-25.47852092831222
5.840566125974614e-16,7.716398352496931,0.002736072843161852,-14.47407168245328
0.1791018533595953,5.720276530810359,0.008385044506947048,-30.21669155104093
0.1694781500413993,6.24198941689756,0.00623781304914206,-16.66860307696565
5.840566125974614e-16,11.14989151463899,0.0004201829376022093,-18.40020509246967
0.1786503094155789,5.743447991978258,0.008275136067673494,-32.50115823949815
0.1694660957852213,6.24267468421359,0.006235400026058491,-21.01221636323507
9.555848176237971e-17,11.14989147585781,0.0004201829463863493,-12.31846053042611
1.072733132926524,0.02883860839619956,0.4325761081850218,-73.59580647750113
2.804502661847769e-15,5.897654303565403,0.007580531551679925,-50.00860015525802
0.3668042416371051,2.888315654362884,0.04461208073022704,-40.50573633616608
0.5866102217146666,1.02570468411281,0.1555848266891101,-38.41062039402428
0.1802118881447079,5.662497616771336,0.008665712695468564,-13.5772282033762
5.840566125974614e-16,11.20280804687166,0.0004083682246848741,-11.58637058127542
0.1790219772771188,5.724366896156198,0.008365533945263681,-15.55929711776225
9.682324783204268e-17,11.20280668989128,0.0004083685233134959,-18.36981698163366
9.555848176237971e-17,11.16470712086261,0.0004168406456264151,-11.91503036970422
2.287852447174094e-16,11.40452165977426,0.0003663278143187787,-30.88090182614896
0.2252232796450903,3.894917129926931,0.02421621424981818,-30.88717461355418
1.0722894052027,0.02850393433915599,0.4329647545772333,-62.47786372003507
1.081396083731124,0.03571284922699647,0.4250548589712121,-89.3739111936667
1.676156644115411,2.032588603871972,0.07697909296254302,-99.77844362750307
5.840566125974614e-16,5.904299740063649,0.007551984515448251,-22.35567649957218
0.3661620495401243,2.900435024966278,0.04427782531349267,-28.51968921684513
1.530391701926954,1.417326066164293,0.1169220106822038,-86.56720193093153
0.3915538230011703,2.460386922488837,0.0583750098851421,-43.33820860825107
0.1753871914264837,5.91615243147541,0.007501343008829153,-35.98540280437226
0.7208785041805296,0.478279626377855,0.2446013051520653,-60.04852362251281
0.6978808210542827,0.7308653277005419,0.1963014229457213,-73.85345359735159
0.1959612541557746,4.938374079561633,0.01313336700195206,-28.19429326427996
2.804502661847769e-15,5.901306841509381,0.007564827486998216,-67.54497778949288
9.555848176237971e-17,11.75261552496763,0.0003037889902465785,-13.01564681457752
0.7844416109906444,0.25547549671235,0.3066228648682523,-37.68767565708387
0.3387067420098611,1.737921431423352,0.0937012054138629,-30.37022178742604
1.028033973846123,0.005291989152922838,0.4710040977755252,-62.92662935928459
0.1393652049943375,8.400065230447098,0.001876037729985625,-34.42016572502816
1.251491772402796,0.3266190116794689,0.2838283757489249,-72.04720750768425
0.674407504311531,0.7097492217655343,0.1997635384037955,-37.11532448105375
0.1744542855540935,5.968022848740986,0.007283802744766588,-17.46194913635998
9.682324783204268e-17,5.964884238238909,0.007296779332282677,-45.89866153198751
0.1753894071325015,5.916204639305025,0.007501120722257615,-15.66050170066393
1.028145822447522e-15,5.964307069130768,0.007299168227808683,-34.65967252086431
0.4183901812636405,3.108343669760359,0.03894606758259295,-45.6543629928612
0.7834967351947745,0.2581266132633289,0.3057050637665325,-37.35229513230959
5.840566125974614e-16,11.75789123864965,0.0003029291364716191,-33.64682924624228
0.7208572064868588,0.4783708765434938,0.2445805853754245,-49.59083980847354
0.1834009635649194,5.505976184055598,0.00947579941544141,-21.70599007486835
9.555848176237971e-17,11.87068458564623,0.0002851222377789342,-6.527107687695976
0.1393498777228388,8.401422037800373,0.001874638010200158,-40.6407132021329
1,0,1,0
9.555848176237971e-17,10.89841321533028,0.0004812333674730773,-26.6302379384813
0.3384617790227615,1.740719904927403,0.09352381797322407,-45.66223092133805
5.840566125974614e-16,13.79480074318018,0.0001019498594255763,-34.73070607847512
0.1799830013794099,5.673927552203459,0.008609431292730396,-27.52412954109072
1,0,1,0
0.1830814297968951,5.520078413949477,0.009399708039664667,-50.91689357118027
9.555848176237971e-17,11.75794034022734,0.0003029211452832414,-13.29079035026248
0.5493637427460853,1.325094227870707,0.1248399192518144,-51.31639020380202
1.562786176161154,1.034183949046692,0.1545890001127451,-53.55201907631268
0.556203751558741,1.266387524177318,0.1302227367450535,-45.49849524538736
0.6762963422863493,0.5244069608260418,0.2344839140802063,-49.26382510467042
0.3581702076034906,3.056609623323183,0.04020464260578016,-23.03502918118355
1.353752749269069,0.6636469637091409,0.2076376864296547,-85.76480298376977
0.9459361283815038,0.02199277241908248,0.4410531641077096,-69.17420562107463
0.5185709734018888,1.085271055345174,0.148760685214638,-32.41671961670978
2.804502661847769e-15,5.257962916652602,0.01092328745073989,-4.551748554178219
3.17603086687411e-16,8.875856549817435,0.001444833155249792,-20.54047135703385
5.840566125974614e-16,7.628831732219709,0.002872124947823129,-12.25083974076471
3.17603086687411e-16,10.89844322999875,0.000481225569745336,-13.27069317040667
9.555848176237971e-17,11.20280805911193,0.00040836822199114,-26.99913271407877
9.682324783204268e-17,10.91804530554425,0.0004761601941234428,-24.63111909579383
0.3581603733029121,3.056814404180322,0.04019957520113893,-23.73333672359572
1.126319814515882,0.06792142381988242,0.3971937889882181,-62.57549056812489
0.8108854784281331,0.2826367233288636,0.2974890999473928,-55.04185117334026
0.2589686069296672,3.017248787627292,0.04119155852216488,-14.32882467686204
0.676170352730219,0.6995036614036962,0.2014752607597114,-40.30277258554668
1,0,1,0
9.682324783204268e-17,13.79180720178498,0.0001021124342637236,-19.03855507624505
6.728744545674702e-16,11.164707133043,0.0004168406428896598,-33.17741450643369
9.682324783204268e-17,11.75792068899621,0.0003029243434581885,-19.8445467924473
9.555848176237971e-17,7.628831732219727,0.002872124947823074,-12.25108792141835
1,0,1,0
5.840566125974614e-16,13.79192664978349,0.0001021059422180448,-28.92378302575823
0.6779198842156511,0.6896418706619727,0.2031431102662706,-61.28159309377348
5.840566125974614e-16,9.396991655922278,0.001086708857820806,-19.0839927198407
0.5506141221007943,1.313758245120027,0.125857665209582,-72.47576097459428
1.193362824348611,0.2059185465496682,0.3249926945099872,-66.69961645051744
0.5244838580390185,1.043238020987005,0.1535347939752591,-24.84768095509739
2.287852447174094e-16,10.91804234508832,0.0004761609550507639,-23.57692392211206
5.840566125974614e-16,10.91797982254236,0.0004761770255354292,-49.23931997585964
2.804502661847769e-15,5.901586289714288,0.007563627381802773,-47.23254106058668
0.1461190265137776,7.831890867180945,0.00256661861622981,-35.24227501387555
0.183039699797535,5.52216369823789,0.009388510166841113,-45.19402834314334
0.3237572470472627,1.919310690867924,0.08296633466973363,-29.23489375670155
0.6703509496920627,0.3667646427116722,0.2723865592185459,-46.74950741845392
9.555848176237971e-17,14.83108433535233,5.879070763209482e-05,-12.86565701169391
5.840566125974614e-16,7.716149021435342,0.002736450750307207,-15.16898616165
0.3564385638475284,3.091459000866429,0.0393521051202666,-30.74005125298813
2.287852447174094e-16,7.717213585677399,0.002734837578532323,-20.27580751278822
0.5189574351014232,1.082496218347544,0.1490699027137846,-37.43117972789108
5.114956077737342e-17,9.397106941463989,0.001086640527126426,-5.782696027286203
0.7333700169804018,0.4267921791961271,0.2567835948064578,-34.02946119644696
0.5626261044093733,1.615399074908311,0.1018672581246305,-75.39048801097341
1,0,1,0
3.17603086687411e-16,10.91793764604218,0.000476187866683353,-28.0754395047545
1.278175076239988,0.4987236915538347,0.2400307292527456,-76.30430946775242
5.840566125974614e-16,9.396875500279116,0.001086777708638964,-24.31269664566188
0.1743981257476572,5.971072311370463,0.007271217491794379,-44.1724072615856
0.3915496204795538,2.460448633595689,0.05837271655781612,-44.36544862461727
0.7166430067996725,0.4968683546647696,0.240439690702834,-35.10997373784271
0.6748863722614912,0.8838268148195993,0.1735778418228436,-51.95190134729118
9.555848176237971e-17,7.712362020305532,0.002742197195612361,-5.976219030336678
2.804502661847769e-15,5.257152684323785,0.01092837411933911,-4.551748554178219
0.1746139868608738,5.959371306749155,0.007319630196268134,-24.72596955552261
0.9031183024233642,0.05360696399613119,0.4084508505739355,-63.54670752285315
0.351396894091439,3.196355480590213,0.03690128243068186,-22.4522158521231
6.728744545674702e-16,11.79451743466088,0.0002970270418324317,-39.61586091219998
0.7434504875722123,0.2913238529631315,0.2946867103062416,-95.24342578060967
0.7224535796239737,0.4715495957969296,0.2461375722803824,-55.99880831594309
0.1956665154942934,4.950703919554471,0.01304002380820024,-25.42344837991553
9.555848176237971e-17,14.34955923491189,7.590761597858764e-05,-27.69723110487931
1.429767516232201,0.9088166576262324,0.1702142946897328,-74.94239063397899
5.840566125974614e-16,11.16470713290715,0.000416840642920191,-42.33431361591326
0.6741945941507206,0.7109649277477388,0.1995618326647413,-63.47786073364497
1,0,1,0
5.840566125974614e-16,11.75790095680436,0.0003029275548435684,-34.33773981996079
1.223892849482225,0.2670913520421152,0.3026448127212846,-62.29333737972447
0.8780444654333739,0.08823565884884488,0.3832161238831768,-47.47091182926994
1.012476154240458,0.0009169178037922165,0.4879216140213268,-56.07906280235262
0.2899338161119945,4.837483612316731,0.01392375106369553,-54.70537446673196
1.182687137343588,0.1861357612756365,0.3330762204051236,-61.44048339849565
0.587292416165949,1.020763561673306,0.156168979343814,-57.71789840096373
0.8100374484400897,0.2855638778490999,0.2965387139514979,-61.24676521771075
5.840566125974614e-16,9.397020708663163,0.00108669163761016,-19.08239354039623
0.2621407154475069,2.947057729067808,0.0430170310245736,-23.36634444222219
0.3920455987477937,2.452613432240554,0.05866468829259136,-33.51750259055542
1,0,1,0
0.3570137706711859,1.540473598996144,0.1072736623664139,-37.3552751901234
0.1431225810141916,8.069131563205033,0.002251284562928002,-39.89904661253629
1,0,1,0
2.804502661847769e-15,5.904153783492262,0.007552610315590402,-47.2013244104235
0.5357801301864975,1.452097129888998,0.1140958741196021,-46.84980306233059
0.5878452007038828,1.016825288871615,0.1566366225167256,-41.02321095010774
1.178651445739379,0.1531648133516512,0.3477645557794527,-85.05099029877604
2.932153002153464,16.62465875075696,2.277744122752834e-05,-184.8544265560043
3.629379410817304,22.49231355108719,1.054930804378351e-06,-163.5401858720872
0.2590962191437219,3.014425424598386,0.04126334823539635,-29.05695837466711
9.682324783204268e-17,7.628831731968681,0.002872124948222865,-30.41823635777591
1,0,1,0
0.3916400900187621,2.459023566667028,0.05842570073419601,-56.26739555141096
0.1851925300225435,5.422818727712645,0.009937624130914702,-26.36111422489089
0.9469477338270407,0.02114697197944793,0.4421896433991039,-79.02498318226456
1.176504406826403,0.1498773188968983,0.3493263121718783,-69.57515732239845
0.2251962210316678,3.895749008049734,0.02420422459579386,-35.27750125469103
9.555848176237971e-17,7.62883173223549,0.002872124947797983,-12.94527999706173
0.1832807821032154,5.511274275060387,0.009447138154958179,-49.83126516288392
3.17603086687411e-16,11.10355887705506,0.0004308110815632316,-11.67709571330536
0.1692368225466402,6.255838624583795,0.006189231708301213,-19.90554414854707
0.1956886757938331,4.949823945572092,0.01304666276090793,-20.71717736013751
1.397828074478383,1.004193980947065,0.1581489054638601,-94.34817215392655
3.17603086687411e-16,10.21216230378721,0.0006975874912175661,-11.21539381701979
0.7332860777798493,0.4271231446062416,0.2567019821330908,-46.10578842417309
0.8937377666751839,0.06541290105553799,0.3990682898367073,-76.57166555239726
2.804502661847769e-15,10.77705380417396,0.0005138306194960585,-68.04952602378197
6.728744545674702e-16,11.20280805900208,0.0004083682220153428,-42.72342816555872
5.840566125974614e-16,5.9049227076489,0.00754931409384757,-29.18561265551577
2.804502661847769e-15,5.253363328220624,0.01095219642478951,-4.551748554178219
5.840566125974614e-16,14.33027741980617,7.668903303414965e-05,-28.60350025407582
0.5513045331638404,1.308271505527173,0.1263539236742824,-42.12979698801594
2.287852447174094e-16,11.39107636825694,0.0003689887854761431,-18.22950637140021
1.028145822447522e-15,11.40457982881536,0.0003663163442464423,-32.22778669126546
0.1743841206974739,5.971829569714394,0.007268095727488433,-25.52748464588921
0.9018456727259565,0.04413806974545764,0.416798472089236,-65.30271692050518
0.5378107765417683,1.432530101529778,0.1156759840497698,-47.40963189782511
1.083320508471723,0.04980983068747946,0.4116972567161102,-71.85422468845866
2.20647865019772,6.344146821329275,0.005888461948202584,-113.7830599144975
0.1693716040231805,6.248105434688675,0.006216310677784054,-29.30286449575557
2.287852447174094e-16,6.170660120337629,0.006494306741188116,-19.99927366661352
5.840566125974614e-16,6.172272024791866,0.006488392372706209,-18.2097238072988
0.9468064192942931,0.02126311818031468,0.4420322229037461,-108.9581477550895
0.5571274083801601,1.258467224647532,0.1309707118113104,-59.39387850189181
9.555848176237971e-17,7.621845139902344,0.002883272897449773,-11.82834603856087
1.028145822447522e-15,6.173000551291736,0.006485721094358188,-20.31467747229924
0.1801293568163258,5.666652047956113,0.008645212344447317,-15.11496939399537
1,0,1,0
9.555848176237971e-17,11.79392364828175,0.0002971217948896099,-5.253964674978829
1.52986112554135,1.415811011645246,0.1170470612378835,-82.72170931882829
0.2621298255975607,2.94729332849823,0.04301075939685467,-14.53465468040105
0.7144763543090683,0.5064835668755734,0.2383325340733042,-45.00181006329453
0.2127579138690222,4.301207021355289,0.01904266684936196,-22.06928597812031
9.555848176237971e-17,11.20280805904949,0.0004083682220049067,-25.60203840981271
0.4185062538947547,3.106032518425764,0.03900137806007192,-88.80554696977752
4.731132173784014,36.60831897641589,7.220704589805393e-10,-205.5298137429816
9.555848176237971e-17,7.716215793317701,0.002736349540003902,-12.474880443382
1.7672524248827,3.239101157737679,0.03595003705762101,-87.17151457046002
0.2620789002889397,2.948383410676563,0.04298175442034874,-29.92889317617664
0.1348013851257047,8.819619700469346,0.001490043840392696,-21.68447248501931
0.1956698543452932,4.950654398567167,0.01304039732544182,-35.14093808006599
0.3920385806770354,2.45275304944289,0.058659471484375,-43.05738665338525
0.21277203384018,4.300587129710358,0.01904960890991314,-28.68965594239318
0.3918174443884702,2.456145115347169,0.05853288404580803,-57.78781776172789
3.17603086687411e-16,11.46593364400503,0.0003544180519842177,-60.6023307958995
2.731941657024047e-16,10.91812867890697,0.0004761387651361915,-11.34643804059517
0.1426492139665571,8.113231481501089,0.002197166092301028,-22.52825316628445
1.352180365049659,0.6588146359443101,0.208489366770707,-110.7835917065792
0.1429598774376827,8.086584580401251,0.002229706141680721,-21.84804508121528
3.17603086687411e-16,13.67781699325369,0.0001085013620611974,-24.41509360160985
0.3489728606235591,3.248583803709906,0.03574259870383556,-51.23171738112627
3.17603086687411e-16,10.21216229038236,0.0006975874962879547,-11.21507247604444
0.1783513490797121,5.758856001018501,0.008202875074145743,-36.89895410588273
0.4217509699526213,3.042042393190286,0.04056688918440815,-42.83926800196707
3.591264187938727,23.30577805389316,6.909212920680474e-07,-151.1445168338659
1.623121150635938,1.002159588784195,0.1583942571508405,-63.39279418127283
9.682324783204268e-17,10.91808703347866,0.0004761494689048962,-25.73040322811577
9.682324783204268e-17,14.34907879270867,7.592698869596237e-05,-20.33690590587725
3.17603086687411e-16,13.67664682999833,0.0001085689943765011,-12.80779546320975
0.2193084391069944,8.160090661681153,0.002141111529936901,-21.83876118613113
0.3601590240232517,3.016192287254952,0.04121840638085078,-36.00555670119702
1.028145822447522e-15,7.628831732170426,0.002872124947901622,-25.63272770459391
1.309723689244006,0.3325365394363331,0.2820846426743523,-44.11541854060072
1,0,1,0
0.3583554585113047,3.052923511079143,0.04029597515949002,-23.73299427614077
1.015278124724147,0.0006853053391182584,0.489557547181953,-76.00800086134895
1.074351089850697,0.03007541279802695,0.4311596144616368,-59.87091903301086
1.285199568362354,0.4049246412535865,0.2622784318026963,-103.5692876864803
0.1744059100166824,5.970649740383294,0.007272960122121974,-50.94794473183992
9.555848176237971e-17,13.79192823128744,0.0001021058562654664,-20.56816591449883
0.6777395478326225,0.6906652588181856,0.202969096865421,-46.32862623068772
1,0,1,0
1,0,1,0
0.5377420663155525,1.433187844432325,0.1156224422270643,-37.80873524885062
3.17603086687411e-16,9.3970498544173,0.001086674362546614,-12.35120989871042
9.682324783204268e-17,10.91800344125909,0.0004761709546333703,-31.12530956093947
1,0,1,0
0.1790642723705266,5.722201545923362,0.008375856571842921,-18.14824767571232
5.840566125974614e-16,13.79204956390301,0.0001020992622214334,-25.53033072696303
3.17603086687411e-16,11.0992926457176,0.0004318032632723567,-12.37163099641588
2.449231293967717e-15,5.904442512946602,0.007551372417285651,-50.05290324093657
0.7167139868308033,0.4965589028068109,0.2405080126350206,-67.63142959210917
0.7139980658730772,0.5086228159622692,0.2378678185154312,-51.81395677576275
3.17603086687411e-16,11.46593364208741,0.0003544180523499252,-51.69998286633376
0.1461729309991709,7.827557915480945,0.002572778715945856,-26.24811581122703
0.5245612846319068,1.042708677993645,0.1535961704379839,-35.20372203717285
4.730343101349462e-16,11.87068454975956,0.0002851222432729283,-13.14813060434446
9.682324783204268e-17,9.396991825575228,0.001086708757262855,-26.10592311619696
1.183061713093222,0.1868209737175164,0.3327878849649213,-71.42809852428566
0.219360503995392,8.156737998389474,0.002145073307007139,-19.75639781104253
0.3663004213533586,2.897756682735178,0.04435146030691711,-39.97117664644847
0.7329243315965547,0.5359336952136857,0.2320614189811492,-50.4899500880089
0.3601556740295422,3.0162840055971,0.04121607487955792,-35.71864935191157
1.522154855989984,1.384547912692199,0.1196639944593727,-79.7977647682733
0.8729988846317875,0.115667374804076,0.3668909625117135,-63.52764979921905
0.4506656073791823,1.685626738816865,0.09708923298620986,-32.32648178494213
0.1392936253205563,8.406405232226405,0.001869506318032121,-28.3925126881598
3.17603086687411e-16,10.8984038300074,0.0004812358057801891,-11.65792741836426
0.5508671340717582,1.311546078106176,0.1260574601345591,-37.59713687568256
0.366838810433587,2.888442630150863,0.04460856455649415,-46.54708582742816
9.682324783204268e-17,7.716059549970836,0.002736586373765837,-20.35488727588414
0.1692495596460026,6.255092504299007,0.006191839074396577,-26.33894359116581
0.8966192902696521,0.06165037818031749,0.401953106140752,-48.21637237696949
1.402410879482807,0.8188529889644087,0.1827578692468982,-81.81607086229711
1.2505101819586,0.3244219193955473,0.2844811366350848,-128.3534179698185
0.7042889614772267,0.5536408147622751,0.2284169317260518,-75.96591986806023
2.041526455372484,4.870555909512632,0.01365934934101992,-98.35057506320065
9.555848176237971e-17,11.75792031829285,0.0003029244037893175,-19.34566314223252
0.5402754144186345,1.408632087087739,0.1176418036959032,-59.22721674807106
9.555848176237971e-17,11.16470712086261,0.0004168406456264151,-11.91520427899951
0.1790292026561301,5.723996935295176,0.008367296687575521,-15.95753131607798
9.682324783204268e-17,11.75792066652599,0.0003029243471151521,-27.7831354477467
1.028145822447522e-15,6.178385817909458,0.006466010039263226,-55.80441495736379
9.682324783204268e-17,11.16470712085935,0.0004168406456271367,-20.20715497514129
1.223913419692569,0.2671349432605439,0.3026300920178565,-84.32796180404733
1.765993280360342,2.421770068125085,0.05982982666652564,-106.7125736945337
3.17603086687411e-16,14.34943973161017,7.591243420690397e-05,-21.44536904709425
0.1683946514512768,6.306466593775092,0.006014917770028938,-29.82020440671311
1,0,1,0
0.1800025419572904,5.67292379101518,0.008614358706805714,-32.98362538384482
3.17603086687411e-16,11.16470715969596,0.0004168406369012279,-29.0795753438598
2.287852447174094e-16,14.83096827567539,5.879432555561115e-05,-40.95191175116209
0.1854723387317996,5.409553763572418,0.01001341739786671,-61.8385649283774
1,0,1,0
3.17603086687411e-16,9.397079795123844,0.001086656616594572,-13.02833522780283
0.9365328948299791,0.0131604094407578,0.4543339950368263,-61.01593643789021
0.1799565672286526,5.675160962011731,0.008603380526771842,-46.96885545705695
0.6280432341908905,1.059491858288098,0.1516655544752493,-53.77291913295701
0.7033656789865966,0.5580964571332316,0.2275141136320224,-37.48824484603769
0.5290580716319271,1.519509522064908,0.1088468661656147,-59.79525998477671
0.5506097619316188,1.313964650957217,0.1258390432288573,-58.14713542016738
5.840566125974614e-16,11.16470712088273,0.0004168406456219187,-20.81893398716167
0.1834024651007274,5.50590518969393,0.009476184085457418,-15.55863348524338
5.840566125974614e-16,13.79455961115639,0.0001019629452895798,-33.22671821618968
0.9809551492048287,0.001855878795907984,0.4828189162697145,-59.10893917175267
9.682324783204268e-17,11.75791084623861,0.0003029259453483091,-19.43939244843392
0.17442223504368,5.969765822089585,0.007276606681810405,-42.97327166188848
1,0,1,0
0.5242847944587546,1.044613989812021,0.1533754013576281,-29.94128907603678
6.728744545674702e-16,11.19978706011609,0.0004090335957566138,-24.64371825002497
0.1957324176919355,4.947928824231866,0.01306097240925208,-34.1166255090384
5.840566125974614e-16,14.82428073984524,5.900317478779726e-05,-26.21435664726562
0.5388869769786413,1.422265953914788,0.1165153990310543,-39.05584802632899
0.3920833385777756,2.45203694291326,0.05868623429317721,-25.05675029805169
0.3355531119043558,1.774630723015861,0.09140501370402804,-25.38032632764692
0.1463508547027918,7.813445199308433,0.002592947244467125,-20.77205958345397
0.6779726544595107,0.3449354788325252,0.27849706492036,-55.44340076850263
9.682324783204268e-17,11.85443742048436,0.0002876205543269617,-23.44736181881086
0.1794634418315183,5.70184478471144,0.008473545738597932,-45.07377371715255
9.555848176237971e-17,13.77281162084375,0.0001031501611880592,-14.76520380703093
1.028145822447522e-15,5.956143694003416,0.007333042690381375,-35.74600125084697
0.1406921501476124,8.2835612354611,0.002000279519872306,-28.17287810999713
9.555848176237971e-17,11.08386123536229,0.0004354114168088619,-5.1217622506673
2.515895957520297,8.938006821411761,0.001396486608627512,-125.7563227758843
3.17603086687411e-16,11.45017867843376,0.0003574356272952328,-39.76269348409714
5.114956077737342e-17,8.865253118380721,0.001453249727288664,-6.546087825263591
0.3674382270201011,2.877180542387649,0.04492160283381141,-41.85791361879318
0.323982559596418,1.91645404672817,0.0831240458456507,-16.93917173787824
0.2254805680759973,3.887077122670348,0.02432951877765016,-45.67068005693584
0.1463564262671684,7.812944463076427,0.002593665801196465,-26.94006219006512
9.555848176237971e-17,14.32983736475102,7.670696098671659e-05,-26.24329101525612
2.804502661847769e-15,5.89424537363341,0.007595218517681912,-34.88667534034745
0.2130379564662762,4.291501984120384,0.01915165678319675,-15.93986656321681
9.555848176237971e-17,14.32959557497642,7.671681335885694e-05,-14.21774745390344
3.17603086687411e-16,11.85436922908186,0.0002876310865214116,-28.28744056046562
5.840566125974614e-16,10.88378169727275,0.0004850498479305188,-11.47536478455775
5.840566125974614e-16,11.86524041823039,0.0002859569337280154,-20.5217714738954
3.17603086687411e-16,14.34297869071082,7.617339451115868e-05,-28.3664842643596
9.555848176237971e-17,9.392683432898597,0.001089265504198855,-11.83723463922924
3.17603086687411e-16,10.89340463098903,0.0004825363749451639,-11.65781185704207
5.114956077737342e-17,10.9131602312702,0.0004774174812995913,-4.849220287725039
9.555848176237971e-17,14.33842990452835,7.635766088492923e-05,-14.21040724387149
1.028145822447522e-15,14.34907820846942,7.59270122571154e-05,-36.63380797511348
1,0,1,0
1,0,1,0
1.028145822447522e-15,14.34247353898189,7.619383553564285e-05,-74.40825243955977
0.1096196213663731,11.81100992698561,0.0002944074212044567,-16.38020551776545
0.7141803112305817,0.5078067848756262,0.2380449132820663,-45.76348583924579
0.1693437290175804,6.249739308369676,0.006210579290611418,-15.96350466602973
9.555848176237971e-17,13.79252468269502,0.0001020734451462335,-12.1386915027584
1,0,1,0
9.682324783204268e-17,7.628831732157806,0.002872124947921717,-18.39344538278503
1,0,1,0
6.728744545674702e-16,7.628831732201895,0.002872124947851495,-27.01733485305367
1.028145822447522e-15,11.40463836995396,0.0003663048011683934,-32.67582832716135
9.555848176237971e-17,11.4048141543174,0.0003662701424071435,-13.27640487502769
9.682324783204268e-17,6.178572527651561,0.006465327753121419,-19.31029559772043
9.555848176237971e-17,11.10361696484262,0.0004307975882141268,-5.124045347276807
0.3660898125506371,2.901786325542048,0.04424072464615469,-47.96567795151381
0.3235185614870693,1.922421212771837,0.08279499647448862,-56.48486625880953
1.028145822447522e-15,14.34608038469702,7.604800508870246e-05,-68.77427910627303
4.730343101349462e-16,7.716149015715654,0.002736450758977105,-15.16900925285386
9.555848176237971e-17,13.7933615032947,0.0001020279898568677,-25.8255794030304
0.2620333037283114,2.949362248087276,0.0429557274859379,-16.80198953139452
9.555848176237971e-17,11.87068454977523,0.0002851222432705414,-11.75770204464503
2.804502661847769e-15,11.87068458517263,0.0002851222378514318,-85.90631369977562
9.682324783204268e-17,11.8095643489923,0.0002946360969556805,-19.94578290755564
0.3389151206226878,1.735628191278437,0.09384685929666453,-39.75516115247704
3.17603086687411e-16,10.2122014691965,0.000697572677080871,-12.20232828574936
9.555848176237971e-17,14.83111340713872,5.878980141360568e-05,-13.56032242917012
3.17603086687411e-16,11.16470712089895,0.000416840645618255,-17.42783610157157
6.728744545674702e-16,6.178700895128404,0.006464858707776466,-14.49680688635166
0.1800612195727984,5.670091325233116,0.008628278837689796,-16.92863163976762
0.168413591530123,6.30535455506547,0.006018691883873217,-25.66263901577415
0.1834394478916112,5.504091331841884,0.009486017618115294,-24.6503341222099
5.840566125974614e-16,11.80941911440755,0.0002946590815036676,-32.19513120091305
5.258611164069964,47.37165185171062,2.936317855528614e-12,-173.9346579281368
5.840566125974614e-16,10.8984038629014,0.0004812357972343029,-11.65859498553685
1.028145822447522e-15,11.16470715967334,0.0004168406369062794,-33.64463704501414
2.287852447174094e-16,11.10317969787141,0.0004308991724861211,-43.10261270779927
9.682324783204268e-17,10.21207864006106,0.0006976191377057739,-24.49320341282685
0.3566028175733604,3.088130779393119,0.03943267767347186,-28.65049996981025
1,0,1,0
3.17603086687411e-16,8.876600153550076,0.001444244773891434,-14.29478902415376
0.3570031628650169,3.080052049251989,0.03962899480000232,-36.93822096657571
0.3669310065160001,2.886726859335866,0.04465610256062158,-22.32159340325356
0.1830594087061326,5.521303047153697,0.009393130149144446,-13.15583287772209
5.840566125974614e-16,10.21203385289081,0.0006976360794162528,-29.26280704076818
0.1096066597237324,11.81293001955297,0.0002941039591460304,-14.53757242372828
9.555848176237971e-17,11.10355912147915,0.0004308110247844832,-19.62222235066862
0.358141678497266,3.057188343569578,0.04019032366062786,-38.72793955350716
6.728744545674702e-16,6.178666709865873,0.006464983614801245,-27.52603717694149
9.555848176237971e-17,9.397078935850459,0.001086657125884516,-12.75712402538799
0.3581619831509129,3.056786551863176,0.04020026438018659,-21.76493692069902
0.1682117589479736,6.315122668657217,0.00598562314922696,-31.19932966433513
0.5387966754361873,1.422880371602815,0.1164649446778041,-51.78893135580528
0.1396385978257132,8.375981788445927,0.001901060535833887,-36.25085356398012
3.17603086687411e-16,10.21207883267365,0.0006976190648468328,-17.48904938444098
5.840566125974614e-16,10.91806344100044,0.0004761555327860156,-30.38318416936107
3.17603086687411e-16,9.397107950947891,0.001086639928816191,-13.44987405658436
0.1800280636383294,5.671745365740989,0.008620147251680754,-32.31047685751015
5.840566125974614e-16,11.40455101557885,0.0003663220257441036,-31.76130678276691
1.028145822447522e-15,5.904736757777641,0.007550111087344991,-66.58900939981521
0.1830397779617376,5.52214724989274,0.009388598439689477,-34.84635522150726
0.1957131202800013,4.948825623376493,0.01305419884273379,-23.89947689250689
1,0,1,0
0.1427869754115988,8.102203538730173,0.002210573891365475,-16.63006407912138
0.1830903763240998,5.519749405917743,0.00940147605628322,-21.61248923763138
9.682324783204268e-17,11.09710651213561,0.0004323125790247628,-18.92570953659042
1.028145822447522e-15,5.598064482567054,0.008990165494254188,-34.32648251700651
1.028145822447522e-15,11.10323955405484,0.0004308852654851258,-37.19906945612964
0.1956743788158375,4.950466111777104,0.01304181759979889,-13.93262722763836
4.936130869128893e-15,10.21075202979381,0.0006981211331750226,-182.0463597196188
0.356983490126447,3.080451707332912,0.03961925819934747,-29.97933702887968
1,0,1,0
1,0,1,0
4.004733053112191e-17,14.34360075646466,7.61482301337435e-05,-6.617487663357057
0.4256850590955244,1.978082694063986,0.07979626840977905,-59.46383559897195
1.028145822447522e-15,5.908205053673001,0.007535259995152199,-49.69815531135217
3.17603086687411e-16,11.80936063081995,0.0002946683375158465,-23.6640267393405
5.840566125974614e-16,10.89839811873989,0.0004812372895737216,-25.97158363219099
1,0,1,0
1,0,1,0
3.17603086687411e-16,7.628831732235469,0.002872124947798038,-12.9431544148859
1,0,1,0
0.1684459110177937,6.303464814098817,0.006025110996386973,-37.60062101812555
9.555848176237971e-17,10.91812858282416,0.0004761387898312708,-11.34430394922505
0.6756848941477401,0.3513640011982488,0.2766710079421866,-69.14523575233618
1.028145822447522e-15,5.963327759710197,0.007303223419067417,-48.49421342088515
0.5356625036925864,1.45323760131167,0.1140045808630186,-41.84154918748987
9.682324783204268e-17,5.9032923406698,0.007556304906598921,-28.18701837636644
9.682324783204268e-17,5.965081757858933,0.007295961985972488,-20.12231168700482
1,0,1,0
3.17603086687411e-16,11.10350082641019,0.0004308245667111188,-18.23044116199687
2.731941657024047e-16,10.91810776075894,0.0004761441415186973,-10.94066641100527
0.1461519947960887,7.829316215366802,0.00257027714978042,-22.23973513800317
3.17603086687411e-16,11.16402657711688,0.0004169935808816527,-22.62498090969145
6.728744545674702e-16,5.962156751063858,0.007308075456390783,-40.12152640038246
5.840566125974614e-16,11.80938998513757,0.0002946636916642542,-24.1915374205786
0.2619421728708822,2.951321531310526,0.04290368206193057,-21.79679706461551
9.682324783204268e-17,11.40440440542291,0.0003663509362409889,-37.26761648278838
9.555848176237971e-17,11.80944912183507,0.0002946543324370832,-10.8927316272829
5.840566125974614e-16,7.716373310607217,0.002736110796353886,-12.47598838278808
0.5403469280931921,1.407971493904157,0.1176967144555645,-35.74192225568114
1.028145822447522e-15,11.20280805921701,0.0004083682219680473,-40.86472475790384
6.728744545674702e-16,10.20945952862446,0.0006986105733371439,-19.41192222301081
0.906915641680434,0.04922059365225095,0.4122125454875066,-61.98970984386259
5.840566125974614e-16,5.597948494534698,0.008990760724359559,-19.94570975558674
5.840566125974614e-16,7.628831732188381,0.002872124947873034,-19.07685972776741
1,0,1,0
0.5870925181758917,1.022177097270117,0.1560015758450115,-71.56374524987957
0.3571323514042424,3.077457033145933,0.03969227817034898,-37.6364008868339
0.2924581798225468,4.753016979325423,0.01462348701777405,-26.59310104754799
0.9476469070341965,0.0205725232980285,0.4429748023447931,-82.52271312623182
1.028145822447522e-15,6.178596391716773,0.006465240552930629,-25.73846802269569
1.028145822447522e-15,5.640516835385085,0.008775016434046323,-90.14932979851397
1,0,1,0
0.540573624279628,1.405835509886302,0.1178744772141479,-47.47450513688543
1,0,1,0
5.840566125974614e-16,11.87068458563906,0.0002851222377799889,-29.90520583882063
0.5875545468780851,1.018889816357444,0.1563912463422584,-57.64466303106742
1,0,1,0
1.472856238934505,1.056103970239093,0.1520527320174062,-66.16130368105365
5.840566125974614e-16,13.79204736139388,0.0001020993819170202,-25.41638473645348
9.555848176237971e-17,11.10352874524137,0.0004308180811214979,-18.71333386904543
1.028145822447522e-15,14.34812309639838,7.59655397359893e-05,-93.07629136646388
9.555848176237971e-17,11.7578411613664,0.0003029372866735769,-31.99858699180319
1,0,1,0
9.555848176237971e-17,10.91810779143334,0.0004761441336347261,-10.94115622660682
0.2128639764323876,4.297542552343639,0.01908374313801003,-15.82075611075212
0.2619424980117424,2.951307384656722,0.0429040576019819,-25.81889141429498
1,0,1,0
1,0,1,0
5.840566125974614e-16,11.75788090217999,0.0003029308187395552,-32.57337655133014
0.6778159172863696,0.6902249394247235,0.203043940534367,-54.11716461497841
0.1799828388861762,5.673954871397633,0.008609297224814016,-28.1945699943081
0.5369015600571354,1.44125449664989,0.1149682217697333,-98.29841632881921
1,0,1,0
1,0,1,0
0.7328887418869883,0.4286989706720163,0.2563140174994744,-43.81369502340662
0.1347729487589787,8.822234559038847,0.001487910150955452,-21.59482900017154
0.1784238607470761,5.755109843773738,0.008220383848104418,-47.31640062885116
1,0,1,0
0.1800187478580043,5.672236703435431,0.008617733263254268,-17.024426099421
9.555848176237971e-17,14.34883765173404,7.593671402283952e-05,-13.12243332894772
3.17603086687411e-16,11.16470715970377,0.0004168406368994515,-12.94985539776114
3.17603086687411e-16,7.628831732147763,0.002872124947937704,-11.4236102851952
0.3385915458339392,3.476280051611127,0.03112726951802924,-49.6492073076091
6.728744545674702e-16,7.628831732179222,0.002872124947887578,-38.94893092405262
0.1743899871029992,5.971511025008866,0.007269408745918471,-57.65373569221801
9.682324783204268e-17,10.21216236242699,0.0006975874690370865,-19.10066906507501
9.682324783204268e-17,7.628831731890166,0.002872124948347932,-31.29679188040037
5.840566125974614e-16,7.717042490774439,0.002735096779266644,-26.88133555465954
0.5496442105485783,1.322644364653144,0.1250590104356083,-41.44882713667699
5.114956077737342e-17,10.91814974109641,0.0004761333517941946,-12.04368273296158
0.3372462986798826,3.508464726711551,0.03052800519883009,-35.52642953040609
5.840566125974614e-16,10.21207877715208,0.0006976190858488107,-24.49572094390973
5.840566125974614e-16,5.59793454042439,0.008990832337132049,-20.21646638629938
0.3602427804209201,3.014636813099266,0.04125796858035424,-26.08753690823515
9.555848176237971e-17,13.67694399026492,0.0001085518152828535,-26.49286950676327
0.1832064042430303,5.514151876339533,0.009431608649930201,-13.15377413184715
0.733415491417449,0.426612680960929,0.2568278761146724,-39.31983329002647
1,0,1,0
0.848141917103587,0.1431090389245639,0.3526047813662483,-49.41713300851963
9.682324783204268e-17,14.34536545412095,7.607688850591598e-05,-48.52591041365498
0.1784132386101324,5.755658119192681,0.008217818915587038,-28.49750261749944
0.3916852215485512,2.45829453679211,0.05845282670048368,-63.48039883192963
4.936130869128893e-15,5.913223413327756,0.007513824834338489,-78.06675971997367
2.731941657024047e-16,10.91808686458295,0.0004761495123152271,-10.65276869141083
0.2590654097757548,3.015087709400738,0.04124649618816084,-22.03224052350566
0.1790249559035397,5.724219584230291,0.008366235792440724,-22.29698058339354
0.4217710462290806,3.041642270193492,0.04057688866783593,-55.32697042648901
0.9182259918041713,0.03737459063172821,0.4233521887867001,-58.29712855116296
6.728744545674702e-16,7.628831732232577,0.002872124947802646,-19.96164137607845
0.6473499428806939,0.4388409172100012,0.2538412132248528,-28.35613880532614
5.840566125974614e-16,10.89843340187316,0.0004812281230510695,-12.57649290142231
3.17603086687411e-16,5.966012833603834,0.007292110415875852,-16.4982430013639
0.1683874171256947,6.30689446842851,0.006013466267025869,-16.70165933261182
9.682324783204268e-17,10.89839356319951,0.0004812384731114339,-25.52740506481584
6.728744545674702e-16,7.628831732086766,0.002872124948034849,-17.57126614985488
3.17603086687411e-16,7.71639834509395,0.002736072854381655,-14.47408656488474
9.555848176237971e-17,11.14527697012165,0.0004212294671219752,-6.393213905269948
0.5363559697366204,1.446530133774488,0.1145427695122734,-41.99831387810557
9.555848176237971e-17,11.87068458564527,0.0002851222377790452,-15.86435276933948
3.17603086687411e-16,14.83094012993772,5.879520297530361e-05,-18.30491432426296
2.287852447174094e-16,7.717383362281673,0.002734580399715858,-28.87984984690756
0.6704299770138998,0.3665113737082208,0.272456018285583,-59.10457667571063
0.1783704663086718,5.757854234689425,0.008207553355732311,-27.98168810491246
0.3384899048552505,1.740464042526185,0.09354002014787738,-61.7804908001935
0.7135504660432934,0.5106306786723849,0.2374329837731944,-57.3800841595197
0.1784278767104314,5.754911689128903,0.008221311054775027,-15.04493337155164
9.555848176237971e-17,8.877452996543724,0.001443570255847959,-14.217870102163
2.287852447174094e-16,5.90493992901164,0.007549240286327086,-17.52302850670149
9.555848176237971e-17,14.34907888802069,7.592698485225924e-05,-14.2242058878248
1,0,1,0
0.1834016322635866,5.505953688659471,0.009475921300901247,-15.5125695943761
0.1347740616827588,8.822130515437699,0.001487994989816332,-28.43549753641924
0.2127933346181163,4.299902744526371,0.01905727630341641,-22.19759370389504
1,0,1,0
1,0,1,0
3.17603086687411e-16,11.75788088304405,0.0003029308218539528,-25.26542934494464
5.840566125974614e-16,8.877452963980737,0.00144357028159614,-19.25018194023484
2.699589448871216,9.931918149572596,0.0008121858596136233,-129.5744878360753
1.702650380052612,2.86212017052398,0.04534394722474833,-111.6490657030167
307.1986344802437,22.8093231574001,8.944787976972179e-07,-20.99709750035168
1,0,0.5,-4.531110890192248
0.6460111988207869,0.5810717297920434,0.2229462717419552,-61.9816482800951
1.028145822447522e-15,5.784840699653756,0.008082481379558026,-46.44287738719011
4.110250550567565,14.87529790548643,5.742861559704382e-05,-143.0871450844326
9.682324783204268e-17,11.75788132913321,0.0003029307492524169,-25.70513993666566
0.1461686374306357,7.827221796259131,0.002573257201495538,-24.83276733800007
0.1427353275249701,8.106533539549353,0.002205299561359952,-12.99249354030965
9.682324783204268e-17,11.75780266995784,0.0003029435513961509,-59.45162249974719