dN/dS,LRT,p-value,Log(L)
1,0,1,0
0.9824434333781621,0.001888410354439429,0.4826690814255675,-87.71005186893782
1.128750638638296,0.1124819409868962,0.3686679914730708,-78.59028619830924
0.354825061311474,4.684205484212129,0.01522056896662488,-28.79603412907556
0.2815301091898393,2.566416445169267,0.05457737531623419,-34.76350880043516
1.49401960403525,1.412689432272998,0.117305222433272,-79.80053392139442
0.7457388721155529,0.4748119088454672,0.24539087740623,-57.67633365005055
1.393725232601719,0.4939590720310321,0.2410832742196523,-90.04305463922819
2.804502661847769e-15,7.096312123334144,0.003862136097664004,-36.89139304371124
0.6595182545671942,0.5988035733452364,0.2195174407657448,-60.81809421127902
0.1489587702736097,7.60860497102081,0.002904520413000489,-16.19601556261239
0.8849406740882207,0.07772810303934818,0.3902000773245743,-45.88818671262809
0.9872248408024313,0.001159884483740825,0.4864158181621138,-68.42701042339151
1.044719344755491,0.01317599366410604,0.4543070832470378,-76.572913897757
0.8464369087495819,0.1761088702528752,0.3373693822011076,-73.34000903408106
0.7545780592542356,0.4354784627311545,0.2546564607639982,-42.66880299006517
0.845943294974509,0.1773787300105596,0.3368178319352785,-86.04834170208454
0.1423869224671997,8.136118385982947,0.002169603729473391,-15.94250965270077
3.17603086687411e-16,13.41657024775195,0.0001247056481641917,-13.4615292439911
5.840566125974614e-16,6.735396554728737,0.004725910903638941,-20.13629928886902
9.555848176237971e-17,14.16597268897626,8.36850572094594e-05,-6.433737415864416
0.1182583239568802,10.62535887410948,0.0005577365932489808,-13.95598216504458
9.555848176237971e-17,17.21429707189684,1.66956962365794e-05,-12.9498371713556
0.2200725181193064,4.053810150992497,0.02203588352989644,-20.20962385508185
0.1478961759923009,7.692733376128302,0.002772179739425007,-29.11754979169072
0.2816922698296332,5.124863822241934,0.01179271062238874,-69.15662867295876
0.1507709715654277,7.469585955422801,0.003137499056749482,-28.83341624426036
5.840566125974614e-16,13.25382011018259,0.0001360124743910451,-25.80130768304044
2.731941657024047e-16,9.2766492451562,0.001160468071149445,-14.9492780943334
0.1490115043853094,7.604565539987846,0.00291103454410313,-30.82732045697374
0.2851630069246528,4.999849138455687,0.01267476407004237,-25.68771580216115
5.840566125974614e-16,13.40170285213365,0.0001256979841068873,-18.84199333966393
0.1489495948998242,7.609310481074672,0.002903384208467086,-40.27207993752356
0.1425279970724817,8.124201882966972,0.002183910392082933,-21.57302312261878
9.555848176237971e-17,13.40170279915831,0.0001256979876569364,-12.76226580303862
1.192143419092998,0.2327285270536947,0.3147540030029177,-86.84276082830745
1.028145822447522e-15,7.089396019222121,0.003877068774908454,-50.89440590262824
0.3082797061304045,4.260578913233076,0.01950331312761461,-41.87798622651415
0.4908658511708079,1.949540278353084,0.08131819939613011,-40.17314271227858
0.150920359268268,7.458354527103772,0.003157134934522687,-19.25838441231529
2.731941657024047e-16,13.43227732834164,0.0001236658419003223,-12.0282177373017
0.1489587785189498,7.608605172567756,0.00290452008834996,-16.19561941321394
3.17603086687411e-16,13.43227595077333,0.000123665932710959,-18.80293639111532
3.17603086687411e-16,13.41657024775402,0.0001247056481640252,-12.35903610057361
2.287852447174094e-16,13.52246885455538,0.0001178620522151452,-47.55057052288397
0.1874070104690757,5.317634521990726,0.01055532512036222,-40.20058734674893
0.8941887522631067,0.07776712960966847,0.390173222999683,-64.39809945682134
1.056542156375676,0.02073891873610023,0.4427462335880325,-104.3265259231761
1.555026314923765,1.688611968750251,0.09689202169713701,-117.8107143956525
9.682324783204268e-17,7.095260837813079,0.003864402150511259,-28.33089051752406
0.3078270590763262,4.273776436527527,0.01935241023227136,-29.26274453792831
1.573459944923605,1.948497108350324,0.08137444688519652,-106.3193178189023
0.9855447945708627,0.001274797796440907,0.4857590666872047,-84.97872771216856
0.2959787211282211,4.638984678969919,0.01562674385985152,-60.25642501332069
0.7549905071331235,0.4336819641540615,0.2550938865618523,-85.37609680781047
0.9342094399509737,0.03783775019533664,0.4228846504942105,-93.45746222110395
0.1639439882806445,6.571565786626294,0.005181037416562284,-34.5072482447008
2.804502661847769e-15,7.09141341352526,0.003872706896541123,-73.3904688447452
9.555848176237971e-17,14.16577155697388,8.369400384078407e-05,-13.44315053290859
0.6561991160740418,0.8191452221446696,0.1827151007007145,-38.80552064231075
0.2818321707952715,2.560828188156691,0.05477059271152496,-38.0616170974098
0.8524925471393547,0.1878037903209417,0.3323754121133011,-65.31545937564304
0.1161740986940635,10.89748345048003,0.0004814749810938546,-31.14119952231485
1.043499436534058,0.01248645422987238,0.4555136696106881,-74.82354569344314
0.8465669716047141,0.1757751278312298,0.3375147276566328,-52.3000068513733
0.1461360148062116,7.833651901030379,0.002564119276046384,-18.0810252156652
1.028145822447522e-15,7.164852431044494,0.00371729032619933,-53.00594004264268
0.1478883856205794,7.693545592492214,0.002770932482303035,-16.18686443944674
1.028145822447522e-15,7.164628889413123,0.003717753596631346,-40.99205666786622
0.3485542819990117,4.883604758532755,0.01355646981218422,-52.23026465142853
0.8197121767271572,0.21084788174133,0.3230518266227055,-47.07334772299745
2.731941657024047e-16,14.17110091218826,8.34572717740012e-05,-27.44737103891552
0.9066388323666971,0.05942156402025489,0.4037062643801828,-72.63794147628042
0.1521313626915519,7.366895824796913,0.003321775972669139,-35.5958756152702
5.114956077737342e-17,14.19981671021768,8.219326227948409e-05,-13.11856607006003
0.1160929603255499,10.90811147244904,0.0004787204240433995,-47.30183297150565
1,0,1,0
2.287852447174094e-16,13.13101082797262,0.0001452240141245342,-40.75361179213569
0.2816117758375518,2.564816048523056,0.05463263334532653,-47.06509241983711
3.17603086687411e-16,16.56657737476311,2.348578624483677e-05,-54.00394672214129
0.1507638459831352,7.469991320585152,0.003136792693097468,-34.1921214473925
1,0,1,0
0.153910805742215,7.240250891247612,0.003564350891316015,-51.76030936286666
2.731941657024047e-16,14.17113013907575,8.345597536513205e-05,-13.66874761836199
0.4617448683051056,2.352889348684286,0.06252551841214965,-52.20727896952018
1.511888134363915,1.044755726685779,0.1533589947105767,-61.48886536686498
0.4647922150104283,2.309541919636317,0.06429096927188549,-46.56429250373218
0.7509567811622472,0.3612796548279107,0.2738982027785566,-65.46988486424814
0.2980085580418117,4.573208540498023,0.0162378428848432,-23.84649135008154
1.130642991717031,0.115583030035225,0.3669376611571712,-94.14262005121408
0.7857534863316211,0.4409651650305761,0.2533284894366403,-70.89076972632941
0.4304614817763516,1.917995026913914,0.08303892799517382,-41.05929738504602
2.804502661847769e-15,6.323035766208951,0.00595897116996319,-4.573271811908456
0.1873777630443493,5.318991352050858,0.01054710909797013,-36.26121334929998
5.840566125974614e-16,9.094797783782681,0.001281687755225192,-17.47572367201623
9.682324783204268e-17,13.14295302425045,0.0001443013198013099,-20.77034222297589
9.555848176237971e-17,13.43227734481362,0.0001236658408145241,-27.73979888210154
9.555848176237971e-17,12.9852711635121,0.0001569754344233343,-26.06530824006976
0.4471212717192771,2.585319658113704,0.05392931585918048,-39.989803936266
1.687576008790364,2.081380396070813,0.07455264098651332,-87.39157470866738
1.126410633296065,0.1364861261708654,0.3558997866725551,-79.25185628801012
0.4302678718632057,1.920379259860837,0.08290742853415806,-25.000154860676
0.7116327667185205,0.6488846885763451,0.2102558574713157,-47.54327300258706
1,0,1,0
3.17603086687411e-16,16.56304603625752,2.352956093426561e-05,-20.1815584844431
2.287852447174094e-16,13.41657026418254,0.0001247056470718988,-39.22018429955956
5.840566125974614e-16,14.17111063189452,8.345684063748582e-05,-20.2105306620006
3.17603086687411e-16,9.094797785416436,0.001281687754080274,-12.65264824471881
1,0,1,0
3.17603086687411e-16,16.56339803138531,2.352519390252938e-05,-29.38954603698012
0.7130206171627453,0.6410134359772997,0.2116720277434784,-68.05197381784417
9.682324783204268e-17,11.31126139095946,0.0003851920952808729,-19.49274329097317
0.4568860823985764,2.427322361692376,0.05961820795690326,-79.26100357817562
1.292490702945041,0.5433705165713718,0.2305196110677445,-81.38490286631102
0.4398365332554058,1.805429874447107,0.08952871666323919,-25.5462573599776
3.17603086687411e-16,12.98524786612552,0.0001569773876321512,-24.23351476712665
6.728744545674702e-16,12.98500082591205,0.0001569981005242749,-59.95323912364945
2.449231293967717e-15,7.093365577254445,0.003868490832170557,-48.14656478026706
0.1212552310557286,10.26167567312505,0.0006791112859611537,-42.30143251010516
0.1538812815629002,7.242294988492858,0.003560295322736162,-50.21409050457048
0.273671159369478,2.712370901570232,0.04978645216684158,-29.7575879754263
0.5580674704647347,0.8334209186028545,0.1806425981982003,-53.68294410982922
0.1119888356704979,11.46807909615388,0.0003540091256252764,-28.60966077380088
9.555848176237971e-17,9.292636573917509,0.001150383899537311,-15.64371450879367
0.2973050171964882,4.595501543208954,0.01602798126643262,-37.6626280976791
9.682324783204268e-17,9.293683508622145,0.001149726644532501,-20.73874414595102
0.4307308571611512,1.914671730665944,0.08322261872185066,-38.22995766819007
9.555848176237971e-17,11.31036722095682,0.0003853776368029083,-6.150218849886103
1.081538733178788,0.04179747537422429,0.4190031539782091,-54.82934323607091
0.7014541845745789,0.8506164443515729,0.1781890035982691,-103.1974452857602
0.1767699124649583,5.842689673810632,0.007820948913037584,-17.07942336425974
5.840566125974614e-16,12.98512161288212,0.0001569879728916534,-35.2369881859511
1.299417102372499,0.6904025576024537,0.2030137448766142,-101.0714855526757
9.682324783204268e-17,11.31114729166093,0.0003852157660192423,-24.72483907004655
0.1460961689281635,7.836841492285899,0.002559598774498406,-44.87393021453637
0.327743489948113,3.735077490449939,0.02664059763068644,-45.81389574845593
0.7453463811871851,0.476605003365151,0.2449820741867351,-42.58197766310268
0.5611274753033962,2.039985440578008,0.07660555635887328,-60.63615796130037
4.004733053112191e-17,9.288832338784927,0.001152775370580505,-6.437371889584397
2.804502661847769e-15,6.32223118363536,0.005961675497425212,-4.573271811908456
0.2925440967097422,4.752301188418315,0.0146295707643137,-33.23936632541756
1.21164115272625,0.276046778137129,0.2996520416470689,-88.09987402305431
0.2962076016388827,4.631765544154668,0.01569262547445888,-30.38110493288
9.682324783204268e-17,14.02227410075218,9.032893453603252e-05,-40.01784946087399
1.029767747369381,0.004252880318347252,0.4740017629115247,-116.9273929985344
0.9092630046474908,0.05591346410892584,0.4065377626204468,-75.30801007218402
0.3275082520143665,3.740939151990148,0.02654729739202183,-33.08526560088092
5.840566125974614e-16,17.22034935388865,1.664259283229441e-05,-36.16547568400676
1.042149933007243,0.01174405627190822,0.4568510998979916,-76.71058394151345
5.840566125974614e-16,13.41657026422217,0.0001247056470692343,-56.32629612665934
0.5638000137103105,1.602301293867271,0.1027886942934498,-56.96412289578898
3.17603086687411e-16,14.19981666090405,8.219326443348329e-05,-12.88696664856351
9.682324783204268e-17,14.17098337051826,8.346248574159221e-05,-45.96918556985987
1.172299751826661,0.1916100764353814,0.3307899649183066,-71.40415888431163
0.7402551679644445,0.5005052855976118,0.2396390941179333,-48.72348809033213
0.9875578666453987,0.001099699276437605,0.486772814555228,-66.77191608300906
0.120621124841559,10.33811477403226,0.0006515551880287296,-55.12512188822721
1.130157783530602,0.1147926148015586,0.3673762121120565,-70.68557202773776
0.8186724710138559,0.2136390902250014,0.3219649761746632,-71.20547825919485
0.7851196228703469,0.4440402296776256,0.2525894135875285,-71.68487021498699
5.840566125974614e-16,11.31128992976285,0.0003851861749260554,-19.49131354807969
0.2198413310059973,4.061264547458634,0.02193881495023731,-23.95067541767069
0.3279835026459927,3.729091513276146,0.0267362350445024,-34.2371309767039
0.1507036836689228,7.474579610503589,0.003128808736861277,-19.02768410650129
0.2965696776097295,2.310025148069499,0.06427098520885161,-61.79641708403967
0.1185205607196028,10.58715567198183,0.0005693801932545317,-40.19345488697248
1,0,1,0
0.2815806502053,2.565367866883051,0.05461357337990419,-62.9994531857738
0.4467446969280214,2.591571478896611,0.05371684780006564,-41.97886166086222
0.4918396910271341,1.937207346614329,0.08198603859446335,-41.88734425630665
1.151435963779217,0.1324858934025031,0.3579341881875727,-96.97484000522218
2.936196164495453,19.98943705196928,3.893557369016865e-06,-209.8818770517199
3.193391671624378,19.83669243109301,4.21739462774795e-06,-177.1989543463373
0.2151250455256265,4.218896086405309,0.01998808044152556,-29.68694452381654
1.028145822447522e-15,9.094797785149169,0.001281687754267569,-44.18778003577966
1,0,1,0
0.3276959346436497,3.736267865158084,0.02662162234386994,-63.8120318522115
0.1547810633701394,7.184278388394553,0.00367725624182319,-27.04545796100051
1.130004524238862,0.1431974783084229,0.3525613763593309,-91.35201859665702
1.811052912776607,3.202734717092511,0.03675762350376932,-113.0767469287634
0.1873817564316101,5.31880791172506,0.0105482194983606,-35.9743038979895
5.840566125974614e-16,9.094797785431965,0.001281687754069394,-13.34665276964885
0.1521148767370082,7.371319894696768,0.003313613659171488,-62.39225591767047
3.17603086687411e-16,13.25393420096547,0.0001360041965648429,-12.02406888175041
0.1423679240810681,8.137403068086677,0.002168067079901637,-31.70154351642121
0.32755961616843,3.739695021039161,0.02656707129644026,-29.01693252065821
1.164161185026906,0.2193306323538025,0.3197752084484631,-102.9558680512335
0.1638745494866866,6.576077928243166,0.005167919445331681,-20.76464253811375
0.7708748573867783,0.3691184872888726,0.2717425803023287,-52.02627734948909
0.7451311391682833,0.4775902236065406,0.2447579393185093,-88.87894624387808
1.028145822447522e-15,12.89738741935312,0.0001645205551473183,-74.47536819016348
1.028145822447522e-15,13.43227734470635,0.0001236658408215741,-49.30482722293444
1.028145822447522e-15,7.096408013338248,0.003861929473753745,-35.8443808027652
2.804502661847769e-15,6.318417845514858,0.005974509873401701,-4.573271811908456
6.728744545674702e-16,17.20138344379259,1.680957191502186e-05,-35.46891093331921
0.4573429120764961,2.421140872196787,0.05985386007456306,-44.28047216046358
5.840566125974614e-16,13.50950178142219,0.0001186792743851361,-24.53587984487022
2.287852447174094e-16,13.52303586236435,0.0001178264474439028,-33.89966405357004
0.1460866311910333,7.837600414382464,0.002558524376181981,-34.88278090676721
1.311382323350642,0.4700612873982948,0.2464794874357392,-85.90030554974649
0.4474252517131803,2.580285182844932,0.05410108317340517,-54.95496455409467
1.249809892740396,0.5073841583603667,0.2381367158857458,-94.79306228224429
2.129858422667478,6.749290621565763,0.004689248249998224,-133.1803645749892
0.1424616514153983,8.129710806349294,0.002177284614263419,-43.2422049260559
5.840566125974614e-16,7.299785486538404,0.003448142178394842,-20.33720496080104
2.287852447174094e-16,7.301370991737585,0.00344510081227295,-18.54838374188404
0.7861324793671329,0.4391081258291081,0.253776619730962,-111.4795630949403
0.4655311441258774,2.298594795625476,0.06474555067042437,-60.25228540990505
3.17603086687411e-16,9.0878430418453,0.001286570822844946,-12.18085630223304
5.840566125974614e-16,7.3021161915593,0.003443672293172495,-20.9601601001097
0.1508660805358205,7.462553175938439,0.003149779808233333,-15.67035286050457
1,0,1,0
9.555848176237971e-17,14.02168295946656,9.035733547929636e-05,-5.602695946601031
1.708645444982361,2.896055906683273,0.04439828821918834,-102.6902279758614
0.2198398264140736,4.061314093377582,0.02193817128771497,-20.90663174947003
0.8940894064983128,0.0779247905001057,0.3900648098333059,-59.19362797098856
0.3535076365691283,3.152269165155779,0.0379107278319587,-29.45971795243475
5.840566125974614e-16,13.43227734475147,0.0001236658408185765,-32.17055163497458
0.5820639252187029,1.765657410811116,0.09196021154150358,-101.1208965888223
3.878637417595812,29.33110943547035,3.050417679562045e-08,-208.9860145758213
9.555848176237971e-17,9.292697078482831,0.001150345905007899,-12.92395381699478
1.832814693309238,4.532479255077646,0.01662870166942071,-104.7713773886814
0.439754899295678,1.806374198186376,0.08947189587535892,-38.542988012101
0.1120045545501211,11.46595214374349,0.0003544145238678076,-29.31040758433072
0.1637402781127826,6.584390925602051,0.005143840486271978,-36.00501143057975
0.4921884558871314,1.932842645786437,0.08222389024339399,-51.40875269853642
0.5304367783405765,1.50510938824722,0.1099434348719579,-43.54730952652772
0.3279985794908966,3.728655265435862,0.02674321913686961,-66.24480662502808
1.028145822447522e-15,13.68578834915775,0.0001080417671180389,-61.35223516317399
2.731941657024047e-16,12.9853120686512,0.0001569720050730861,-11.70386359642475
0.1181742416530216,10.63541996393847,0.0005547104371035338,-22.80888592468927
1.271542833396385,0.4790837301725333,0.2444188213054519,-127.7650646985521
0.2373026217090649,7.089263708947236,0.003877355023019613,-31.55641067653118
2.287852447174094e-16,16.48088335742554,2.457154082652346e-05,-37.77972232470116
0.2923129092339255,4.759949236768989,0.01456470358721429,-52.11363320537925
3.17603086687411e-16,12.20207845503506,0.0002386815065689718,-11.58265901384254
0.2974068094502095,4.592277992019433,0.0160581511714003,-50.27258471101765
0.3502514626614795,4.829249426847113,0.01399040474170732,-49.93241849402011
4.177362120681628,38.63847903756511,2.550171185333738e-10,-198.0499286034552
1.097230968786,0.03332688521707894,0.4275729990822012,-58.25918624752982
5.840566125974614e-16,12.9798497190656,0.0001574306193593,-26.06355056586227
2.731941657024047e-16,17.21987600177892,1.664673995072086e-05,-26.92490645910624
9.555848176237971e-17,16.47983067714551,2.458518757536554e-05,-18.61213297864698
0.2742186395226039,8.105806546941963,0.00220618420783919,-29.09753912367083
0.3016696782734031,4.457886482719317,0.01737022818762513,-43.52991598879693
9.682324783204268e-17,9.09479778536749,0.00128168775411458,-33.88368084690558
1.75800142622499,2.121634886399832,0.0726157212846944,-63.688976773889
1,0,1,0
0.4472795453432401,2.582701046039851,0.05401858337762061,-31.44953126269889
0.8448671589680513,0.09012575322185512,0.3820086736576438,-82.95508865723185
1.194488352681225,0.2378136311672847,0.3128948521370395,-72.3030959595811
1.080083160534956,0.0403904627252416,0.4203595357410737,-107.2855338108287
0.1461016179067203,7.836404905428537,0.002560217054416114,-72.73340036124411
3.17603086687411e-16,16.56339943125673,2.352517653664288e-05,-21.03053231414779
0.5697690881877294,1.537505709861165,0.1074947287357154,-53.800904742198
1,0,1,0
1,0,1,0
0.7464448482470313,0.471598335263181,0.2461263885949418,-52.77464805041307
9.555848176237971e-17,11.31108984031997,0.0003852276852787107,-24.09298666554448
2.731941657024047e-16,12.98518886641107,0.0001569823341662779,-31.44647627014782
1,0,1,0
0.1489884388407552,7.606330919360389,0.002908185798748741,-24.94978027326648
3.17603086687411e-16,16.56351751635373,2.352371169611622e-05,-25.97320739589554
9.555848176237971e-17,13.2496300411112,0.0001363168358087252,-12.71838144105443
1.028145822447522e-15,7.096219318259699,0.003862336084926921,-62.16232494222697
0.7477781997046317,0.4655730899245327,0.2475154175493921,-81.50197536107046
0.8935005854501719,0.07886206260900508,0.3894227358556018,-72.7630493501043
5.840566125974614e-16,13.68578834710873,0.0001080417672359446,-58.96512192745178
0.1212924988812515,10.2571985815398,0.0006807613694800319,-33.32096969809399
0.4398896975736125,1.804821823796104,0.08956532567391345,-36.05009678799923
3.17603086687411e-16,14.19981666090687,8.219326443337227e-05,-13.58156110490779
9.555848176237971e-17,11.31126155956447,0.0003851920603035741,-26.51874212958886
0.9880783112047992,0.001008919215138349,0.4873303318619681,-82.87321225856945
0.2742582429606835,8.103525289705679,0.002208962519477553,-28.42448636191547
0.3079177169673379,4.27105312906869,0.0193834484670305,-40.65312349656472
0.6081809970583351,1.467114703487354,0.1129007404301059,-57.36505752117517
0.3017820710963855,4.45449824734763,0.01740472046603181,-37.10510671932364
1.271631336390485,0.4793483574932509,0.2443588161397867,-81.91802435303418
0.7268914890896063,0.6797126978906647,0.204842836580479,-65.0358788428985
0.3749648487690918,2.740779695629925,0.04890851462614931,-33.17907698529321
0.1160597022606969,10.91247381249822,0.0004775944158638135,-35.57238195425719
4.730343101349462e-16,13.1311721317694,0.0001452115117080433,-17.92311483870914
0.7625139421973252,0.4022018532891707,0.2629771567670893,-51.50709422215034
0.304429363767809,4.375446066096501,0.01823014305407938,-47.30660001494492
0.2151617846125884,4.217650692788624,0.02000275729394485,-31.52398274754425
0.1423762984356145,8.136834514509061,0.002168747008402028,-32.97236503029792
0.7459126750571714,0.4740188000349121,0.2455720596124981,-57.39939457869127
1.619606047311972,2.188292189582882,0.06953171537094471,-102.2401506983641
1.7906937372645,3.376317348663406,0.03306984223885878,-154.5858072714667
0.8912213777234572,0.08258130061139468,0.3869146587704487,-104.3350697438327
1.716547055818413,2.940568884615573,0.04319015282101279,-101.2225115216548
9.555848176237971e-17,14.17111213728114,8.345677386328854e-05,-19.77727441968134
0.4525461402813645,2.496117381110579,0.05706367517956551,-60.06988556182014
0.1489558749066988,7.608858196179099,0.002904112548676174,-20.14441822916799
0.14896406357821,7.608199168356343,0.002905174152491197,-16.59813260874814
2.287852447174094e-16,14.1710618611034,8.345900398365469e-05,-40.815589561079
5.840566125974614e-16,7.307432907851947,0.003433497896186077,-56.44257778848799
5.840566125974614e-16,13.41657024775093,0.0001247056481642472,-20.63853009954537
1.024927883294198,0.004203836444020226,0.4741518912233092,-92.03673269811324
1.312275230411336,0.5391414940521031,0.2313943685463384,-105.1423056286168
9.555848176237971e-17,17.22046679704233,1.664156405362105e-05,-30.60709551011888
0.1407564762333211,8.277094638060618,0.002007415966176485,-36.56574950665447
0.118125002788665,10.64223130212078,0.0005526711691717923,-12.90935127236986
0.1507672074872459,7.469794326287428,0.00313713594260534,-33.26872933367547
0.6344899283734868,1.27897692436818e-13,0.4999998573271225,-4.353624236003371
1.501151558388944,1.190159082398168e-13,0.49999986237017,-4.472686728439711
1.222172840603543,7.105427357601002e-15,0.4999999663716803,-5.076300531521227
3.17603086687411e-16,13.41657030077994,0.0001247056446389005,-29.60011962107378
6.728744545674702e-16,17.84788235682301,1.196427040456305e-05,-47.31399518577009
0.1549748726114228,7.17062976720058,0.003705337749167148,-70.28332912308457
5.840566125974614e-16,13.68578796699381,0.0001080417891049512,-16.37336938090161
9.555848176237971e-17,11.31134249129514,0.0003851752713135426,-13.3836272683629
0.7966305873789731,0.1672086645644981,0.3413022823328963,-71.79216597670238
0.150727969921419,7.47232922740946,0.003132721971187802,-64.59086608434565
0.7641212471927005,0.491036449150215,0.2417326661142993,-68.41233680664367
0.5925686942408281,1.312366759421067,0.1259832937330684,-50.939012063592
0.2947496627634261,4.680060642723902,0.01525733560856335,-64.50691265452383
0.609529798553691,1.161821382561939,0.1405440609211331,-60.64216171759593
0.1491100767796172,7.597047295254683,0.002923198445377528,-31.70599643257624
0.1521996005616327,7.365762480784646,0.003323870269427376,-16.16979575683288
6.728744545674702e-16,16.56704837295364,2.347995391438484e-05,-45.14430026845675
0.8205066864770477,0.208724594772562,0.3238844476394331,-60.60006222691202
5.840566125974614e-16,14.17110086661657,8.345727379543977e-05,-19.80557003443294
0.1461127975941909,7.835512938451004,0.002561480701837759,-52.32562915970203
1,0,1,0
0.4397006349327405,1.807003365860091,0.08943406143468113,-30.61370418353878
3.17603086687411e-16,13.42922154632492,0.0001238674473104662,-31.54526329951799
0.6555209564966002,0.8234700875934209,0.1820837717411409,-53.98719709411158
0.224132509303331,7.854882152851161,0.002534182795109918,-49.52951743808306
0.8980622666949869,0.07176639907953586,0.3943910280559056,-62.4492680402671
0.3280091975232961,3.728473798990777,0.02674612488568207,-25.82590250049505
0.2792692193040132,2.607614525944946,0.05317581651781583,-26.47210141926492
0.1214170636456166,10.24245883668176,0.0006862226050551867,-21.37075244345997
0.564134020085771,0.7996820156678695,0.1855942293318194,-57.73374879034702
5.840566125974614e-16,14.18358694196395,8.29052748007042e-05,-23.96355888801985
0.1492659472801278,7.585130496698085,0.002942585171054835,-45.70953773053321
5.840566125974614e-16,16.54482078183717,2.375678995758523e-05,-28.20836299300214
6.728744545674702e-16,7.156731729024017,0.003734157692212303,-43.85506503398886
0.1168168847843517,10.81365749341352,0.0005037702924685639,-29.06773309006075
9.555848176237971e-17,13.23429613982984,0.000137436536739588,-5.480670502047819
2.0956015268462,6.060017062227359,0.006913817418301271,-133.649867562216
1.028145822447522e-15,13.67008639537372,0.000108948957408761,-60.79569390480783
5.114956077737342e-17,10.65590107477389,0.0005486013858883032,-12.86170883824305
0.3048442809345873,4.363003575588124,0.01836374759166493,-42.61180729814976
0.2738308066708219,2.709330275126348,0.04988143316108112,-17.48335826307822
0.1875805284581977,5.309622718582617,0.01060397428549165,-52.11565940644509
0.1215272432160189,10.22348370526849,0.0006933184562696315,-35.35756648778406
3.17603086687411e-16,17.20082224306924,1.681453838853209e-05,-26.77511536663999
1.028145822447522e-15,7.086044481182341,0.003884326359565815,-35.78737709549988
0.1769295533983574,5.834284778449558,0.007858398866174343,-16.47728044569214
3.17603086687411e-16,17.19917061133169,1.682916343842544e-05,-25.93275509319144
5.840566125974614e-16,14.18352034414217,8.290820925960229e-05,-28.79780790140547
3.17603086687411e-16,13.11618613699087,0.0001463776990376919,-12.59258362718176
5.840566125974614e-16,14.19437856462218,8.24311492685359e-05,-21.01713023686249
5.840566125974614e-16,17.21399028513342,1.669839254875294e-05,-34.76464453085361
5.840566125974614e-16,11.30681687075749,0.000386115231016837,-24.90247002364566
3.17603086687411e-16,13.1261814936232,0.0001455988316497736,-12.07948563735409
5.114956077737342e-17,12.9803771915221,0.000157386274345972,-5.218693931213626
9.555848176237971e-17,17.20951513822665,1.673777387217745e-05,-14.9662418479902
9.682324783204268e-17,17.21916494996745,1.665297154879175e-05,-41.85549350063268
1,0,1,0
1,0,1,0
1.028145822447522e-15,17.20478394036277,1.677950996425981e-05,-85.72951688900586
0.09135041483402409,15.08948358035018,5.126645364433857e-05,-16.57243483642241
0.5955390653181578,1.284595295888778,0.1285231815348425,-46.96398255890465
0.1424428658354526,8.131377738610119,0.002175283771446823,-16.5019466810258
9.555848176237971e-17,16.5639862034434,2.351789855742359e-05,-12.60329425933138
1,0,1,0
3.17603086687411e-16,9.094797784884747,0.001281687754452865,-24.49910204581318
1,0,1,0
0.2198385311584261,4.06135610699188,0.02193762549467854,-43.80077041931265
5.840566125974614e-16,13.52281244630356,0.0001178404753705009,-38.14227134429156
9.555848176237971e-17,13.52306607297701,0.0001178245506984754,-19.45329216785456
5.840566125974614e-16,7.307596221348575,0.003433185855893139,-19.64847139269952
9.555848176237971e-17,13.25399125175056,0.0001360000574508469,-5.482981442807217
0.3077752635183809,4.275282630969585,0.01933526613303443,-49.01180593200982
0.2735011817555553,2.715724542875677,0.04968192237761876,-50.809643890395
1.028145822447522e-15,17.21586283296966,1.668194176412952e-05,-81.51219223961832
3.17603086687411e-16,9.292636568021639,0.001150383903239738,-15.6437385720401
9.555848176237971e-17,16.56870281457948,2.345947864396125e-05,-33.44826079910793
0.2197688111321487,4.063602467474148,0.02190846413226438,-17.34838266412418
3.17603086687411e-16,14.19981666092184,8.219326443270614e-05,-12.19130411135058
1.028145822447522e-15,14.19981670975733,8.219326229957913e-05,-86.47808409485295
5.840566125974614e-16,14.03721360228175,8.961415467684253e-05,-20.33553334780946
0.2819331068150795,2.559159661940754,0.05482842868474724,-41.15058515078437
9.555848176237971e-17,12.20213773498307,0.0002386739222542955,-12.86096399402711
3.17603086687411e-16,17.84811061618199,1.196283534232734e-05,-13.98232281316466
5.840566125974614e-16,13.41657024778898,0.0001247056481616937,-25.03171483344144
5.840566125974614e-16,7.307745430057874,0.003432900790696358,-15.13813163013956
0.3017369211683853,4.455971191828191,0.01738971708146086,-23.84508960665047
0.1407699362813562,8.275926707316415,0.002008707637660589,-32.65642300808385
0.3046356490140339,4.36926392796525,0.01829639772815345,-34.81311623688173
9.682324783204268e-17,14.03707097168375,8.962095182446506e-05,-32.59309303424847
3.951710696800299,31.21860043177304,1.152732265197187e-08,-164.5129490484096
3.17603086687411e-16,13.13121129894695,0.000145208476082348,-12.07971288136713
9.682324783204268e-17,13.41657030074947,0.0001247056446408989,-43.06061684786989
2.287852447174094e-16,13.25359581069149,0.0001360287498612389,-44.21256462378068
9.682324783204268e-17,12.20199616931102,0.0002386920346605925,-24.83671694702565
0.2974117129960612,4.592107914918913,0.01605974460444748,-29.45822604158478
1,0,1,0
3.17603086687411e-16,10.66680005974012,0.0005453782560291276,-22.7706493278309
0.2976941918632611,4.583156188133756,0.01614384567601851,-42.77822434173992
0.3044931916660589,4.373552411572902,0.01825041083648399,-23.11085299905929
0.1538959578073434,7.241367549289606,0.003562134813640427,-19.08602695651379
0.1637181454507863,6.585603377402379,0.005140338190634808,-43.77618084551757
0.09134135662901369,15.09145624537187,5.121290750714769e-05,-14.7018129636718
5.840566125974614e-16,13.25344877747327,0.0001360394198528514,-50.86718827942808
0.2979912713258109,4.573761299815402,0.01623260479568339,-39.5408676327234
2.287852447174094e-16,7.307713513291155,0.003432961766065223,-28.17533602294628
9.555848176237971e-17,11.31134711786784,0.0003851743115703687,-13.1620235338803
0.298007045825833,4.573267855115439,0.01623728071980124,-22.5712877239211
0.1406236602392579,8.286389481671506,0.001997166426265906,-38.32384058103749
0.5985821059710165,1.256932004005677,0.1311163101615241,-63.6887753953751
0.1162961472172388,10.88161473019704,0.0004856176751725783,-36.90053699548316
9.555848176237971e-17,12.20199633586314,0.0002386920133505277,-17.84425348464674
0.1539406515175716,7.238174169525649,0.003568476021990841,-47.99904817862014
3.17603086687411e-16,11.31137560974523,0.0003851684012259882,-13.85460348246957
0.1507964294872341,7.467581344955519,0.003140994551301957,-44.61864605112584
2.287852447174094e-16,13.52289891672683,0.0001178350458354016,-39.17739515985688
2.449231293967717e-15,7.096501015835315,0.003861729082644483,-67.82193267411928
0.1538823357102757,7.242250644294231,0.003560383253304544,-41.14208263139267
0.1637701918670707,6.58249848559295,0.005149311890019825,-24.44308010290775
9.555848176237971e-17,16.47521907211884,2.464506143168288e-05,-11.83745608719223
0.1182681213585004,10.62418495459833,0.000558090768886077,-16.90401636809639
0.3079171993999809,4.271121449707223,0.0193826691611696,-30.5416290811938
3.17603086687411e-16,13.25379168163644,0.0001360145370956078,-25.10867808135086
1.028145822447522e-15,6.738260029406732,0.004718331028492118,-40.29776993543907
2.287852447174094e-16,13.25362058589762,0.0001360269520427893,-37.49812651678364
0.1638339912731902,6.578549468712808,0.005160748473213794,-15.20175919570893
1.028145822447522e-15,12.20052742800397,0.0002388800324238938,-185.2906153572674
0.2976830366686896,4.583513124562643,0.01614048349040204,-30.79698917971449
1,0,1,0
1,0,1,0
4.004733053112191e-17,17.21458693496058,1.669314906682651e-05,-7.103785012232169
0.3536021275841998,3.150248188143735,0.03795770775760515,-60.2533797160084
1.028145822447522e-15,7.100138851629282,0.003853899026641017,-57.25935497425408
3.17603086687411e-16,14.03701355959956,8.962368797876819e-05,-24.05852413210484
2.287852447174094e-16,13.13118650889182,0.0001452103974114438,-32.91103083868439
1,0,1,0
4.004733053112191e-17,13.41657030078753,0.0001247056446384009,-13.40289855591513
3.17603086687411e-16,9.094797785431943,0.001281687754069449,-13.34450567688194
1,0,1,0
0.1407927807090427,8.273922844551208,0.002010925777680916,-38.29180607882583
3.17603086687411e-16,12.98525084749615,0.0001569771376783158,-25.37698992116063
0.5623228787165148,0.8095736176314006,0.1841231704226091,-82.8091468597373
1.028145822447522e-15,7.163255008490253,0.003720602140532714,-49.37031326431409
0.4466622291941649,2.592942564828022,0.05367037441857891,-42.84092099502036
5.840566125974614e-16,7.095096673702912,0.003864756130022795,-29.11853703701821
3.17603086687411e-16,7.164865312387185,0.003717263632544043,-26.87187617843776
1,0,1,0
5.840566125974614e-16,13.25387718664361,0.0001360083331601869,-18.56545147808238
9.555848176237971e-17,12.98529149978281,0.0001569737294888629,-11.29825256149827
0.1212767635372487,10.25915080721149,0.0006800413558245011,-28.91766501929463
0.1490412301350883,7.6022910930308,0.002914708954872169,-47.07003505261352
1.028145822447522e-15,7.161298762196779,0.003724661985107458,-50.89719542611324
0.1423717441880203,8.137242640308131,0.002168258912168985,-34.84679652073084
0.2197072996209617,4.065590335067377,0.02188269243948454,-22.35817963681221
5.840566125974614e-16,13.52266878100711,0.0001178494967670196,-57.3421215235532
3.17603086687411e-16,14.03706644687352,8.962116746558113e-05,-18.46355296509975
3.17603086687411e-16,9.292850110622961,0.001150249812418347,-12.92504613836943
0.6038377479729872,1.210383417718546,0.1356281001744538,-45.2560042162489
0.1488017495012706,7.620648101815704,0.002885187340110285,-51.24695531172071
5.840566125974614e-16,12.19944851044433,0.0002390182282445696,-20.07456294810118
0.7587722347271351,0.4177316390358072,0.2590355439428438,-63.41248618254234
1.028145822447522e-15,6.742135612614618,0.004708091839799922,-39.37006919723459
9.682324783204268e-17,9.094797785372386,0.001281687754111194,-19.41695839719234
1,0,1,0
0.4913535714216846,1.943226523548418,0.08165931556792472,-82.10855207544604
0.297788919537015,4.580167919047213,0.01617202256468692,-38.42952036370819
0.3642193678659322,4.407223602116503,0.0178935205629307,-39.7606036774899
1.363822415926981,1.042198518949419,0.1536553526751455,-125.9437556702533
5.840566125974614e-16,7.307581006815411,0.003433214924816741,-38.73876663649229
4.936130869128893e-15,6.782216042428615,0.004603525650677287,-96.22982801277924
2.731941657024047e-16,12.20203740497209,0.0002386867586829933,-10.88938101003344
0.9070497198220905,0.05886536528950614,0.4041491739778428,-68.77569973371095
3.17603086687411e-16,13.25390544973408,0.0001360062825548347,-11.61583560056929
9.555848176237971e-17,14.19981671019457,8.219326228048329e-05,-30.41491280196746
0.4916284476926867,1.939852074319589,0.08184229830485124,-58.8737659622082
1,0,1,0
1.528552017528857,1.566648762507725,0.1053471814493219,-80.10622828359986
9.555848176237971e-17,16.56398798931927,2.351787640991754e-05,-31.64771289110248
5.840566125974614e-16,13.25379536532296,0.0001360142698146882,-32.05663855503116
6.728744545674702e-16,17.21917197780135,1.665290994595781e-05,-105.6576633658483
2.287852447174094e-16,14.17100419763582,8.346156185878861e-05,-38.36089874171734
1,0,1,0
3.17603086687411e-16,12.98527051864979,0.0001569754884870322,-17.78792053608561
0.1768092556103277,5.840621587646901,0.007830146657685,-16.38479820703402
0.2197574686058228,4.063973662781279,0.02190364934994871,-26.38318007680185
1,0,1,0
1,0,1,0
9.682324783204268e-17,14.17107284137764,8.345851692215245e-05,-33.00808403010807
0.5702138553105527,1.532785325201544,0.10784744901758,-63.05697336782296
0.3016760907854474,4.457762968340859,0.01737148430942653,-35.32717118040868
0.5957630210238473,1.282551572537443,0.1287125760816052,-112.9101058411274
5.840566125974614e-16,14.17109253151353,8.345764351697094e-05,-19.08289286701364
1,0,1,0
0.6160763959240178,1.107893728067154,0.1462701320177403,-44.87654655119476
0.1119843389531867,11.46873637280784,0.0003538839431256879,-22.14425553640469
0.2976806540951921,4.583588599788797,0.0161397726402801,-56.26791137886725
1,0,1,0
0.1507891203765048,7.468207001830528,0.003139903149665446,-23.41312843404594
9.555848176237971e-17,17.21987421453896,1.664675561102724e-05,-13.87810173712421
9.555848176237971e-17,13.41657030078753,0.0001247056446384009,-19.94544351970987
3.17603086687411e-16,9.094797785332375,0.001281687754139227,-11.7758476573408
0.2848072544475874,5.012176719420609,0.01258482029757707,-56.23187322215381
9.682324783204268e-17,9.094797785394249,0.001281687754095873,-33.03404309730115
0.1460908005644447,7.837266898285463,0.002558996474917474,-75.96899774566089
3.17603086687411e-16,12.2020785159992,0.0002386814987690999,-19.45572631281547
5.840566125974614e-16,9.094797785369529,0.001281687754113192,-26.2954066758236
5.840566125974614e-16,9.293512969862284,0.001149833681059087,-27.31659725593449
0.4620357701879081,2.348518918326107,0.06270105052436686,-47.65025736777248
9.555848176237971e-17,12.98533278000361,0.000156970268731238,-12.40078618662368
0.2819032021523675,5.1172502275044,0.01184456280134588,-36.36104245830211
2.731941657024047e-16,12.2019963019689,0.0002386920176872254,-24.83913308635498
6.728744545674702e-16,6.738077218541832,0.004718814572950369,-26.34573595895109
0.301728220696561,4.456230669867786,0.01738707544441376,-26.86184312249554
9.555848176237971e-17,16.48155783955642,2.456280097101748e-05,-27.58171708891607
0.1539908619542975,7.234689451788487,0.003575408912001699,-13.69888418846896
0.9258544730008105,0.0364511643229406,0.4242933988034228,-51.78875694343114
1,0,1,0
0.7132528237251782,0.6397191741207848,0.2119062533092282,-50.3548128715289
6.728744545674702e-16,17.21503660845434,1.668919833691662e-05,-65.4585736428197
0.148784512763624,7.621977452265895,0.002883061367657036,-42.21762812538554
0.3277323493663088,3.735294459077608,0.02663713795357309,-69.22950156283299
2.804502661847769e-15,7.104935070763332,0.003843600474529474,-73.22204655479288
0.1538861731442271,7.242090804929589,0.003560700218841084,-22.39272542525342
0.2151998450616722,4.21636642546148,0.02001790411523169,-22.64997229662373
0.1489613693051405,7.608411341016911,0.002904832328111839,-31.92996702872538
0.4672958665931139,3.028681217382996,0.04090224101204093,-75.60964429111192
0.7619133845315887,0.4048230789253466,0.2623044355303369,-59.59263139009684
5.840566125974614e-16,9.094797785429094,0.001281687754071448,-20.3669084394629
0.5472640744917596,0.8962749910609418,0.1718912452670572,-29.34404188663088
9.682324783204268e-17,13.13120402717766,0.0001452090396710792,-18.90888080282704
1.028145822447522e-15,7.166118567518517,0.003714667482670186,-17.39524579741062
0.1407513302050828,8.277544809547585,0.002006918325296314,-17.60327104604281
2.731941657024047e-16,13.13120299323334,0.0001452091198057559,-26.00958394540906
9.682324783204268e-17,9.094797785314618,0.001281687754151661,-18.31857132621117
3.17603086687411e-16,9.292883047977121,0.001150229131320457,-14.94898661006325
0.2980893181258146,4.570666110398612,0.0162619583380238,-21.76327069539299
0.5956546020566569,1.283538902350244,0.1286210359310139,-57.7677721348638
9.555848176237971e-17,14.19981671021672,8.219326227948409e-05,-16.36673151418508
3.17603086687411e-16,17.84793497551572,1.196393957653141e-05,-18.66578041570585
9.555848176237971e-17,9.293852690935495,0.001149620469350854,-29.34075258101743
0.5580899719579587,0.8332976458511467,0.1806603551883471,-60.3558795409491
0.4465861775153094,2.594200832060579,0.05362776389160628,-43.13883163259471
0.2816332477544069,2.564350155471317,0.0546487311173578,-78.72358109853515
0.5951419811285326,1.28821246004469,0.1281888165247353,-63.90891789992058
0.1487944260517993,7.621226401925796,0.002884262293413931,-15.72522240877542
3.17603086687411e-16,10.66814266490707,0.0005449825381460549,-14.72590001814392
9.682324783204268e-17,7.096703236233978,0.003861293398021437,-18.71601293242265
2.731941657024047e-16,17.22011139377262,1.664467751161247e-05,-14.97978548506635
1,0,1,0
0.1521991567542183,7.365804965903436,0.003323791737218584,-16.157288191526
0.1119854832916634,11.46839628893507,0.000353948708668006,-40.8490666010169
0.1767600609289779,5.843056261562865,0.007819319688074644,-28.72122746515928
1,0,1,0
1,0,1,0
5.840566125974614e-16,14.1710730091073,8.345850948204836e-05,-25.70164408398789
5.840566125974614e-16,10.66814248012938,0.0005449825925872287,-31.79923017172629
2.601266360119932,10.88979823936648,0.0004834768038203263,-147.7510516738045
1.41636334840682,1.296155215148559,0.1274583569688884,-113.8730711201033
9947.538899439531,17.80600516700093,1.223050004123261e-05,-8.573357985288263
1.000113799005166,1.4210854715202e-14,0.4999999524423742,-4.537199468747435
1.018382682848981,0.001629713515370668,0.4838991890906885,-87.84494351641167
400.2868403214616,9.0056237477067,0.001345750580817651,-7.4933963443446
2.804502661847769e-15,6.975593079772949,0.004131441687856174,-47.37939399816377
4.553970794154964,21.23533155437536,2.031035544469706e-06,-178.2083306664812