dN/dS,LRT,p-value,Log(L)
1,0,1,0
1.053084979666761,0.01573588427959294,0.4500865217069284,-86.96768892064514
0.9083150172985954,0.0571995526989042,0.4054890998231938,-65.86421061331448
0.3807793415402331,3.956338586835741,0.02334758300661099,-28.52503616758756
0.3048703356435351,2.182356077581105,0.06980030393971037,-34.39517025794797
1.444838119575807,1.079459383833893,0.1494092635239285,-73.94381238460434
0.8012633296228081,0.2641294742172846,0.303648619489242,-50.63209012885067
1.206665321484341,0.1325259934429255,0.3579136229418706,-81.36272313770962
1.028145822447522e-15,6.55298796882478,0.005235408667100483,-36.51069207433365
0.708634531036348,0.3996408665892091,0.2636373933130012,-55.12024259573431
0.1599962513790505,6.826448914687298,0.004490883106695487,-15.93931048711359
0.5744023565997144,1.117626744604337,0.145215025868036,-30.95367091635756
1.060225999573424,0.02343479867023746,0.4391659038233438,-61.62910631508582
1.12223912406441,0.08943055730026117,0.3824511680109665,-70.68498341500718
0.9090571000022731,0.05621672316928539,0.4062893500257355,-72.71166735158282
0.4863988120204477,2.007206755195796,0.07827666467956135,-30.10244721796593
0.9084851383784975,0.05697343992864035,0.4056725602977592,-84.80032106269498
0.1529417728624727,7.311058419202876,0.003426577505551531,-15.72765269292473
2.731941657024047e-16,12.49146448690539,0.0002044077931507293,-13.27636493742892
1.028145822447522e-15,6.225262301760431,0.006297012525234014,-19.89340282771463
6.740639792367023e-18,13.16558789408677,0.0001425686577586349,-6.284596431090105
0.126913293376962,9.615098178396742,0.0009649207272524607,-13.83614164980817
3.17603086687411e-16,16.05898733560053,3.069975590591634e-05,-6.893799277312881
9.555848176237971e-17,8.450556759294507,0.001824658529430812,-11.34141052329701
0.1586082948417499,6.920103501786137,0.004261602139383314,-28.9351201440811
0.3025115083202131,4.434110706588768,0.01761378365331162,-75.16703455921305
0.1619891924530334,6.695759255913018,0.00483212518342313,-28.59343696990699
3.17603086687411e-16,12.33648541935952,0.0002220952560664791,-25.65436921853852
9.555848176237971e-17,8.646778719114248,0.001638200575563187,-14.78425348575542
0.1600575520319947,6.822431433382206,0.004500996389769529,-30.59635029004414
0.1531137374457709,7.298644208131911,0.003450333112115012,-17.74997803467193
3.17603086687411e-16,12.47659624549037,0.0002060411861715683,-18.6337259194448
0.1600258275514538,6.824510645608726,0.004495759440936276,-40.00212161511224
0.1531043859533368,7.299301711238449,0.003449070717409353,-21.3456316131938
2.731941657024047e-16,12.47659620251892,0.0002060411909113324,-12.57682985174048
1.120240679905665,0.08673827253738864,0.3841827286139132,-79.52996858378887
9.682324783204268e-17,6.546153135951698,0.005255558927975024,-50.53805228456032
0.3304342968583287,3.669118103761804,0.02771475283207508,-41.57792354036393
0.5260629844371507,1.548105775512965,0.1067076488762384,-39.14841888597916
0.1621668318752068,6.684355921043775,0.00486313293502999,-19.04355666249394
9.555848176237971e-17,12.50403325797045,0.0002030372076093356,-11.84266120701629
0.1599962459597042,6.826449231051861,0.004490882311221689,-15.93868525460907
5.840566125974614e-16,12.50403186606324,0.0002030373588780554,-18.60868488024651
9.555848176237971e-17,12.49146448690731,0.0002044077931505073,-12.17389977023259
9.682324783204268e-17,12.61003174231116,0.0001918409947956334,-47.10372353609976
0.2020776403412221,4.694267208407865,0.01513170055897978,-40.00388670041582
0.9606874197175498,0.00976158052003484,0.4606482519315304,-63.7602416768099
1.135655862894225,0.1083381905634155,0.3710220360825478,-96.53570609308528
1.501384876110109,1.301857545565582,0.1269371001008985,-101.2612743113353
9.682324783204268e-17,6.552759072883028,0.005236082207833392,-22.89910104429205
0.3299128971379175,3.681924691436492,0.02750265999604212,-28.95325522605064
1.690563249240732,2.557454738813476,0.05488759563781964,-105.3880016824164
0.879896815283026,0.08524429933669353,0.3851562090465701,-68.33820575711918
0.3174426469549595,4.006254339634225,0.02266587725022406,-60.02035201365362
0.648621810967227,0.8687039181228897,0.1756571844846708,-73.00666533406395
0.8739189879051668,0.1328081507005265,0.3577690185438047,-86.16868710637003
0.1757543632690263,5.892124518975862,0.007604370751767731,-33.51692719656161
4.936130869128893e-15,6.549866434715085,0.005244601638621504,-68.07645124545233
9.555848176237971e-17,13.16538701128866,0.0001425839423935815,-13.2759670097312
0.7034814505660835,0.5569777187053688,0.2277402675860287,-38.38755646024708
0.3052089162573068,2.177248602146122,0.07003233174722701,-32.16394810297603
0.91432447529229,0.05776437588156114,0.4050324891113644,-64.65250781124247
0.1245334660972261,9.882150820848139,0.0008344487305139148,-40.77717213122506
1.121116407052284,0.08791399781307518,0.3834230082190982,-74.16191701286675
0.7573824949526066,0.4237470684526699,0.2575366135556963,-45.87598416707627
0.1566792668336126,7.052694927999092,0.003957304429420494,-17.86164077668729
1.028145822447522e-15,6.617284020021302,0.0050496865781125,-52.61485419811059
0.1585997845354368,6.920860887062709,0.004259797605091153,-16.01451506922981
1.028145822447522e-15,6.617056731246961,0.00505033107616415,-40.60918939638716
0.3736586556404469,4.14540875700996,0.02087378738933787,-46.24784653973374
0.8787256955224702,0.08706897327130037,0.3839684762539576,-46.62459563230392
2.287852447174094e-16,13.17069076766805,0.0001421809471482405,-33.81955213446519
0.811217111888544,0.2344161766165769,0.314134229700433,-63.63087569143311
0.1637291269042781,6.587597691926845,0.005134582718559322,-22.04634030981223
3.17603086687411e-16,13.22401280284346,0.0001381926280722423,-12.91527647813218
0.1244543460216299,9.891086627484611,0.000830406338691636,-41.1307351376568
1,0,1,0
9.682324783204268e-17,12.20670748436558,0.0002380899970130801,-45.95395584447768
0.3049682899770828,2.180785910491807,0.06987154316225441,-46.51169090959944
5.840566125974614e-16,15.4710659815749,4.188896706236456e-05,-35.00516023034777
0.161980983857643,6.696168767731137,0.004831015421436269,-33.95761896307243
1,0,1,0
0.1649531084945047,6.509808666038566,0.005364052537232877,-51.39010239571649
3.17603086687411e-16,13.17073641661152,0.0001421774835937417,-13.51458088654388
0.4948872994785189,1.899520282036661,0.08406601231539906,-51.84843428566006
1.393613558409411,0.5922508761869949,0.2207750182493489,-54.41883719671861
0.4985194463258468,1.856991135455047,0.08648623422692203,-46.22855800921993
0.6067362480172036,0.8897858813569144,0.1727676693331132,-49.93059630528823
0.320094753675947,3.934048678921229,0.02365894822017528,-23.5122514357612
1.214465649874569,0.2827449280498513,0.2974538559717813,-86.72606888240989
0.8445565184078792,0.2111721243128386,0.3229251261076431,-70.29011519065075
0.4627128194755338,1.559829682957087,0.1058450798817782,-32.92592429613951
4.936130869128893e-15,5.802874035890884,0.008000000322286649,-4.56122915877187
0.2020442185861769,4.695576963513716,0.01512017222339129,-35.12461549254727
3.17603086687411e-16,8.463426925808449,0.001811792492527387,-12.49419349984274
3.17603086687411e-16,12.20622771070374,0.0002381512349727832,-20.03524174233774
5.840566125974614e-16,12.50403327141811,0.0002030372061478936,-27.41991518486363
9.555848176237971e-17,12.11620176629614,0.0002499280671932613,-25.91561575720499
0.480265072736335,2.089135066467975,0.0741750198446694,-39.60859426634185
1.819273301422446,2.66065063989754,0.05142932606494838,-86.52935939151736
1.088019041131364,0.06216771771653384,0.4015510040919546,-69.87586252363604
0.462434754958057,1.56262379141031,0.105640730002841,-24.69420560016355
0.7643260584278467,0.3949747723545727,0.2648479863975316,-47.02607493155437
1,0,1,0
4.730343101349462e-16,15.4665733424393,4.19886547705639e-05,-19.98049664096066
2.731941657024047e-16,12.49146450030455,0.0002044077916846243,-28.36898566597533
5.840566125974614e-16,13.1707181499905,0.0001421788695397663,-20.05151779673333
4.730343101349462e-16,8.463426925808459,0.001811792492527387,-12.49444225721042
1,0,1,0
4.730343101349462e-16,15.46691766379795,4.198100614410949e-05,-29.21144060596406
0.765940756907629,0.3884997311313043,0.2665445313616011,-67.87668038795785
9.682324783204268e-17,10.44959881837842,0.000613380482151149,-19.32370676711031
0.4915196009359638,1.941364878814682,0.08176020718744975,-73.10311053113757
1.3872553750026,0.8647711664247879,0.1762034749720726,-77.50740646367748
0.4726955327074759,1.462087112209375,0.1132991656022422,-25.28826215854939
5.840566125974614e-16,12.11617135589821,0.0002499321430856627,-23.96003958449951
1.028145822447522e-15,12.11601663502569,0.0002499528812960894,-54.51182860112215
2.449231293967717e-15,6.5500747824386,0.005243987535777928,-54.21652349091693
0.1300145496210432,9.291274056017613,0.001151239845368524,-35.56760098718905
0.1649185861951886,6.511976424372051,0.00535751749576685,-45.67864419150046
0.2956647968881567,2.323898616045923,0.06370018267735306,-29.56362295894448
0.6042334814454238,0.6040315081406504,0.2185219721147862,-47.56575170945667
3.17603086687411e-16,16.60819191325567,2.297605618067911e-05,-17.93887368704477
2.731941657024047e-16,8.646538569341928,0.001638416519007702,-15.47907775032078
0.3193625149417008,3.953527094614387,0.02338661715475487,-31.37875369951938
9.682324783204268e-17,8.647560623445798,0.001637497685075151,-20.56840059445822
0.4629784796352798,1.557152468437295,0.1060413206154734,-37.87780314002595
9.555848176237971e-17,10.44869566314102,0.0006136804664754747,-6.011314651144573
0.8262886734326588,0.1937427774437595,0.3299098112672101,-40.0549564365174
0.752907258754184,0.5315174104510731,0.2329848032215771,-96.65182531535284
0.1913553376087077,5.139576444442277,0.01169317660220104,-16.89096472037894
3.17603086687411e-16,12.11607451466596,0.0002499451231210426,-28.45559115866385
1.394022748596811,1.086089418536233,0.148669647208093,-101.2926975985649
9.555848176237971e-17,10.4494917936044,0.0006134160228334351,-24.54275180573698
0.1566330311331628,7.05586722257965,0.003950302631245406,-44.62040631514954
0.3513408814129543,3.19479004360231,0.03693662771817818,-45.45476503236405
0.8005705096606396,0.266275947056215,0.3029204549619826,-41.16886836931184
0.6031159388677598,1.521712869804034,0.1086802344844169,-53.5923937521524
3.17603086687411e-16,8.642743289049504,0.00164183309120236,-6.249615589157428
4.936130869128893e-15,5.802089973131409,0.008003568373191494,-4.56122915877187
0.3136785873756265,4.110922335430132,0.02130356009070372,-32.87436457366161
1.139214435517333,0.113591281947663,0.3680459900518973,-75.00359655193542
0.3177038034800586,3.999302170659782,0.022759553120826,-30.07871602535272
2.287852447174094e-16,13.05459616663899,0.0001512705299678285,-39.81693167559163
0.88663316257803,0.06020535549794204,0.4030858308739645,-101.7882777480082
0.9771451877577849,0.003224110536137914,0.4773597244394008,-74.53834340315665
0.1755153889652182,5.904983230517409,0.007549054707504166,-25.74758001762365
9.682324783204268e-17,16.06505653744165,3.060151598921479e-05,-36.00505529169309
1.280499008284604,0.4500531076539289,0.2511548677520163,-76.42160156372631
3.17603086687411e-16,12.49146450030256,0.0002044077916848464,-47.50926542914886
0.4536960544646707,2.478917142691557,0.05769083328360425,-57.012437706387
3.17603086687411e-16,13.2240127628335,0.0001381926310221049,-12.7016147329496
1.028145822447522e-15,13.17057153622849,0.0001421899940807214,-51.92045313015385
1.099228106651153,0.06038331775640415,0.4029455569027068,-63.33305353071284
0.7938748448788046,0.2877180456349464,0.2958432924554112,-48.25932691580933
1.060614521917436,0.02372631677786785,0.4387916638064597,-66.15887656328067
0.2584780366753431,6.05527699359402,0.006932400234141267,-55.8087551951122
1.061138602149545,0.02412239237355607,0.4382869482262895,-62.5471331470864
0.8773485706093209,0.08931826433882861,0.3825228184120136,-70.63071453668351
0.7230334720256464,0.7039780054142852,0.2007251232499397,-63.89454868482748
9.682324783204268e-17,10.44962554227371,0.0006133716080312657,-19.32169166196232
0.2362617108174,3.573844688950757,0.02934813238042744,-23.75064295500784
0.3516247968427575,3.188849834915118,0.03707107994337028,-34.01980952116391
0.3239042868189118,3.833421750182382,0.02512013455937268,-21.3897602809211
0.3208643211320689,1.957430381045981,0.08089420072972409,-61.48090068504255
0.1272200489355783,9.576793812731751,0.0009852611271563005,-40.15114756309543
1,0,1,0
0.3049289194394366,2.181363849149889,0.06984531232585356,-62.50894555371714
0.479952963172213,2.09335660659147,0.07397035634491878,-41.53823201854711
0.5272587973272763,1.535846360960548,0.107618563250265,-41.5172666018796
1.057810323193975,0.01855014608099737,0.4458320140739192,-92.0448708225658
2.878656214995233,17.75535148031668,1.256049305847773e-05,-198.1788732492174
3.431546878321286,21.93473365956783,1.410409567803583e-06,-175.7011938821313
0.2312065614589014,3.716959815417567,0.02693117912725329,-29.44510520137211
9.682324783204268e-17,8.463426925556419,0.001811792492778463,-36.95508503824261
1,0,1,0
0.3512923124870503,3.195824322486402,0.03691327113604459,-56.86073941933918
0.165994225142608,6.451551722004773,0.005542774052869348,-26.79056346230061
1.089822241011003,0.06482371981726942,0.3995140880427166,-85.01059155357532
1.409101312260195,0.8393726050958037,0.179788133889574,-86.91872759928827
0.2020505768731423,4.695329808113826,0.01512234695997111,-35.64435214364864
9.555848176237971e-17,8.463426925823246,0.001811792492512676,-13.18864484795352
0.1636315273737932,6.593089333103293,0.005118768291104914,-62.13669528266679
3.17603086687411e-16,12.33659237206773,0.0002220825318864361,-11.88678237429279
0.1529187458819126,7.312624066346288,0.003423593398176272,-20.20251905235279
0.3511354232838063,3.199131106366302,0.03683870206204076,-28.70749548732909
1.248164099948635,0.4560221474664274,0.2497444597397289,-102.0388765752099
3.17603086687411e-16,11.38372207353425,0.0003704525351049814,-12.13429406561278
0.6606926540334106,0.7910347533667306,0.1868937110843912,-46.70632086515953
0.80056864243432,0.2662810094367103,0.3029187420100186,-88.24154105499936
2.804502661847769e-15,12.02339121967367,0.0002626851286050558,-74.12331889496041
1.028145822447522e-15,12.50403327131822,0.0002030372061587737,-48.95560202959999
1.028145822447522e-15,6.553080743126216,0.005235135698174909,-40.67993693464979
2.804502661847769e-15,5.798321365126132,0.008020741159819433,-4.56122915877187
5.840566125974614e-16,16.04604874544027,3.091024824825039e-05,-34.43707031804673
0.492041024669238,1.935607849430951,0.0820731108162408,-43.85855410231763
5.840566125974614e-16,12.59688570754821,0.0001931950133227112,-23.51481942368324
1.028145822447522e-15,12.61059244741971,0.0001917834564741927,-33.75211396956
0.1566218064643102,7.056639721858232,0.003948599511841955,-25.92529008761423
1.011959993041331,0.000702829860216525,0.4894249045029175,-72.6337971111863
0.4806051261764299,2.084547116049748,0.07439817275897059,-48.03632625216225
1.334790912457285,0.8333402128453145,0.1806542232959649,-91.99334098801076
2.286539150156514,7.910422570528539,0.002457539356297667,-124.287253728589
0.1530277198726027,7.30475769428007,0.003438613506673238,-42.96727247212528
1.028145822447522e-15,6.756816810746265,0.004669510462670112,-20.19710984833727
1.028145822447522e-15,6.758367026028409,0.004665455529720197,-24.1908231000105
0.8451727665635549,0.2092897111963055,0.3236623457708052,-109.8015482858535
0.1661512022927248,6.442065253786993,0.005572450105208848,-42.520138766456
3.17603086687411e-16,8.456473381250795,0.001818732306917981,-12.7286752284869
9.682324783204268e-17,6.759133555137446,0.004663451835030807,-20.69559838451783
0.1620994029531872,6.688789848218427,0.004851052123678645,-15.45078315232176
1,0,1,0
9.555848176237971e-17,13.05363882440264,0.0001513478706393623,-5.470331432754669
1.680032584494288,2.50284057550914,0.05682057991604533,-96.104601379122
0.2362562562650916,3.573995080023195,0.02934547494403678,-20.68561566107876
0.640042547371779,0.9277434086865952,0.1677249931382714,-45.70795138097508
0.3826538265203305,2.607733555013851,0.05317182482390387,-29.14862248817786
3.17603086687411e-16,12.50403327136026,0.0002030372061541663,-31.84328033368377
0.498816191075504,2.470095571907706,0.05801543460787023,-100.270965923636
3.836625866444014,26.53583895731589,1.293470293095567e-07,-195.7528510276291
5.840566125974614e-16,8.646599447210502,0.001638361774696118,-12.73074742481995
1.702676797368536,3.099907359050974,0.03914837478217248,-93.07110299736965
0.4725992525092118,1.462994819021574,0.1132271071509691,-38.25376767365927
0.1203619763123993,10.37038025186522,0.0006402658527386862,-22.04736297128612
0.1755185931572837,5.904906712654352,0.007549382646050373,-35.64624699894794
0.3516251046427,3.188879777982606,0.03707040088812052,-43.69089763599396
0.3826896588605271,2.607064287525034,0.05319427328533233,-36.4408010872864
0.3516428729294423,3.188335059462219,0.03708275621912005,-75.21877110859998
1.028145822447522e-15,12.76557340577712,0.0001765286742025363,-61.06666165031681
3.17603086687411e-16,12.11624021036315,0.0002499229146476489,-11.56422929152906
0.1268164159358841,9.625067723586866,0.0009596968604460576,-22.71255307703151
1.365537449260657,0.7876896958611326,0.1873998131177546,-126.9481690071737
0.2547309730624316,6.220826258260985,0.006312808908028544,-31.40910639860149
3.17603086687411e-16,15.37084185783514,4.417052251920461e-05,-31.80977430051964
0.3134134875854955,4.118323197732366,0.02121055241046166,-51.87461361465937
3.17603086687411e-16,11.38370288206206,0.0003704563625119839,-11.44315667322571
0.1597856002954199,6.840287297218737,0.004456225215143106,-37.46569650568121
0.5013488253175358,2.429566645435159,0.05953290506170522,-50.94270847065603
3.547345833943164,25.11474252191704,2.7009149800028e-07,-164.3215131187316
1.48248987962027,0.6810264573900611,0.2046167456188105,-64.04205549999739
3.17603086687411e-16,12.11620171001469,0.0002499280747365606,-25.91399771605797
9.555848176237971e-17,16.06459371699163,3.060899634338421e-05,-26.59480713367335
9.555848176237971e-17,15.36961467270141,4.419922023596312e-05,-13.06432385850363
0.2942169014147702,7.0425284552555,0.003979829210641772,-28.87233001815496
0.3241224900164303,3.827688468705475,0.02520620583910343,-36.21224342657926
1.028145822447522e-15,8.463426925765702,0.001811792492569964,-33.72395345286522
1.655821391174172,1.510732017743322,0.1095137104996324,-59.33974747647414
1,0,1,0
0.4804485737634802,2.086661577655363,0.07429523357147183,-31.03856834845734
0.9148925126582345,0.02442047981534756,0.4379098906960548,-82.39224102860315
1.122643848031547,0.09017179702672706,0.381979432416268,-65.75645040797741
1.324101339240191,0.5738108595721201,0.2243742718873924,-111.770140100101
0.1566390999396961,7.055448282062088,0.003951226578264966,-58.04284031959783
3.17603086687411e-16,15.46691910987772,4.19809740244137e-05,-20.86485420118166
0.6120074894557674,1.141361766688021,0.1426823816191308,-53.29962076512895
1,0,1,0
1,0,1,0
0.8018689158879944,0.2622631426684734,0.3042847957168775,-52.23852627052567
3.17603086687411e-16,10.44965240493217,0.0006133626879636922,-12.59931199024697
9.555848176237971e-17,12.11612438846278,0.0002499384382425029,-31.29119394834425
1,0,1,0
0.1600307334912664,6.824187257161725,0.004496573555291317,-24.69689183356542
9.555848176237971e-17,15.46703460953907,4.197840867387059e-05,-25.76686157410664
3.17603086687411e-16,12.33226029257718,0.0002225985090287819,-12.58114440747794
2.804502661847769e-15,6.552898480594735,0.005235671981278833,-55.96627720705395
0.641843709761174,0.9151705952247653,0.1693731098130882,-73.48062756206075
0.9598879326572436,0.01017389784837519,0.4598285192720591,-72.09915196891428
5.840566125974614e-16,12.76557340375737,0.0001765286743931616,-58.61216873016176
0.1300569952781769,9.28688499233813,0.001154001489606205,-26.59114851157329
0.4727617518748356,1.46146916650487,0.1133482528376227,-35.7812147703203
2.731941657024047e-16,13.22401276283613,0.0001381926310219384,-13.39641562150299
3.17603086687411e-16,10.44959893450346,0.0006133804435896062,-26.33661801170897
1.061215199141838,0.02418056946839897,0.4382131720963052,-82.2918909131507
0.196126912917857,9.866760691748105,0.000841457733533002,-19.96276001957612
0.3300264478127169,3.679063838353329,0.0275498895064249,-40.35279458362542
0.7827158974243041,0.3906994720384915,0.2659659793104688,-58.09087843598143
0.3241212918160705,3.827756508236959,0.02520518256546678,-36.14962503844696
1.365850552491869,0.7887886644128912,0.1872333291535757,-81.18530527562606
0.7790727425980538,0.4063972571683223,0.2619019014079172,-64.38176496975453
0.40432084659528,2.268141218829584,0.06602910319191885,-32.87427437055295
0.1244098522729652,9.896112909120603,0.0008281412669129962,-35.27205388211704
3.17603086687411e-16,12.20691064625566,0.0002380640703675829,-17.73773488628955
0.8207961943462058,0.2079779550129501,0.3241784497164313,-51.68796192370604
0.3274834050809289,3.743235996541287,0.0265108328511488,-46.99696114293216
0.2312484457901038,3.715756171103116,0.02695060240830949,-31.28329349334119
0.152929795092795,7.311684207439839,0.003425384441007429,-31.89993654006359
0.8012502063972181,0.2641698326679176,0.3036348939263317,-49.08112673677437
1.890787081341214,3.974774838217996,0.02309331394735986,-105.2439346074732
1.601996892196496,1.904806703232282,0.08377064072493051,-141.3664778144279
0.6365973870694035,0.9524430275342297,0.1645491121893756,-95.37483876686284
1.844308275950802,3.69265951023894,0.02732620391500151,-99.92672196023608
5.840566125974614e-16,13.17071894156681,0.0001421788094800869,-19.59756865608473
0.4862305275273987,2.009360896663082,0.07816558144646679,-59.6759876379824
9.555848176237971e-17,12.49146448690731,0.0002044077931505073,-12.17407865861204
0.1600023880530788,6.82604615911476,0.00449189592092436,-16.32262370210026
3.17603086687411e-16,13.17069074593509,0.0001421809487972547,-34.10498719581866
2.804502661847769e-15,6.764436822516586,0.004649613301046185,-56.14028579207602
5.840566125974614e-16,12.49146448690443,0.0002044077931508403,-20.44840934447107
1.099018427877896,0.06040655534414441,0.4029272566850006,-85.37992961546448
1.407008261557236,0.8324864823425742,0.1807772604134225,-102.3341663990495
3.17603086687411e-16,16.06517171707085,3.059965467960835e-05,-21.74768589577317
0.1511549495718232,7.443766212476362,0.003182827071099625,-36.27616531203174
1,0,1,0
0.1619847725680759,6.695975520593976,0.004831539081537994,-33.0159264405662
0.8819135664686288,1.314504061156185e-13,0.4999998553591278,-4.360223202982421
1.224699278319071,1.652011860642233e-13,0.4999998378501145,-4.468640249280106
0.8188844406091115,9.059419880941277e-14,0.4999998799228808,-5.08408684972711
3.17603086687411e-16,12.49146452992352,0.0002044077884438278,-29.39918041424789
3.17603086687411e-16,16.60832688269269,2.297442118825987e-05,-41.18061472055464
0.1662206295346767,6.437875351597697,0.005585609028320559,-63.07214775436091
3.17603086687411e-16,12.76557307312014,0.0001765287055965903,-16.21792918998855
3.17603086687411e-16,10.44967664429891,0.0006133546391041689,-13.23990236113657
0.858268804568288,0.07364463370680596,0.393051141770126,-65.79235523858596
0.1619923996747073,6.695286076667202,0.004833407807072254,-52.93876866911297
0.6888822303596441,0.8174959378843312,0.1829566567339516,-63.24150807653228
0.6355628735062667,0.9599409441572959,0.1636008786849324,-50.50768997222237
0.4740268417700215,2.176391819030812,0.07007133934399684,-60.84486676365464
0.6557645134771735,0.82206923187087,0.1822879324912818,-65.77920695547643
3.17603086687411e-16,12.49146448692539,0.0002044077931485644,-21.11398704364935
0.1637301504858897,6.587535219937724,0.005134762908697854,-15.91571284554189
9.682324783204268e-17,15.47048832652116,4.190177136736972e-05,-44.95108315909384
0.8793879567351175,0.08561820846281876,0.3849117045449706,-65.68894924492959
3.17603086687411e-16,13.1707090023389,0.0001421795636060152,-19.64647116212202
0.1566517067760925,7.054568471655998,0.003953167664359325,-52.1782132445297
1,0,1,0
0.4725364695756403,1.463588107376829,0.1131800386055804,-30.31676587868534
3.17603086687411e-16,12.50096132883956,0.0002033713335050091,-31.34354110593845
0.526836966505623,1.540131565324032,0.1072991115267197,-47.70136960470533
0.1203884011534167,10.3670843013041,0.0006414099327087808,-38.30754624007715
0.9649255161853202,0.007725002115293478,0.4649812610405273,-61.93177194752546
0.3516532890393121,3.188273333156005,0.03708415657695041,-25.56014315808234
0.3024162500132048,2.219265404935015,0.06814894891339918,-26.06833039437613
0.1301984356971921,9.272440157569164,0.001163137879217013,-21.13120397862765
0.6107981131475363,0.5761444018390449,0.2239137865618087,-56.43843646242362
3.17603086687411e-16,13.20777580841074,0.0001393950138815492,-23.81605879976294
0.1603513812471522,6.803234518959897,0.004549644055751922,-45.53133006111039
5.840566125974614e-16,15.44815783110333,4.239977947612106e-05,-20.86566670677149
1.028145822447522e-15,6.609215543601891,0.005072617187743933,-43.47564047235253
0.1253839365355618,9.786716108373056,0.0008788855054814859,-28.69971345265134
9.555848176237971e-17,12.31693872887824,0.0002244331252497789,-5.348420462374231
2.252128528102375,7.145204174872788,0.003758235817445887,-132.2845159616512
5.840566125974614e-16,12.74983949549171,0.0001780198573834713,-47.21855352789692
3.17603086687411e-16,9.881767095704278,0.0008346227663494354,-6.810945021051501
0.3279631369892049,3.731220536155476,0.02670217824390114,-42.26394149934245
0.2958470303543078,2.321011648853677,0.06381849599134959,-17.29671480594543
0.2022787508076157,4.686426184912804,0.01520090834286675,-46.00117220362867
0.1302030995473274,9.271905622378718,0.001163477378492872,-27.28287168120628
9.555848176237971e-17,16.04548104939764,3.091951701916784e-05,-26.52305778326837
2.449231293967717e-15,6.542836174243419,0.005265366546834682,-35.40635638574931
0.1915404655999576,5.131410951595626,0.01174830984514197,-16.25491600325544
3.17603086687411e-16,16.04386553320501,3.094590884417103e-05,-25.60251629782153
3.17603086687411e-16,13.20770933841368,0.0001393999577462002,-28.59736114366137
5.840566125974614e-16,12.19227283040178,0.0002399393980391795,-12.41228465948032
3.17603086687411e-16,13.21857393361213,0.0001385942195572532,-20.78958994872661
3.17603086687411e-16,16.0586799309166,3.07047401825189e-05,-28.60165351960138
9.555848176237971e-17,10.44519543559112,0.0006148444755028626,-24.72018859516178
3.17603086687411e-16,12.20192584589178,0.0002387010325999861,-11.89918188708342
3.17603086687411e-16,12.11129262887845,0.0002505869062760513,-5.084526933404437
9.555848176237971e-17,16.05430209213724,3.077581109472982e-05,-14.65034627785512
9.682324783204268e-17,16.06389821774711,3.062024083622106e-05,-41.57101733876944
1,0,1,0
1,0,1,0
1.028145822447522e-15,16.05409865160809,3.077911781829146e-05,-74.80319967603725
0.098014902718128,13.74464703115412,0.0001047083798102477,-16.53019624543905
0.6397902551089345,0.9295140250932121,0.1674946186255001,-46.49699480906136
0.1530065344058991,7.306363752026776,0.003435541429579803,-16.31994897777775
9.555848176237971e-17,15.4674930565278,4.196822771268538e-05,-12.40724267487624
1,0,1,0
1.028145822447522e-15,8.463426925287848,0.001811792493045972,-23.62054766221533
1,0,1,0
0.2362285271081463,3.574750735730376,0.02933212624637899,-44.00543477283814
2.287852447174094e-16,12.61056914940109,0.0001917858469188127,-32.88111191388479
3.17603086687411e-16,12.61062048612063,0.0001917805796615712,-19.31290705799369
9.682324783204268e-17,6.764598500682681,0.00464919207358111,-19.50551531549693
9.555848176237971e-17,12.33664586797208,0.0002220761677464433,-5.350742899685922
0.3298537347385455,3.683371816048549,0.02747880227318494,-48.56127308178645
0.2954645454494411,2.32716195171551,0.06356673886222536,-56.94727138295943
6.728744545674702e-16,16.06135885984804,3.066133122409109e-05,-80.45545798936374
3.17603086687411e-16,8.646538609480881,0.001638416482912242,-15.47891026021916
9.555848176237971e-17,15.46852898341199,4.194523151529461e-05,-19.58344670998951
0.2361772345890449,3.576153156516469,0.02930736950794749,-17.16652513924318
3.17603086687411e-16,13.22401276285007,0.0001381926310208836,-12.00589358525755
2.804502661847769e-15,13.22401280241763,0.0001381926281036061,-86.29431608063543
9.555848176237971e-17,13.06916978454472,0.0001500980813206598,-20.17273457466036
0.3053462719503373,2.175285957484775,0.07012172304456826,-40.6469219310046
9.555848176237971e-17,11.38375010500629,0.0003704469447848302,-12.60200893667082
9.555848176237971e-17,16.6084605434427,2.297280216428943e-05,-13.82301243243998
3.17603086687411e-16,12.49146448693978,0.0002044077931469546,-24.83915033921416
6.728744545674702e-16,6.764730073441218,0.004648849309945802,-14.8810439830801
0.1620453690213715,6.692231613527902,0.004841695787569433,-17.28599584823562
0.1511708996217956,7.442580582467968,0.003184924492166896,-32.38767936461025
0.1637599457388237,6.585658386608458,0.005140179348696261,-25.03043587148088
6.728744545674702e-16,13.06903603453586,0.0001501087997552997,-32.40531010399658
4.915809586411742,45.93417801512288,6.114664330425512e-12,-179.8197277701931
2.509897052099161e-16,12.20694736044949,0.0002380593853642532,-11.90015396241458
6.728744545674702e-16,12.49146452989724,0.0002044077884467144,-42.92123945350133
5.840566125974614e-16,12.33627331973483,0.0002221204917672304,-44.00054709778891
4.730343101349462e-16,11.38362552790103,0.0003704717898657117,-24.68681219097158
0.3194854204903648,3.950244775503627,0.02343227523283631,-29.1178330920869
1,0,1,0
9.555848176237971e-17,9.893137712937971,0.0008294812689685349,-14.58771693916577
0.319814603164463,3.941489869821865,0.02355451899006866,-37.38058867587217
0.3275573326936121,3.741401890299521,0.02653994672214172,-22.77783817201911
0.1649359342062528,6.510920223082188,0.005360700556560738,-18.8717059937813
0.1754926632780778,5.906207683644922,0.007543808968994037,-38.57674956964483
0.09800438733341436,13.74662133759527,0.0001045983815734508,-14.63237973106325
2.287852447174094e-16,12.33624488423253,0.0002221238752549426,-44.64546026649162
0.3200753181493746,3.934570464080693,0.02365160962279023,-39.22434180911593
9.682324783204268e-17,6.76465255064403,0.004649051263480475,-33.72753827199992
3.17603086687411e-16,10.44967917764955,0.0006133537978926795,-13.00511407233294
0.3200935263843147,3.934091496563163,0.02365834592511062,-22.23660926546955
0.1510005585110539,7.453052432625256,0.003166448113448961,-38.11228443434415
0.4824208174943437,2.059914166924344,0.07560934408392456,-52.38269454752639
0.1246858018682396,9.865071146343411,0.0008422308142259638,-36.62918359921719
3.17603086687411e-16,11.38362570303008,0.0003704717549375958,-17.69990634533576
5.840566125974614e-16,12.11615213012691,0.0002499347199420576,-36.58272765601699
9.555848176237971e-17,10.44970589916769,0.0006133449249527967,-13.69788186402933
0.1620185843729745,6.693826796557175,0.004837365602871346,-38.07906011779936
1.028145822447522e-15,12.61046196601583,0.0001917968446337182,-38.97929166619168
2.804502661847769e-15,6.553184540529742,0.005234830313381234,-67.27104232954017
0.1649205580742836,6.511781602614178,0.005358104481850812,-40.94793576800865
0.1755534951303095,5.903020441819557,0.007557471423871975,-24.26506729754495
1,0,1,0
0.1269251695422679,9.613871972808468,0.0009655652250646352,-16.82134905951678
0.3300176413428498,3.679323278637277,0.02754560289187852,-30.11252645112059
3.17603086687411e-16,12.33645875255876,0.0002220984287343852,-24.96150767288403
2.449231293967717e-15,6.228106441932439,0.006286906151365179,-40.04051039718865
6.728744545674702e-16,12.33629834062631,0.0002221175146207011,-37.34093923261501
0.1756268237006702,5.899125239582226,0.007574203236990096,-14.98270933631291
1.038263951005382e-15,11.38245778397874,0.000370704761175511,-166.9497781220462
0.3198008315624425,3.94185940812384,0.02354934559826183,-30.43885839059181
1,0,1,0
1,0,1,0
1.843763237323921e-16,16.05924936472906,3.069550799350562e-05,-6.894787209513374
0.3827702533046702,2.605713019535997,0.05323962898635881,-59.91166607379296
2.449231293967717e-15,6.556852691061252,0.005224049882188053,-56.94250775508628
9.555848176237971e-17,13.06898221180235,0.0001501131132097266,-23.88323373840305
5.840566125974614e-16,12.20692416699148,0.0002380623450106145,-32.71573734769322
1,0,1,0
3.17603086687411e-16,12.49146452993247,0.0002044077884428286,-13.19960504298749
3.17603086687411e-16,8.463426925823224,0.001811792492512676,-13.18649626605295
1,0,1,0
0.1511971961280824,7.440631567944777,0.003188375433707202,-38.01410893526028
3.17603086687411e-16,12.11620194766564,0.0002499280428845396,-18.05354260169511
0.6089320576338292,0.5839384088820623,0.2223863589121394,-77.42604425067941
9.682324783204268e-17,6.615659815198583,0.005054294011060667,-48.98776811792675
0.4798574892700948,2.094649275645679,0.07390781433453003,-42.43509698219332
6.728744545674702e-16,6.551805109168939,0.005238890263159379,-28.73498519146527
1.028145822447522e-15,6.617286701515823,0.005049678974993421,-26.50013766839387
1,0,1,0
9.682324783204268e-17,12.33653890036231,0.000222088893331418,-18.42292236700279
9.555848176237971e-17,12.11622087518327,0.0002499255060717243,-11.15874405927322
0.1300368964017851,9.288989378388884,0.001152676550432608,-28.67235836838259
0.1600921274792432,6.820168377312967,0.004506703488549257,-40.3421389162449
9.682324783204268e-17,6.613803842529265,0.005059564182958054,-50.49369224192911
5.840566125974614e-16,13.06900923909211,0.000150110947176596,-24.41041021897865
0.2361039725962222,3.578159737944546,0.02927198621314109,-22.12423919998209
5.840566125974614e-16,12.61032651642059,0.0001918107435562311,-51.19355381912017
3.17603086687411e-16,13.06903362614305,0.0001501089927656851,-18.32149484918126
0.2312198006681402,3.716579930189617,0.02693730775605929,-21.50978558981614
0.4862800047434328,2.008733602433651,0.0781979108152176,-36.29931810543913
1.028145822447522e-15,12.5015778522217,0.0002033042313660527,-41.36012007038664
9.682324783204268e-17,11.38101620705852,0.0003709925678379578,-19.80860171580321
0.8154254544244193,0.2225935067624079,0.3185354310832419,-62.89131210446923
2.287852447174094e-16,6.228655889683068,0.006284955664209835,-21.0106749176659
9.555848176237971e-17,8.463426925770371,0.001811792492565356,-19.2666492621521
1,0,1,0
0.3509323735811316,3.20329591719036,0.03674501416350595,-70.97000092689784
0.3199231759097215,3.938615784743106,0.02359479599151726,-38.08646476380437
0.260208719375316,5.978922265999614,0.007238923288113597,-32.83833206651506
0.9670063640850038,0.00908962537985758,0.4620225738740318,-96.17944498874283
1.028145822447522e-15,6.764575475047934,0.004649252060925702,-38.45237508566646
4.936130869128893e-15,6.269937409352195,0.006140174048241687,-102.807577583208
3.17603086687411e-16,11.38366430830866,0.0003704640555003413,-10.75023338601783
0.9747096738200566,0.003961105175761759,0.4749082117342169,-68.24536493793303
1,0,1,0
2.731941657024047e-16,13.22401280282212,0.0001381926280737966,-30.21468237522615
0.5270159859881259,1.538307004033825,0.107434990141759,-58.38646916099538
1,0,1,0
1.48070165185631,1.218754274342189,0.1348026324166334,-73.87558429628351
9.682324783204268e-17,15.46738051630626,4.197072671946467e-05,-31.72217466736052
3.17603086687411e-16,12.33654117849827,0.0002220886223014418,-25.9622141129123
1.028145822447522e-15,16.0639049051079,3.062013269844455e-05,-105.4720620287832
6.728744545674702e-16,13.17064535570505,0.0001421843928066102,-32.23345833035302
1,0,1,0
3.17603086687411e-16,12.11622090381437,0.0002499255022343494,-11.15923840336813
1,0,1,0
0.2361626772704071,3.576556200547628,0.02930025873645042,-26.13738575930881
1,0,1,0
1,0,1,0
1.028145822447522e-15,13.17068229983042,0.0001421815896438527,-32.80827083095401
0.6125249713444372,1.137073532347898,0.1431357776148051,-62.59617504181173
0.324131259131165,3.827516471049904,0.02520879277620064,-35.00345089784383
0.6398867276259049,0.9288325500166934,0.1675832350631161,-112.4767677208892
1,0,1,0
1,0,1,0
0.6603214523559399,0.7933412357707397,0.1865458588076874,-44.47197911704799
0.1203386697249569,10.3731187181104,0.0006393168560219209,-21.92020790892214
0.1598499183103045,6.836053736312522,0.004466798895275681,-48.93133972077094
1,0,1,0
0.1620103863942572,6.694385941333429,0.004835848722572367,-23.23437856283242
9.555848176237971e-17,16.06459200393519,3.06090240341228e-05,-13.56250438450855
3.17603086687411e-16,12.49146452993248,0.0002044077884428286,-19.73711356821282
3.17603086687411e-16,8.463426925732342,0.001811792492603215,-11.63088509529593
0.3059289495731861,4.330132856551614,0.01872166155505894,-55.86789767686653
6.728744545674702e-16,8.463426925787346,0.001811792492548425,-32.83845945924689
0.1566266592262831,7.056302284765238,0.003949343362757596,-58.80130682216138
9.682324783204268e-17,11.38370295214601,0.0003704563485348866,-19.31141226829949
9.682324783204268e-17,8.463426925763848,0.001811792492571851,-26.11224700685876
9.682324783204268e-17,8.647320044576475,0.001637713920056461,-27.84014233945314
0.495213409213273,1.895559762315102,0.08428808308747521,-42.8310215937036
3.17603086687411e-16,12.11625969612449,0.0002499203030690844,-12.26162208221669
0.3027564756055379,4.42666597182243,0.01769077859603441,-36.11253630874065
3.17603086687411e-16,11.38362566262786,0.000370471762995539,-24.68959719923016
3.17603086687411e-16,6.227927026743636,0.006287543192888045,-26.09881909636962
0.3241891139525467,3.826086076273853,0.02523031755555599,-26.63704187601448
9.555848176237971e-17,15.37187745053015,4.414631977711636e-05,-27.40771513040494
0.1650455715039354,6.504284659824801,0.005380742494650925,-13.48975005076343
0.6607668674754849,0.7905751328662944,0.1869631373283678,-40.45089213046057
1,0,1,0
0.76622247443097,0.3873856819435559,0.2668384046406468,-49.94234607798992
1.028145822447522e-15,16.0604426988462,3.067616960905628e-05,-60.18146617399907
0.1598353496328972,6.837011553934275,0.004464404417827694,-36.19871596309081
0.3513329344310193,3.194953192321378,0.0369329423619269,-64.09571992528134
2.804502661847769e-15,6.561713538658722,0.005209799260775527,-72.74975188073685
0.1649248258473759,6.511624162205067,0.005358578888401244,-22.20710519165076
0.2312934072656534,3.714469695002485,0.02697137875925198,-22.38110857965522
0.1599992330568703,6.826258853089875,0.004491361027718022,-31.73134110210612
0.3759874274043792,4.083106558188547,0.02165697752796569,-66.07274228609934
0.8196820530517349,0.2110450254154301,0.3229747770250349,-59.01415259380042
3.17603086687411e-16,8.463426925820507,0.001811792492515396,-20.19635609644621
0.5912297213281856,0.6622238970005512,0.2078879601292449,-28.99183481910991
9.682324783204268e-17,12.20694050998156,0.000238060259527717,-18.72325809996785
1.028145822447522e-15,6.618510634572125,0.005046209855568806,-17.04134605912477
0.1511492285734977,7.444195088090126,0.003182068722400511,-17.22852560175222
3.17603086687411e-16,12.20693892420954,0.0002380604618827942,-25.79118732698985
5.840566125974614e-16,8.46342692571541,0.00181179249262009,-18.16821317032759
4.730343101349462e-16,8.646778771204147,0.00163820052872693,-14.78414477961015
0.160060122125408,6.822242445129916,0.004501472707396648,-14.93345092128784
0.6398290428338598,0.9292379496682628,0.1675305108740585,-57.26289178316632
3.17603086687411e-16,13.22401280284261,0.0001381926280722978,-16.19111721189514
3.17603086687411e-16,16.60829766460714,2.297477512031021e-05,-18.51452997535149
6.728744545674702e-16,8.647725104219745,0.001637349864615056,-29.20069643549265
0.6042884096004448,0.603769396051149,0.2185717170800818,-60.16325214689455
0.1597990047232663,6.839389933625107,0.004458464315245769,-28.32604697751383
0.3049933097666141,2.180344476802986,0.06989158591150374,-73.59018156023257
0.6393294962797386,0.9327530596892188,0.1670742823178162,-63.21205381777442
0.1598469296282385,6.836259681219705,0.004466283936392534,-15.44357106515876
3.17603086687411e-16,9.893963448680115,0.00082910914481793,-14.50193822219783
1.028145822447522e-15,6.55336954487278,0.005234286053025894,-18.241227631588
2.731941657024047e-16,16.0648240894382,3.060527270959401e-05,-14.66418618444617
1,0,1,0
0.1637295794047003,6.587579671921311,0.005134634693624907,-15.89766161155499
0.1203396044606845,10.3729869753892,0.0006393624779461593,-28.45774187606555
0.1913430694844384,5.140031936288601,0.01169010904201329,-22.59354940663681
1,0,1,0
1,0,1,0
3.17603086687411e-16,13.17068228615948,0.0001421815906811341,-25.50889410590308
3.17603086687411e-16,9.893963280662845,0.0008291092205189865,-31.57358583072058
2.123271196099679,5.423785353383494,0.009932124273507814,-117.2499998682508
1.264117024045148,0.5077138560756964,0.2380650942627712,-101.0893338683991
391.3280347336737,23.04431397404328,7.915500555011334e-07,-21.65135997353683
1.001026977842784,7.460698725481052e-14,0.4999998910317899,-4.532820681427371
0.5743766362728784,0.9681403360069396,0.1625722060363151,-62.65625241150681
1.028145822447522e-15,6.433345472352983,0.005599871569320014,-54.23357678963963
3.736711205818814,13.16274755070475,0.000142784925406092,-150.7016182127301
2.731941657024047e-16,13.17069989155169,0.00014218025487861,-19.36109908076863