dN/dS,LRT,p-value,Log(L)
1,0,1,0
0.4231739682585124,2.008792930586701,0.07819485252202091,-23.53851003522447
0.2167818698434503,4.165408008522135,0.02062873751405331,-23.66796905099378
1,0,1,0
0.9805020689626462,0.001168756917849123,0.4863639818014363,-32.29571616204449
0.4440505180171159,1.757292476606381,0.09248129336286598,-33.30897420302248
0.1906705942944303,5.167170929593301,0.01150883606834252,-13.60791065795551
3.17603086687411e-16,10.47759439282052,0.0006041549347136632,-12.00791056481659
1.650710150277212,1.494306548448861,0.1107747374838178,-62.4821798123393
5.840566125974614e-16,8.217664294569385,0.002074228075536588,-12.31167146673057
0.5571507637254808,1.257407123229939,0.1310712290260023,-40.36805695161309
0.3189607263093386,1.982807158205816,0.07954749533671396,-47.22277751667178
1.081007830131826,0.02950793864479806,0.4318057364680353,-60.74022659338378
5.840566125974614e-16,7.986860773721396,0.002355902128860832,-28.63778095410458
1.053505662402151,0.01865644614632345,0.4456779932485622,-57.12928572521895
0.9421003642542777,0.01448756209906321,0.4520972894223184,-52.24619183502067
0.7302597779998953,0.3293573022137366,0.283018888564605,-44.80368800165719
0.193500799977069,5.043830004505537,0.01235689585802896,-39.96116030595345
0.4517625662617725,2.51001722764255,0.05656234754644435,-29.28729516177551
0.8139095540379,0.1815551307993815,0.3350200890384309,-86.07362866537764
3.17603086687411e-16,9.455839575284884,0.00105238964902743,-23.47236925645169
5.840566125974614e-16,4.491187853443748,0.01703499830067279,-18.90734946862894
0.8506462220387032,0.1161977400870597,0.3665977528194217,-43.69719362371666
5.840566125974614e-16,4.491239178692581,0.01703448688426307,-20.29839564777782
9.682324783204268e-17,6.12663310123029,0.006658011104774708,-11.97920559706835
1.219637409371058,0.1842757836998459,0.3338620803439558,-46.54361352051923
5.840566125974614e-16,10.3293901869223,0.0006546422866708368,-21.40744183461171
0.2115071760668881,4.342308370850176,0.0185882435492889,-20.25609965966225
0.5731886042505252,1.125463152904445,0.1443725648223821,-33.10765377617368
0.9753146393913056,0.002514085240790109,0.4800051514027759,-68.90027068106798
0.341162407070977,1.709487826522221,0.09552591796945481,-23.17279327797357
9.555848176237971e-17,10.4776971533731,0.0006041213313482952,-12.7030935955773
1,0,1,0
1.103544578417691,0.03997792260901178,0.420761876671543,-59.41812751845676
0.5864904504429135,1.026850795951631,0.1554497372903085,-37.57713897207745
0.393389873977393,2.433503106032369,0.05938361022056243,-22.00976738937675
1.704707070363038,1.197592044774552,0.1369017413427784,-50.46104128049872
0.4868350883370588,1.334713599023516,0.1239841958428531,-37.2773086532299
0.3293723299368874,1.848978044994659,0.08695115031871592,-23.77393656722872
1.157160252193108,0.1014126418949246,0.3750704747352337,-44.11685068204232
1.116271999049422,0.06985452946960891,0.3957743513815527,-79.12533933789564
0.8468613325207055,0.116638698487634,0.366354539401894,-48.30436752573651
0.9766395890356547,0.001686483512045811,0.4836213139784963,-41.30075808858312
0.422820258909514,2.013317424121738,0.07796202022694682,-34.80291849512713
0.9790377821334131,0.001353578639438524,0.4853258198839941,-46.04857518055017
1.218207704453991,0.182142196313535,0.3347693489311505,-47.13338627137402
0.1933913253336187,5.048433537855082,0.01232410606889672,-21.0913611755614
0.7060778184508086,0.4087227589641174,0.2613092476761563,-39.42557901623422
0.2503166267071277,3.215667450769452,0.03646821970540537,-20.70433514465548
3.17603086687411e-16,9.455974237211983,0.001052312390005472,-11.75439976913691
3.17603086687411e-16,6.126633522217464,0.006658009519310393,-11.9856707391859
3.17603086687411e-16,10.23541674083378,0.0006888474142172085,-17.81902259440085
0.8658662710543332,0.08694802785561251,0.3840467822487918,-43.63484046700194
0.7302940541190203,0.3293824226779662,0.2830114832409387,-34.62625319056993
0.4706819757928973,1.481595579306742,0.1117625229821473,-42.57887634504996
5.840566125974614e-16,6.926214574993658,0.004247064270527956,-10.17210378545182
0.3871847817170349,2.531422144989449,0.05579979685444841,-21.37650693095804
0.4234390198275547,2.005375680921603,0.07837122925653311,-40.12889347477324
0.211382764910544,4.346691144300479,0.01854046167199797,-22.24152820740111
9.555848176237971e-17,8.506951642982052,0.001768961240915023,-11.54168022043632
1,0,1,0
0.4314505215110046,1.905847703321903,0.08371261647678518,-26.76178112204112
5.840566125974614e-16,9.455942569533988,0.001052330558052095,-18.5381333392583
0.6526019018995001,0.4214920194753375,0.2580967464924745,-37.93943796595912
3.17603086687411e-16,8.50695161325152,0.001768961269817459,-14.16213517909709
9.682324783204268e-17,6.926214575651933,0.004247064268964706,-16.66815526626793
9.682324783204268e-17,9.266432360654214,0.001166959401073864,-30.34279643154163
9.555848176237971e-17,9.45599789112882,0.001052298819737008,-12.19256312592272
0.2431311281613862,3.387596578334936,0.03284431764210893,-37.56048173373683
1.175022693848983,0.1476803641677975,0.3503810073279243,-47.63836022473715
9.555848176237971e-17,9.455997905093259,0.001052298811725638,-12.19300458102056
0.7055972355254576,0.4104208607178776,0.2608779851985613,-36.50599607335592
0.2114369541177029,4.344643300087625,0.01856277164965986,-40.30826930046384
0.8578692494861153,0.07414737560072382,0.3926956176954524,-31.30909120688264
0.4065927270975949,2.235041974074356,0.06745648032032664,-31.59934070249689
0.8161858268718657,0.1764954978046944,0.3372012075388497,-36.06389355461118
0.9692644599213793,0.004913556433947974,0.4720583208494407,-47.676517020082
0.6529663006674077,0.4203135220524388,0.258390322176936,-38.82175697437889
1.71010862812871,1.210682086873675,0.1355985392285914,-51.54641406468404
0.8624865620568687,0.09185773152481147,0.3809142936515835,-50.2999964629285
1.297650034060408,0.3733277530677412,0.2705979609325986,-89.39571429711424
0.8866036588116414,0.04519031088435099,0.4158272363138652,-64.06067116603346
1.50985697403932,1.038361157547229,0.1541014649416622,-75.68333847922582
0.2220208341298746,3.99166669499018,0.02286290621208187,-23.1470076827214
0.4447515620969874,0.8753776741313146,0.1747354152704095,-41.45515696625633
1.427566661406587,0.7889195966096452,0.1872135079201833,-85.90355461069943
3.17603086687411e-16,10.77419788739284,0.0005146240465221941,-20.98692704863785
0.2112521548270444,4.351328309108041,0.01849004640096513,-20.91848477346537
0.2956055084378727,2.325829535376002,0.06362118621589624,-36.56225049181668
0.2953645055324697,2.329714319448193,0.06346258458293125,-29.04627183747452
5.840566125974614e-16,8.65415136733786,0.001631585123138934,-26.41346546983828
5.840566125974614e-16,7.98699329721055,0.002355729686522201,-11.90105405540544
9.682324783204268e-17,9.224707587518502,0.001193854122752913,-28.47393626949287
0.4317453349497122,1.902256941163188,0.08391295650477654,-33.371011260926
0.9777567746880942,0.002543575985839652,0.4798883202492022,-39.91077181996437
1,0,1,0
1,0,1,0
0.2032218795278876,4.649389173033796,0.01553229981421,-68.99679012207856
1.149612194453201,0.1110843507578494,0.3694564895686868,-54.5777693409906
1,0,1,0
1.028145822447522e-15,10.23507697986105,0.0006889743104663282,-48.71816873467075
3.17603086687411e-16,9.004963314801238,0.001346236971442205,-11.52691005414448
3.17603086687411e-16,10.78603466253149,0.000511343622326188,-12.50272928157758
3.17603086687411e-16,9.455934467531474,0.001052335206298716,-11.09282825547913
0.3908585913623168,2.472056089988939,0.05794312090061404,-32.73553889969529
0.7802001036675109,0.2675784056385737,0.3024804217220279,-34.67120270459177
3.17603086687411e-16,9.609686024604926,0.00096776866309084,-11.80540358533615
6.728744545674702e-16,8.217517098275863,0.002074396334242556,-32.59224974815044
5.840566125974614e-16,10.77452186900037,0.0005145339761064571,-27.94100614979583
5.840566125974614e-16,6.766217611796424,0.004644975884796565,-13.54796872980001
0.4441154238936385,1.756497509471188,0.09253099279778887,-61.71107559421733
3.17603086687411e-16,10.7735480075096,0.0005148047682859702,-18.23321610586884
1,0,1,0
0.2157234238534849,4.198600949264311,0.02022867206800477,-22.31590990421827
0.8596986939990133,0.0720486980028241,0.3941884521712938,-30.28383269116835
0.4316853319398286,1.90298676813871,0.08387219270481194,-30.47103625734603
1,0,1,0
6.728744545674702e-16,10.05091131766554,0.0007613629807641242,-36.60908946068864
9.555848176237971e-17,10.33488556966399,0.0006526960849483343,-10.44999334506554
3.17603086687411e-16,9.224706993148335,0.001193854510314729,-12.86630471935443
1,0,1,0
0.3815299705342727,2.625140264392854,0.05259160497964627,-20.81072274819853
1.028145822447522e-15,5.861557452665473,0.007737547401777845,-21.60709587325076
3.17603086687411e-16,7.986959485103021,0.002355773682322759,-24.27872271859583
5.840566125974614e-16,6.768193854411493,0.004639835026768568,-17.51955596295032
1.085670651408897,0.03283929028890498,0.4280989622643512,-63.93626921023693
0.8210044214178888,0.08307812624205724,0.3865842852312446,-50.76768666234295
0.3869488185121531,2.535223574429182,0.05566555813180274,-40.73611470150509
1,0,1,0
5.840566125974614e-16,9.609946171396473,0.0009676315761912302,-18.10159087843228
0.2351033087163023,3.606548635153601,0.02877622135257246,-45.12462830102106
1.028145822447522e-15,6.988601192728368,0.004101521843568379,-25.77952955739928
1.028145822447522e-15,6.988569508685892,0.004101594449816115,-25.08617829009475
9.682324783204268e-17,4.900267683813851,0.01342626639045097,-25.90077487235387
9.682324783204268e-17,8.506951642979303,0.001768961240917688,-27.77313251854038
2.287852447174094e-16,6.126570523187347,0.00665824678195831,-18.56380331515284
1.028145822447522e-15,10.77241697239926,0.0005151194451130103,-45.67585971185569
0.2032671174177984,4.647647562987373,0.01554806724012547,-50.73669897430247
2.804502661847769e-15,4.900485917043724,0.01342456977697837,-34.46624550859529
0.4331694819929685,0.9428967861683333,0.1657669871174308,-54.24396096372134
0.4227877600030308,2.013777822266483,0.07793837212037652,-26.22140356084685
3.17603086687411e-16,10.78600302117455,0.0005113523631094519,-19.03886648803125
0.2218947844499051,3.995645508687851,0.02280898780424701,-20.64294916778555
9.555848176237971e-17,10.1736660112361,0.0007123036620126366,-11.79796329353257
3.17603086687411e-16,6.768193936154429,0.004639834814248844,-13.28972857677452
3.17603086687411e-16,9.455974206848403,0.001052312407425149,-11.75343965320864
0.5810799584548109,1.066490226178757,0.1508697842393719,-33.12676996041383
3.17603086687411e-16,8.506951642915876,0.001768961240979361,-14.44202913889024
0.2433315120408783,3.38769334971839,0.03284238984946636,-48.62847157780323
0.2219356577319844,3.994291712629803,0.02282731855415177,-32.13199478674586
5.840566125974614e-16,10.78597137569429,0.0005113611051828504,-18.34575761907254
5.840566125974614e-16,10.05530584871355,0.0007595489788703724,-19.23211921450776
3.17603086687411e-16,10.2354801612394,0.0006888237301515554,-11.69002510414554
0.4349151387731424,1.865201437699305,0.08601283911763186,-31.33236339996222
0.8673879480278187,0.06357738492503984,0.4004642766293545,-30.37464502846795
6.728744545674702e-16,5.574505563039018,0.009111904896483558,-21.42003924220506
2.449231293967717e-15,8.506951642979288,0.001768961240917688,-44.3501329925521
2.804502661847769e-15,4.611280309020955,0.01588115548924196,-38.95036835336884
1,0,1,0
3.17603086687411e-16,10.23551182130035,0.0006888119071524756,-12.38365264181818
5.840566125974614e-16,7.9869735319689,0.00235575540465266,-18.24307034425022
5.840566125974614e-16,9.22470758757353,0.001193854122716997,-13.78673437236339
0.7305155004422211,0.3287171481556115,0.2832077279572343,-28.93865608952641
9.555848176237971e-17,10.77436024710902,0.0005145789067595996,-30.43511443615732
0.1933870425258865,5.048637830935363,0.0123226530360992,-16.47882061002452
9.682324783204268e-17,9.2664323606095,0.001166959401102341,-55.2933754997286
9.682324783204268e-17,9.224707585643415,0.001193854123975546,-41.59257736510213
5.840566125974614e-16,6.768193896388851,0.004639834917633534,-31.12754534082689
0.2168240641721913,4.1640019389217,0.02064586685242598,-38.56072217819752
9.555848176237971e-17,6.926214575966942,0.004247064268216638,-11.71054755858552
5.840566125974614e-16,9.455902961017351,0.00105235328228076,-24.57212758132064
1,0,1,0
0.208015210975676,4.467789597587796,0.01726982348235501,-19.69553019297859
1,0,1,0
5.840566125974614e-16,10.33503578613476,0.0006526429677679024,-12.86906203532327
5.840566125974614e-16,5.861227165492199,0.007738999467307384,-12.62270734002424
0.2157367647027926,4.198150616411063,0.02023404495035686,-27.891134350009
5.840566125974614e-16,9.836988393440979,0.0008551864699951062,-13.6576068232068
1,0,1,0
1,0,1,0
0.2032959107805814,4.646538415251094,0.01555811745561186,-25.79375516852419
1,0,1,0
4.004733053112191e-17,9.836988393507518,0.0008551864699641865,-11.85086523308728
9.555848176237971e-17,7.986928583993055,0.002355813891109393,-30.71666058807126
0.1966233218370418,4.914360703895731,0.01331715908073011,-16.56582042783187
5.840566125974614e-16,10.78582089923641,0.0005114026764177493,-16.36037794714201
4.730343101349462e-16,10.77452198736322,0.0005145339432032214,-13.088262537496
0.4870349064089998,1.333000705322029,0.1241360450318508,-25.29507099763623
0.2113599587558982,4.347524509274564,0.01853139072474641,-20.2250652531973
1,0,1,0
4.936130869128893e-15,4.612750887998217,0.01586754302999577,-49.14565200836935
9.555848176237971e-17,8.506951613282467,0.001768961269787372,-11.31288896529846
1,0,1,0
3.17603086687411e-16,10.32825796902448,0.0006550439933030172,-12.42003810480746
1,0,1,0
2.287852447174094e-16,6.766996972047266,0.004642947815754916,-27.04813682270118
2.287852447174094e-16,10.77451872475505,0.0005145348501642832,-20.47674584654646
0.2167818673435686,4.165408097826877,0.02062873642657914,-22.61050895093213
0.3709813780819863,2.811584522788216,0.04679294889527941,-27.729474869104
0.6350637278853873,0.7222069921259333,0.1977104643166789,-41.12131098799083
0.185615807966014,5.399876567738005,0.0100690878607021,-33.25026769682454
5.840566125974614e-16,9.836988368861263,0.0008551864814226318,-14.47178340622032
0.2156936432524754,4.19960543911094,0.02021669298202772,-16.02219476334861
9.555848176237971e-17,9.836988393507511,0.0008551864699641865,-11.56197665441573
3.17603086687411e-16,9.266432345955195,0.001166959410439372,-13.56162072178664
0.4478242872549776,0.8583989238330361,0.1770935647883724,-35.58956439861046
0.2219472627459141,3.993850390709596,0.02283329752131857,-44.47058518103516
3.17603086687411e-16,6.926214575966945,0.004247064268216638,-11.71058770958285
3.17603086687411e-16,9.455902784139607,0.001052353383760307,-10.80526050949258
0.1855150661077165,5.404637043292659,0.01004166215650054,-30.75967560325858
0.1908423161144544,5.159547554605993,0.01155945959103605,-13.25266355024232
1,0,1,0
0.2350603985345745,3.607734996086272,0.02875569865635003,-25.33955064327444
5.840566125974614e-16,10.78587631968963,0.0005113873653416201,-23.78175592028242
0.234985199859907,3.609815504644097,0.02871974574160163,-21.81238011218131
0.2432187586305323,3.390644335114928,0.0327836609398624,-15.25403956971252
0.2219350468621994,3.994429297208061,0.02282545491496096,-14.59024176706628
3.17603086687411e-16,10.23539329178868,0.0006888561713665475,-24.8224233063791
1,0,1,0
1.042777665928796,0.008631425883351085,0.4629893310703651,-45.92134654732625
0.2114368204604883,4.344766159394368,0.01856143238209046,-29.29794562337788
0.4229655221729308,2.011457239720855,0.07805765062573922,-34.55460923747829
0.1908284539901746,5.157741093085363,0.01157148931418783,-31.77188247827305
3.17603086687411e-16,4.90098318270034,0.01342070471055479,-12.76792068734969
9.682324783204268e-17,9.609492924096273,0.0009678704320258413,-18.79328730349133
5.840566125974614e-16,8.50695161325001,0.001768961269818958,-12.41150793681852
1,0,1,0
2.287852447174094e-16,10.33487777137286,0.0006526988425765712,-37.73964036307328
5.840566125974614e-16,6.767207229592685,0.004642400834119376,-19.24222778552758
9.555848176237971e-17,10.33482241919211,0.0006527184165290856,-10.04276887378914
5.840566125974614e-16,7.986996128301488,0.002355726002787661,-12.15452525473428
0.6101676152543813,0.8679230254024333,0.1757654727309274,-37.33520217894921
5.840566125974614e-16,7.986973600178388,0.002355755315899377,-18.24566546433501
0.8642089733466261,0.08931289390285713,0.3825262463374958,-55.89486957791608
0.2113747828851667,4.347017155814633,0.01853691257319351,-16.71264676158891
9.555848176237971e-17,10.77452117188235,0.0005145341698957751,-13.95126626893276
0.2955212955057461,2.327185308271197,0.063565784891291,-28.37936521144281
5.840566125974614e-16,7.986970692674625,0.002355759099108123,-24.9693617738739
2.287852447174094e-16,6.988387284726919,0.00410201205456856,-22.65467092869316
2.287852447174094e-16,8.506951642959983,0.001768961240936451,-26.22633960808644
1.297780580711915,0.3736079034649151,0.2705220949274924,-60.68158957280718
0.1499112697020905,7.537309594800234,0.003021710849668013,-15.79174657875895
5.840566125974614e-16,8.506951642982052,0.001768961240915023,-13.07969171531671
1,0,1,0
4.730343101349462e-16,10.33100946828595,0.0006540682050412139,-11.73255642773079
3.17603086687411e-16,9.224706995788821,0.001193854508592995,-22.09168192950295
0.7822240394468855,0.2618102078960334,0.304439618261362,-34.64098033855006
1.51346008123638,1.199228120124502,0.1367380034265751,-73.60832112866743
0.3872252109489053,2.530818113691737,0.0558211596155811,-29.25732966185127
3.17603086687411e-16,6.126725595122451,0.006657662776256013,-13.70602994267854
0.2033614645831714,4.644017148649226,0.01558098838366512,-47.04899285380036
2.287852447174094e-16,5.861227162691659,0.007738999479620812,-12.62272617831993
1,0,1,0
5.840566125974614e-16,9.004893213955775,0.001346288609258672,-31.04071310586684
3.17603086687411e-16,8.217638881702449,0.002074257123754975,-11.36298838458179
9.555848176237971e-17,6.98866447187449,0.004101376838817783,-12.70706671901713
1.251465795619242,0.2798037350881941,0.2984149422878705,-44.40836891908319
1,0,1,0
0.1933939501133335,5.048339745291038,0.0123247732272741,-16.47801126593363
0.6663810465533143,0.5672705479111926,0.2256727855185434,-34.12369168182616
9.555848176237971e-17,10.33020171681804,0.0006543545123516847,-12.42434406680205
5.840566125974614e-16,9.004640955577941,0.001346474444937906,-40.64307756353555
0.1908046186833398,5.16000523626338,0.01155641382226041,-21.29016015522768
0.2157461502412706,4.197837387871783,0.02023778293638778,-14.82026940949088
0.2219490989785134,3.993911036464667,0.02283247580340386,-27.03774144302745
6.728744545674702e-16,5.861556008178724,0.007737553751668902,-21.36083374612211
0.2157898952859532,4.196361110532706,0.02025541019995308,-56.07364285929346
0.1944781620765286,5.002336737696993,0.01265656058537046,-35.45977091440463
0.7520936977152282,0.4465139980684114,0.2519975334130204,-44.04079413505034
1.060414463179448,0.01683270419208327,0.4483857065931616,-52.28687885082999
3.17603086687411e-16,9.836988393507539,0.0008551864699641865,-13.38960262818799
0.2168561292959035,4.162938044463246,0.02065883759632442,-34.63245374040123
3.17603086687411e-16,9.455815975772019,0.001052403189269191,-16.45807192597936
0.2882868294442668,2.446202461353863,0.05890478796453147,-27.76110756380461
1.778006193542465,2.478079778854834,0.05772155891733916,-72.72356562633266
9.555848176237971e-17,6.926214575943487,0.004247064268272371,-11.27113830332317
9.555848176237971e-17,10.33497290011958,0.0006526652039968162,-18.56893708267002
3.17603086687411e-16,10.33497984295481,0.0006526627490019421,-11.83638234860589
3.17603086687411e-16,7.987004553329225,0.002355715040417317,-12.5938432148618
9.682324783204268e-17,6.768193909934638,0.004639834882416483,-18.72425217689871
5.840566125974614e-16,7.986996195036095,0.002355725915954565,-12.1566344519149
3.17603086687411e-16,6.926214575970747,0.00424706426820759,-18.75167667924114
1,0,1,0
1,0,1,0
5.840566125974614e-16,6.767865346643674,0.004640689179698343,-21.44743196908998
0.3906880187562242,2.474835032442819,0.05784079003529785,-27.76932757194042
0.1934716227374443,5.044972773603533,0.01234874776638778,-20.79545830572024
3.17603086687411e-16,8.217672721682497,0.002074218443002818,-12.75126408125866
1,0,1,0
9.555848176237971e-17,7.986973601790861,0.002355755313801278,-11.0563005818657
2.804502661847769e-15,9.26643234557497,0.001166959410681623,-100.1432885376597
5.840566125974614e-16,7.986959473925104,0.002355773696867403,-24.27841487296721
5.840566125974614e-16,10.05233455605114,0.0007607750076773501,-43.00585569548438
3.17603086687411e-16,10.78597957988399,0.0005113588387584689,-18.85136609515333
9.682324783204268e-17,9.455934570463789,0.001052335147244676,-25.26388882981215
1,0,1,0
4.004733053112191e-17,10.17372966184108,0.0007122790723385064,-12.90026286017817
2.287852447174094e-16,10.77371285110997,0.0005147589216998871,-21.94395977098464
9.682324783204268e-17,6.269656276612025,0.006141148354912529,-38.78779273872794
9.555848176237971e-17,9.455974216920101,0.001052312401646993,-11.75375812751466
1.028145822447522e-15,5.605327837766296,0.008952972164583795,-36.86466141086323
2.731941657024047e-16,9.224707260383205,0.001193854336063005,-20.28780522005325
1,0,1,0
6.728744545674702e-16,9.266432346175961,0.001166959410298707,-41.03103665624848
5.840566125974614e-16,6.768193884733464,0.00463983494793585,-18.24882080509123
9.555848176237971e-17,6.98860098989983,0.004101522308360306,-11.60660915838479
6.728744545674702e-16,9.455807898765329,0.001052407823499635,-36.94867205973959
0.9779566414869231,0.001498948150441493,0.4845583080472934,-56.15682182544271
0.2113181606412194,4.348997174266323,0.01851537253588376,-20.93329684983809
1.028145822447522e-15,4.614068611138002,0.01585535582708852,-21.83521563670021
0.1935489808986481,5.041645995754472,0.01237248365107374,-20.79504734694352
3.17603086687411e-16,6.926214575943487,0.004247064268272371,-11.27114002329064
0.971482441368361,0.002531129742351368,0.4799375442917044,-50.04124498985417
9.555848176237971e-17,10.47933766361638,0.0006035851299190931,-12.70206196431556
9.682324783204268e-17,10.32971343692995,0.0006545276445533155,-33.30534762404647
1,0,1,0
1,0,1,0
2.804502661847769e-15,7.98682430008617,0.002355949591374862,-103.241474165656
9.555848176237971e-17,10.23545648318468,0.0006888325725182831,-11.25042058954137
9.555848176237971e-17,10.77079962284904,0.0005155697624609767,-13.44561765313419
0.2432424907266081,3.389987417420727,0.03279672485087298,-25.64547628228517
0.2861624324708721,2.484008057982251,0.05750441882860097,-29.39606764195409
9.682324783204268e-17,10.32842177115162,0.0006549858614935955,-19.40520474341803
5.840566125974614e-16,10.786034660002,0.0005113436230249624,-12.5026493368392
5.840566125974614e-16,9.4559427857222,0.001052330434021809,-11.06234640241532
1,0,1,0
5.840566125974614e-16,10.16204014331091,0.000716809445626132,-28.55014642291916
0.2168579070140485,4.162876279517818,0.02065959088244368,-22.83984396961739
0.423379739480758,2.006155467829437,0.07833094183524547,-29.63781969250985
9.682324783204268e-17,10.78588471666939,0.0005113850455382152,-31.23259110684508
0.4440962917791896,1.756781654652684,0.09251322516392402,-35.81145398013536
0.9408932874926268,0.01512346786742569,0.4510624537558734,-60.2216274439832
3.17603086687411e-16,10.77452189822865,0.0005145339679814009,-15.74207491322223
0.1952808646076522,4.967818068219465,0.01291160191529461,-20.30513769211382
1,0,1,0
0.3711824409977518,2.807990033207361,0.04689791356546513,-28.2659478997999
1,0,1,0
0.4317675432175282,1.901980054496541,0.08392842768858316,-30.75395173989988
1.597024607917638,0.9413090634338914,0.1659707056695515,-72.99134322854353
0.5907012553434183,0.6649949845821013,0.2074010223606745,-28.48030701595653
0.2113547590940394,4.347673050491466,0.01852977438281783,-18.71923477474612
2.731941657024047e-16,10.32890565575558,0.0006548141659675766,-17.61518941285726
1,0,1,0
3.17603086687411e-16,9.455974362223682,0.001052312318285675,-11.75579346467607
9.555848176237971e-17,10.32825796978955,0.0006550439930314567,-12.42003337204965
0.4314915593880443,1.90534887192991,0.08374041506640045,-29.10817708775039
6.728744545674702e-16,9.004931878733608,0.001346260127688736,-18.51517339176136
5.840566125974614e-16,10.32906663262992,0.0006547570570576977,-27.45366093312931
2.731941657024047e-16,6.988640781881085,0.004101431124043375,-12.2678281533346
9.682324783204268e-17,5.863372188066009,0.007729574154800689,-30.35224065236446
1,0,1,0
0.2219268300047817,3.994652250551137,0.02282243526138578,-13.65432402806836
9.682324783204268e-17,6.926214575962348,0.004247064268227574,-18.24578669297297
0.1855232915150722,5.404240426244172,0.01004394416464638,-34.54350850545671
0.6346459343212594,0.7244799992656823,0.1973391542211861,-30.66035380903613
1,0,1,0
0.2157367638685161,4.198150729809736,0.02023404359721853,-14.82571329807201
1,0,1,0
1,0,1,0
9.555848176237971e-17,10.77435904615167,0.0005145792406388572,-13.45386173609194
3.17603086687411e-16,9.609623977356797,0.0009678013624037085,-18.09826498617666
0.234989070767741,3.609709689949014,0.02872157315475349,-27.21012932040723
1,0,1,0
0.1953587688057712,4.964466437794215,0.0129366481592032,-32.4233665142934
0.7296403598117643,0.3313716693978108,0.2824262567966149,-31.38438623067313
1.963270296382942,3.669035351859122,0.02771612893137243,-79.60513477725641
1,0,1,0
2.449231293967717e-15,9.617143779233487,0.0009638465229491744,-68.35613141860989
1.057935987648687,0.01552838793831768,0.4504149868514787,-57.0591470239325
9.682324783204268e-17,10.77452125833607,0.0005145341458627772,-35.73372571435981
9.555848176237971e-17,6.988640766497678,0.0041014311592944,-12.26734170354471
5.840566125974614e-16,10.33500431068536,0.0006526540972577877,-19.26150387192563
1,0,1,0
9.682324783204268e-17,8.217607989782799,0.002074292435370884,-17.01542661753951
1,0,1,0
1,0,1,0
9.682324783204268e-17,9.224707256772149,0.001193854338417566,-46.12031419764421
3.17603086687411e-16,9.455807827087384,0.001052407864625404,-30.0068025832601
9.555848176237971e-17,10.32825794087995,0.0006550440032916938,-12.42021222428039
1,0,1,0
0.94231545109611,0.01437579147976464,0.4522815431799844,-47.77832513778335
1.489221041606277,1.113300011402828,0.1456828613684019,-76.02437637369599
0.4703748771505125,1.484527792066991,0.1115337243977704,-22.88867043306017
3.17603086687411e-16,10.78600298528953,0.0005113523730226333,-11.80900382402262
0.2114322137241116,4.34489319854984,0.01856004765715497,-41.20975574477656
2.132434765131512,4.510331789062803,0.01684535240891005,-85.55530805034678
9.682324783204268e-17,6.988601180344205,0.004101521871947345,-18.55028531935057
1.36659431744734,0.3518387018208387,0.2765370632922011,-36.69316191365419
1.147561373978502,0.1083591049059436,0.3710100304532455,-50.50616848288062
0.221936768059176,3.994279848645405,0.02282747926416356,-32.37971566578928
9.682324783204268e-17,6.126664655346456,0.006657892271054233,-12.67576892659976
0.1853398560712201,5.412716038045389,0.009995294714431724,-45.71720167753723
0.4860639053754665,1.340892154673284,0.1234383481402529,-56.49232656797028
0.6477813042331945,0.6561005529803765,0.2089699898031442,-28.78947724922354
0.7750836357481691,0.282638589908359,0.2974884918998165,-53.54884745817514
0.9558823162979321,0.0103048843429292,0.4595716286177331,-49.10334737282155
0.4230701152082023,2.010126052815991,0.0781261675303363,-26.91440792581468
0.193395817662938,5.047470915659744,0.0123309551046128,-149.6567843321365
1,0,1,0
3.17603086687411e-16,5.861736244625661,0.007736761482773302,-13.67848667785518
9.682324783204268e-17,10.32874307981167,0.0006548718472881299,-19.40871919379898
6.728744545674702e-16,6.926214575866261,0.004247064268455725,-29.99256643178153
5.840566125974614e-16,10.2354484857959,0.0006888355591005979,-18.22564243204228
3.17603086687411e-16,10.7731548979641,0.0005149141172575145,-31.65343936539625
5.840566125974614e-16,10.23526599592464,0.0006889037125352715,-37.28923469458568
9.555848176237971e-17,6.988609126991069,0.004101503661844197,-11.57410949280725
2.804502661847769e-15,9.26643236065172,0.001166959401075418,-114.1926960288211
5.840566125974614e-16,6.126630876455302,0.006658019483424371,-26.38799713243082
9.555848176237971e-17,10.17366614422373,0.0007123036106355674,-11.79951910598752
9.682324783204268e-17,9.224707004983138,0.001193854502597791,-27.54696720736387
1,0,1,0
6.728744545674702e-16,4.611345977703628,0.01588054736524586,-21.91206172535412
4.730343101349462e-16,8.506951613250017,0.001768961269818958,-12.41170046403651
9.555848176237971e-17,10.77403566988432,0.0005146691507472712,-13.45332440772753
0.4330235151257579,0.9437879256334725,0.1656527921635111,-37.88785306910615
0.5568117328189522,1.260229499625495,0.1308038269873952,-59.03037690622624
3.17603086687411e-16,7.986996130530134,0.002355725999887814,-12.15472327843101
5.840566125974614e-16,10.47081748076712,0.0006063752093531938,-20.83856722144687
9.555848176237971e-17,9.609623395705704,0.0009678016689430025,-10.70588775091895
9.555848176237971e-17,9.22470758757354,0.001193854122716997,-13.78898178356154
3.17603086687411e-16,7.987004536661896,0.002355715062104247,-12.59300332766284
9.555848176237971e-17,6.988632799973058,0.004101449414618319,-12.01358493657872
1,0,1,0
0.4317040370489396,1.90276032275132,0.08388483817100917,-20.49403905201138
9.555848176237971e-17,10.3349798187843,0.000652662757548661,-11.83633593961391
1.028145822447522e-15,4.611197087019576,0.01588192620042994,-33.12228551801201
9.555848176237971e-17,8.217672719737518,0.002074218445225984,-12.75109119451386
9.555848176237971e-17,9.610009483998162,0.0009675982159742524,-11.80633045083636
3.17603086687411e-16,10.77209214918462,0.0005152098534478289,-21.33163625292071
6.728744545674702e-16,5.574854570055855,0.009110089055307913,-28.08187006846232
0.4336424340477053,1.880463414752427,0.08514074352333406,-46.9446549128563
0.2219190751819525,3.9948213076011,0.02282014585335096,-26.26605225595548
1,0,1,0
0.8467014843261419,0.116911617905501,0.366204266057796,-45.884016705847
1,0,1,0
0.4866415464320017,1.336152953440234,0.1238567718804713,-42.08712241393715
1,0,1,0
0.2876608597669453,2.682082396052159,0.05074147291807474,-24.59278008890773
3.17603086687411e-16,10.23541677162488,0.0006888474027182401,-31.98931421102501
3.17603086687411e-16,10.77419719445146,0.0005146242391845246,-12.7599687364628
9.682324783204268e-17,10.23548007354232,0.0006888237629010807,-18.91726219336415
0.1953332525566829,4.965600916956809,0.01292816471634611,-30.47828567726264
0.3826024088174792,2.604207884072423,0.0532901992408652,-53.6321072244375
2.804502661847769e-15,6.765892990485312,0.004645820889421448,-40.793991982857
9.555848176237971e-17,6.988640769386571,0.004101431152674528,-12.26743303713111
1,0,1,0
3.17603086687411e-16,10.77452197778545,0.0005145339458657028,-18.04747476251964
0.4315524355514295,1.904599660422903,0.08378218656475583,-34.03538464398586
0.6353114814183044,0.7208730234661829,0.1979288454638056,-36.15092196270338
0.783312229039276,0.2587317478028268,0.3054964013934255,-38.9856886760308
0.3707898589391425,2.815117242236234,0.04669003689849072,-24.16673206793062
0.7050592360800523,0.4123308353415425,0.2603944149971557,-28.77886095422799
0.4315041456899633,1.905194797065988,0.08374900339924696,-36.27899504430012
1.11604716088202,0.06960402794085496,0.3959570947085871,-53.21548840788663
1,0,1,0
2.449231293967717e-15,6.767648419744702,0.004641253299531911,-36.60307921321603
1,0,1,0
0.2167818661469612,4.165408100996885,0.02062873638797758,-29.60263912927226
1,0,1,0
1,0,1,0
1,0,1,0
0.1933872024092857,5.048668036977631,0.01232243821096957,-15.73105255113189
0.408008252141603,1.107852118089411,0.1462746637164808,-18.19926712927752
9.682324783204268e-17,9.22470699350086,0.001193854510084913,-30.82020960837463
2.287852447174094e-16,6.988577672826999,0.004101575740977526,-25.59217920077786
0.941898100403485,0.01459311322904,0.4519239493238075,-47.10204129096858
0.2432503260483929,3.389812398892261,0.03280020632561431,-27.72849967128415
1,0,1,0
0.4440667654766844,1.757117810981342,0.09249221038098676,-27.61079100668297