dN/dS,LRT,p-value,Log(L)
1,0,1,0
1.056456437526556,0.01772231744570263,0.4470471850293206,-86.924844093304
0.9119914810782555,0.05242380022124848,0.4094490535208894,-65.82853385869916
0.3825556824452362,3.911214672271932,0.02398245903492441,-28.52674544599449
0.3043752702631361,2.189790790142823,0.06946409233414003,-34.32560335094929
1.450319962202984,1.100496006683102,0.1470786387025632,-73.87617858129008
0.8043003786858138,0.2548553546651107,0.3068384168212164,-50.54848842655657
1.505396594340668,0.7321357788891305,0.1960958871513578,-89.14895055962471
6.728744545674702e-16,6.563676367877065,0.005204056107632804,-36.4909375572252
0.7095203913553821,0.3965778299048281,0.2644309606662478,-55.12012689478395
0.1606060307877391,6.786694230717124,0.004591991135585893,-15.92991820303587
0.7650385907634657,0.3139148822912574,0.2876438671830199,-36.86970995178645
1.064517963704288,0.02674896392703374,0.435042269437884,-61.61348984928096
0.965272087534221,0.00756952785557985,0.4653345503974833,-63.89053995524389
0.9127377422600154,0.05148286825775017,0.4102513865416268,-72.67720270166888
0.4872095709644714,1.996719905237086,0.0788200121113295,-30.06530944399571
0.9121436436308793,0.05223111783865875,0.4096127331687734,-85.41257280639556
0.1532521661835559,7.288732533280868,0.003469420645087207,-15.70966849566346
2.731941657024047e-16,12.44410393011883,0.0002096567047696341,-13.27099462772682
2.287852447174094e-16,6.230397765136239,0.006278776281474829,-19.87213758539873
9.555848176237971e-17,13.12700126588693,0.0001455351382824155,-6.26924426997591
0.1275056100759294,9.551374102681766,0.0009989989578350622,-13.84193323867432
5.114956077737342e-17,15.97606560011523,3.207419152700952e-05,-6.889080396593482
4.730343101349462e-16,8.439957840439575,0.001835323791282595,-11.32888325515434
0.1587624337437736,6.909856354488092,0.004286093866775531,-28.90239026050109
0.3037370008192298,4.397012716148652,0.01800097035883963,-75.16260023379928
0.1622597476301577,6.678607268880093,0.004878841793386712,-28.58098866319363
5.840566125974614e-16,12.31599128542474,0.0002245470725240617,-25.64685811424509
9.555848176237971e-17,8.609690521391919,0.001671895570897419,-14.75431997198463
0.1606675774706169,6.782694248197934,0.004602292517461692,-30.56777943924702
0.1534258587209803,7.276247917690469,0.003493616644680564,-17.70754193412386
9.555848176237971e-17,12.42921239368044,0.0002113350562171212,-18.63492007053954
0.1606343856224086,6.78485130133943,0.004596734399550828,-40.00305399022723
0.1534161439337382,7.276929128415595,0.003492291978282436,-21.33001627366479
9.555848176237971e-17,12.42921234799229,0.0002113350613871523,-12.57136587740625
0.9637720712870902,0.008254562058198189,0.4638040543159504,-74.44811233569577
2.804502661847769e-15,6.556781236902879,0.005224259663276776,-50.50005822378465
0.3315956755362225,3.640837579390123,0.02818928232543472,-41.56753206664565
0.5277522150396096,1.530889543322516,0.1079894946499294,-39.1173727521854
0.1624383782990365,6.667178064257484,0.004910228054596733,-19.03159082585196
9.555848176237971e-17,12.4568081008308,0.0002082355137613678,-11.83718467072764
0.1606060312991155,6.786694436556679,0.004591990606083673,-15.92950923903612
9.555848176237971e-17,12.45680671627554,0.000208235668118173,-18.60588157117112
2.731941657024047e-16,12.44410393012088,0.000209656704769412,-12.1683261800296
5.840566125974614e-16,12.59786605414796,0.0001930937075339534,-47.326724847949
0.2024105941255063,4.681326987161668,0.01524609274178657,-39.93457404995236
0.964332394748979,0.007995081470710375,0.4643759642732226,-63.73012344291664
1.137745725437394,0.1113973960192993,0.3692793973509967,-96.53789991132243
1.505364635963631,1.317795152257531,0.1254940678108156,-102.0159196870744
9.682324783204268e-17,6.563444343975021,0.005204734661035937,-22.87463011061628
0.3310710545880604,3.653612633842961,0.02797386631104787,-28.93740531406218
1.693828847432348,2.574808072668731,0.05428863506373527,-105.9791357650279
0.8827193670257578,0.08094305592831574,0.3880117277549545,-68.26325703191975
0.3177499154509547,3.997976339776173,0.02277746407077447,-59.97230824028451
0.6498148208209525,0.8607883154049318,0.1767590905958809,-73.32426152741562
0.7547215858437301,0.5221637164619892,0.2349600794022764,-81.62479288136613
0.1763129119306644,5.862139427645033,0.007734989505807921,-33.48339458126664
4.936130869128893e-15,6.560489721894669,0.005213383384377268,-68.0454643419216
9.555848176237971e-17,13.1268003915716,0.0001455507428982372,-13.25962415923057
0.7057408342677707,0.546255507070498,0.2299258706197542,-38.34406726026701
0.3047148431116566,2.184645791136504,0.0696965646210862,-32.11894493910229
0.9189023116181085,0.05141556704657546,0.4103090687037587,-64.60048302007007
0.1251838998651567,9.809251777910646,0.0008681806740694631,-35.62783505708637
1.125337111727178,0.09371812553459336,0.3797512488902177,-74.10231715353848
0.760448978698604,0.4109370882552668,0.2607471296249316,-45.83636945300618
0.157160150380716,7.019813970535424,0.004030630277493452,-17.82866807684594
4.936130869128893e-15,6.629042377856948,0.005016459415515595,-52.59177882305023
0.1587535484012547,6.91064636731873,0.004284200541298966,-15.97646501918322
1.028145822447522e-15,6.628815606793609,0.005017098108847873,-40.58110538816015
0.3755990789947423,4.093620725064795,0.02152266883374221,-46.21625160502747
0.8815642040504377,0.08272249035086077,0.3868206628058866,-46.55673516270426
3.17603086687411e-16,13.13213421856414,0.000145136964330439,-27.27565981846025
0.8125600588305707,0.2305978944006881,0.3155404264109373,-57.08557166370231
0.1641882894743974,6.559129801069204,0.005217369074155709,-22.0409346873068
5.840566125974614e-16,13.17075068036869,0.0001421764013670446,-12.9134988303329
0.1250945858788946,9.819223437285743,0.000863486219312759,-47.01045273524914
1,0,1,0
1.028145822447522e-15,12.1726856116975,0.0002424721654405992,-40.52816171959103
0.304472352728372,2.188222820268734,0.06953484738842908,-46.45828708119213
9.682324783204268e-17,15.37826134961266,4.399741663857482e-05,-34.98263063965315
0.162251569612057,6.679007719272619,0.00487774583336642,-33.95081082621418
1,0,1,0
0.1655319702687283,6.474518073125196,0.005471599144021067,-51.3746897383886
9.555848176237971e-17,13.1321628929786,0.0001451347430831973,-13.50189274569132
0.4966224857186682,1.878219580707494,0.08526832105545135,-51.8124421815442
1.399840491875003,0.6074191067580443,0.217880610113016,-54.66613111871218
0.499889695994776,1.840498068510868,0.08744629093154993,-46.14945588225807
0.6077297815589295,0.8834528746517805,0.1736288529116706,-49.88188401197741
0.3213151126918526,3.901885331599182,0.0241159766132571,-23.50194876125745
1.219445601698095,0.2943942221525901,0.2937091362940867,-86.87640644108869
0.8474089863858116,0.2025943317819383,0.3263174376474479,-70.19501281574485
0.4647084115019276,1.539958909471665,0.1073119607850688,-32.89263302982442
4.936130869128893e-15,5.835008114973677,0.00785516861853236,-4.560908019525973
0.2023762851032005,4.68266638346195,0.01523421070303349,-35.12498214458
9.555848176237971e-17,8.452841595527541,0.001822367661754642,-12.47834238046625
4.730343101349462e-16,12.17215013724972,0.0002425417837446653,-20.00769943301015
3.17603086687411e-16,12.45680811513159,0.0002082355121670876,-27.40512122130851
3.17603086687411e-16,12.07390811746262,0.0002556620064611548,-25.90751521308124
0.4820949694723733,2.064589750064471,0.07537774708185513,-39.57513955208668
1.82224290857963,2.673892550424483,0.05100313125763573,-86.48969264120599
1.091589050492739,0.06715607204256457,0.3977617266037918,-69.80390399727078
0.464427531873447,1.542746727027442,0.1071047115187795,-24.65793076716844
0.7658909590189722,0.3887140142572321,0.2664880730482286,-46.9846790906313
1,0,1,0
9.682324783204268e-17,15.37366893241587,4.410448272135215e-05,-19.97711845276379
5.840566125974614e-16,12.44410394437547,0.0002096567031693031,-33.0604495594733
5.840566125974614e-16,13.13214375424561,0.0001451362256504884,-20.04125757578953
9.555848176237971e-17,8.452841595527552,0.001822367661754642,-12.47859513569056
1,0,1,0
9.682324783204268e-17,15.37402088789478,4.409626808110634e-05,-29.18608257288296
0.7674939187161711,0.382352595359464,0.2681734243807425,-67.53698903944311
3.17603086687411e-16,10.46073160827994,0.0006096948750430875,-19.310181876169
0.4928999734875565,1.924059770597893,0.08270490188435531,-73.05699185518134
1.389869788396016,0.8742424877150654,0.1748917400456254,-77.5041776865763
0.4732878378258819,1.456536205099134,0.113741025950313,-25.25171379524736
9.555848176237971e-17,12.07387550287481,0.000255666479019645,-23.93697246661663
1.028145822447522e-15,12.07371343385218,0.0002556887053127843,-54.50184889302338
2.804502661847769e-15,6.560734417211165,0.005212666556744738,-54.2054740530599
0.130664059408145,9.224896264538202,0.001193731101465811,-35.55851300676236
0.1654973807271499,6.476676214468128,0.005464959236678668,-45.65997839878509
0.2945491145676646,2.341969992694871,0.06296510478065809,-29.53539987418155
0.6031594010141842,0.6087034891939709,0.217638193708083,-47.4923382129442
3.17603086687411e-16,16.55244145456572,2.366150967159086e-05,-17.92488889345244
2.731941657024047e-16,8.609445130042086,0.001672120841616331,-15.44882684476871
0.32057299859025,3.92143976463322,0.02383701732188137,-36.48184433387221
2.287852447174094e-16,8.61048992859174,0.001671161924243214,-20.54106113811789
0.4649718987513087,1.537335189823906,0.107507446552198,-37.87172821574567
9.555848176237971e-17,10.45983606068727,0.0006099905232412883,-5.99641230881772
0.8297727948797688,0.1850262697859932,0.3335444290381679,-40.72449926846522
0.629863724201302,1.251835406258124,0.1316011070172639,-89.71709127181533
0.1911523839208711,5.14858935061239,0.01163263302407286,-16.85515193667204
5.840566125974614e-16,12.07377407614994,0.0002556803885445658,-28.43529889413172
1.272571084755552,0.5351591194620084,0.2322229489199894,-94.34788284115128
5.840566125974614e-16,10.46061950694602,0.0006097318752496528,-24.53215039030664
0.1571139962465223,7.022966973452782,0.004023539116069841,-44.5732074779433
0.3524702788434036,3.171225911076505,0.03747308617640155,-45.38147995051345
0.8036201391095412,0.2569149648013536,0.3061237907882799,-41.15485415231394
0.6045579070287115,1.506077367579906,0.1098693112086958,-53.08489809598615
9.555848176237971e-17,8.605640655563805,0.001675617321550305,-6.241507005069592
4.936130869128893e-15,5.834207141245132,0.007858745656663835,-4.560908019525973
0.1572894479661975,7.011001272326226,0.004050518069840192,-25.09036089021781
1.141114006427882,0.1164527341066446,0.3664570465469099,-75.00235553901223
0.3180142329860249,3.990960976401794,0.02287248368438449,-30.0693739369799
2.287852447174094e-16,13.02814183460114,0.0001534224280045349,-39.81197843524739
0.8896368120573229,0.05680362026399166,0.4058105995605075,-101.7579279111505
0.9789031633771007,0.002740667339168112,0.4791243557119383,-74.68149367980682
0.176079515439623,5.874994631812449,0.007678709913512549,-25.73619129739347
2.287852447174094e-16,15.98213213258488,3.197157261347616e-05,-35.96128848687466
1.285354555460246,0.4633812316688761,0.2480239876656828,-76.40884984426302
5.840566125974614e-16,12.44410394436592,0.0002096567031704133,-47.47759046259242
0.4555328418887808,2.449897021318733,0.058766289305964,-57.53859761350773
5.114956077737342e-17,13.17075063782874,0.0001421764045946294,-12.69601624259289
2.287852447174094e-16,13.13199013328027,0.0001451481263341492,-51.92239318020355
1.102225133310302,0.06430499381703214,0.3999083661067595,-63.27606394187287
0.7946445736290549,0.2852145182444588,0.2966518139345434,-48.2030958554729
1.064907464468656,0.02705945110500352,0.4346697291000382,-66.0471288737279
0.2600382442704958,5.986614516498648,0.007207421070754949,-55.80639428177702
1.065436989361655,0.02748443650668264,0.4341633481434624,-62.45487163034704
0.8804684084598915,0.08436336173150494,0.3857345768621656,-70.61512575068768
0.7254719497644392,0.688625564946804,0.2033161354226703,-63.87607958334302
2.731941657024047e-16,10.46075961684799,0.0006096856308798193,-19.30850306788541
0.2365581864094176,3.565797944420403,0.02949069337636706,-23.71172877938842
0.352755412809969,3.165307670354366,0.03760913091080359,-33.95613597870503
0.3244449888180221,3.819584112270498,0.02532840515050666,-21.37581978509889
0.3205975153882119,1.960956261598838,0.08070554250074813,-61.45170253467916
0.1278149079322178,9.513146807354488,0.001020025112275835,-40.0905232841128
1,0,1,0
0.3044344614504055,2.18878007054974,0.06950969206530577,-62.50084025755213
0.4817741193855751,2.068881221535861,0.07516588259492174,-48.07465320212931
0.5289520518049867,1.518710055592877,0.1089074023794662,-41.50422242719194
1.061205827204083,0.02070443824544554,0.4427935205512665,-91.24887395509629
2.894422151118325,17.91203617294565,1.156766707466339e-05,-204.6500322650961
3.272216090692972,19.56386124284705,4.864612694166492e-06,-169.9985350041085
0.232203016748027,3.688494469243047,0.0273945248408759,-29.41753943894239
1.028145822447522e-15,8.452841595264019,0.001822367662018709,-36.94961772218588
1,0,1,0
0.3524207622703686,3.172267564321515,0.03744919607755282,-56.84142126379785
0.1664507896352167,6.424052612701615,0.005629247672259474,-26.76052066602593
1.092852740687856,0.06884131130837545,0.3965156797865133,-84.94646518568652
1.413598859433989,0.8541996496887236,0.1776834928727069,-86.7799933898734
0.202382022284805,4.682444316758264,0.01523618003115151,-35.64556428019273
2.731941657024047e-16,8.452841595543003,0.001822367661739155,-13.17270516970388
0.1640904457712509,6.564573403195425,0.005201433582904258,-62.12232702758746
3.17603086687411e-16,12.31610334903969,0.0002245335917965829,-11.874338110568
0.1532295324135677,7.290177044072571,0.003466632159817351,-26.0326811132952
0.3522634575060817,3.175555422549003,0.03737389698940119,-28.6923065767818
1.254659851253819,0.4768375291679661,0.2449291443863126,-101.311898377147
3.17603086687411e-16,11.34733315899486,0.0003777819379106595,-12.12090280607178
0.6630096975526669,0.7767644178149595,0.1890662630600577,-46.69230662879568
0.8036000080382338,0.2569754573725902,0.3061028560802616,-88.22091429520037
1.028145822447522e-15,11.99150677948103,0.0002672178030851957,-74.28063982326249
5.840566125974614e-16,12.45680811502724,0.0002082355121786894,-49.64552367696054
2.449231293967717e-15,6.563771887841455,0.005203776786060765,-40.66263891756333
4.936130869128893e-15,5.830405605873359,0.00787574569094962,-4.560908019525973
5.840566125974614e-16,15.96312326056041,3.229422735828713e-05,-34.4144769585133
0.4934250649247989,1.918305810740023,0.08302177357360008,-43.8548358357003
9.555848176237971e-17,12.58467577398274,0.0001944612489696573,-23.50385980975838
1.028145822447522e-15,12.59842545811675,0.0001930359245841395,-33.74723617611497
0.1571027078950726,7.023734014314137,0.004021815957593267,-25.89448375231116
1.013617193407356,0.0009091164032497545,0.4879730913405388,-72.61978012786597
0.4824364623793403,2.060033255009387,0.07560343527514896,-47.98451608237735
1.339326799348511,0.8520181088205163,0.1779910254399891,-91.89890425497573
1.98811398339723,4.932256955419064,0.01317993419000696,-114.0052278804225
0.1533391387342901,7.282380267753638,0.003481710284006456,-42.95911258489683
9.682324783204268e-17,6.782378607792559,0.004603106410856039,-20.18646315849951
9.682324783204268e-17,6.783983764842908,0.004598968969717621,-18.39495623934222
0.8480282374104173,0.200749912156283,0.3270581091393892,-109.8013449949807
0.1666014508557194,6.415002685114516,0.005658007841227608,-42.47067008576078
3.17603086687411e-16,8.445860645297913,0.001829376240078839,-12.0232539695264
5.840566125974614e-16,6.784711269000368,0.004597095014686414,-20.67019443649489
0.1623705055638159,6.671631601145361,0.004897973462824612,-15.43633741426675
1,0,1,0
9.555848176237971e-17,13.02719867949271,0.0001534997151317885,-5.455313386703125
1.686855901770544,2.539175126674593,0.05552639479831245,-95.9603344927561
0.2365540494991528,3.565911684191249,0.02948867317315979,-20.67434391952067
0.6424716711246147,0.9108273020306683,0.169947503232271,-46.37043774184759
0.3822497588665973,2.614576533810919,0.05294289399108937,-29.14323433516885
4.730343101349462e-16,12.45680811506978,0.000208235512173971,-31.83120779247858
0.3758801917595095,4.086174996508447,0.02161769023281274,-89.22257519305023
4.029833816982267,29.41964515089415,2.914190833092078e-08,-200.869485967061
3.17603086687411e-16,8.609507392878001,0.00167206368104178,-12.72524151102804
1.579077015288832,2.157939774209837,0.07091737443043988,-88.63947562692287
0.4731909858155919,1.45744603772016,0.1136684602261759,-38.21862974289429
0.1207678739852821,10.32138262288896,0.0006574887036320809,-22.03041136258479
0.1760825706861585,5.874931506913526,0.007678985238846192,-35.62268213294548
0.3527545297651939,3.165362835663174,0.03760786035878755,-43.64226354888255
0.3822848315097204,2.613915510718712,0.05296496118783262,-36.41141282449921
0.3525700856631484,3.169015371368971,0.03752383869365955,-75.16019716595834
5.840566125974614e-16,12.72654005682126,0.000180251433954115,-61.01503772862156
2.731941657024047e-16,12.0739483907036,0.000255656483752309,-11.55102003371939
0.1274078094297739,9.561341095249915,0.0009935893986054434,-22.69644668246907
1.371068486609645,0.807238067504386,0.1844690394254866,-134.8742017090045
0.255919646793003,6.166660797003487,0.006509004924405926,-31.36545517770322
9.555848176237971e-17,15.29445578396053,4.599304734215215e-05,-31.80626748564899
0.3143754263672478,4.09157277683164,0.02154876060160688,-51.77557853419557
9.555848176237971e-17,11.34731305978527,0.0003777860264900235,-11.42995901577227
0.1603920085220124,6.800637545935828,0.004556266367717554,-37.42499458895973
0.5034464731467315,2.396547771605924,0.06080167057049901,-50.88864101476921
3.712459492752981,27.78099322083642,6.792712387015953e-08,-169.4403923619689
1.476862264952238,0.6687446637163248,0.2067448085229061,-64.06442788360505
3.17603086687411e-16,12.07390804832147,0.0002556620159426815,-25.90556949079877
3.17603086687411e-16,15.98165904238956,3.197956332301466e-05,-26.57925153505056
4.004733053112191e-17,15.29320521946893,4.602350629290264e-05,-13.05306910688286
0.2954822811594491,6.981077376987898,0.004118800174120196,-28.86715245744956
0.3246549588331444,3.813846096091993,0.02541530280815146,-36.17574088099521
9.682324783204268e-17,8.452841595483093,0.001822367661799218,-33.71914154095737
1.418903559515517,0.6540257199472421,0.2093385230777081,-52.12493541499979
1,0,1,0
0.4822793239952115,2.062132103311221,0.07549938216884039,-31.02706025495285
0.913407053934098,0.02533507522676359,0.4367674864436647,-82.31911806066988
1.12704447203944,0.09604828673371912,0.3783121969732515,-65.66975009405331
1.161806917948116,0.1494698379969464,0.349521257872921,-106.4536606867151
0.1571202564712047,7.022539129723441,0.00402450059571563,-57.98607263845973
4.730343101349462e-16,15.37402227169161,4.409623578632837e-05,-20.83714932846295
0.6132515961488143,1.131123517681615,0.1437679087242412,-53.28750212919865
1,0,1,0
1,0,1,0
0.8049239504784708,0.2529773600505791,0.307493192773226,-52.20327409047741
9.555848176237971e-17,10.46078775609136,0.0006096763437302699,-12.58348481241745
5.840566125974614e-16,12.07382705136558,0.0002556731234993337,-31.28576994598219
1,0,1,0
0.1606406463358023,6.784442947554233,0.00459778608440764,-24.66964169808357
9.555848176237971e-17,15.37414043401681,4.409347822514897e-05,-25.76590994673109
3.17603086687411e-16,12.31178435676559,0.000225053737576919,-12.56885906052873
1.028145822447522e-15,6.563584193515794,0.005204325660493891,-55.95403967551255
0.644278067349189,0.8983992802961041,0.1716056429301686,-68.23978645815919
0.9635996772271859,0.008335355234692088,0.4636278373545742,-72.09299843692484
2.287852447174094e-16,12.72654005475906,0.0001802514341529005,-58.60964393726101
0.1307072928363354,9.220472196998671,0.001196619072445781,-26.58073137434187
0.473351741449381,1.455942218366303,0.1137884307300997,-35.7486834303046
9.555848176237971e-17,13.17075063783154,0.0001421764045944629,-13.39091064401984
5.840566125974614e-16,10.46073174812503,0.0006096948288871751,-26.32602316315551
1.065512476869969,0.02754530643196063,0.4340911502736826,-74.06143007006611
0.1969705810802512,9.796722093561648,0.0008741160782680946,-19.95978117377317
0.3311844823217714,3.650776379823512,0.0280215406136729,-40.34307343709201
0.6553910304910887,1.031070713939172,0.1549536602219568,-51.23820087872579
0.3246533409603262,3.813926505066775,0.025414082903642,-36.11738468750621
1.371374982949151,0.8083212217468656,0.1843085239741069,-81.04542530146202
0.7837907920243562,0.3861687996988792,0.2671600747702683,-64.35817527216282
0.4049840702046695,2.258526380801172,0.06644022648256459,-32.82543512020952
0.1250558321434171,9.823558164425776,0.0008614535462627693,-35.27272875191289
4.730343101349462e-16,12.17284644826375,0.0002424512586356453,-17.7351226420398
0.8230976498664963,0.2019294372585847,0.3265839733305412,-51.62854580424929
0.3284010095595558,3.720368650812688,0.02687625096974539,-46.97080254280352
0.2322456903237765,3.687279997607845,0.02741448040933742,-31.25427741771187
0.1532402357249884,7.289338385625612,0.003468250828177921,-31.89333190052426
0.8043025555851588,0.2548485964483973,0.3068407676866948,-49.01793859793383
1.897203188900932,4.013133395442622,0.02257358617723837,-104.4398410519498
1.769591721199267,2.981232685861983,0.04211754792893574,-140.2666647710502
0.9570415916866316,0.01171927474703693,0.4568964711561443,-103.686396698246
1.848024586606928,3.714797809044882,0.02696607816675189,-99.87532679806796
3.17603086687411e-16,13.13214449693848,0.0001451361681180652,-19.58341224504309
0.4870408165751566,1.998868631909886,0.07870833339646993,-59.67361473948768
9.555848176237971e-17,12.44410393012088,0.000209656704769412,-12.16844875510168
0.1606121963837912,6.786292962835951,0.004593023477089397,-16.31707056465638
1.028145822447522e-15,13.13211504623318,0.0001451384495233521,-34.09993283469626
1.028145822447522e-15,6.790052523426482,0.004583360569627382,-56.13124925956961
3.17603086687411e-16,12.44410393011781,0.0002096567047697451,-20.44538209696034
1.102390971338146,0.06432685352993417,0.3998917166815615,-85.32822298623947
1.411510968490471,0.8472971595113847,0.1786590422197579,-102.2643151664588
4.730343101349462e-16,15.98224982867024,3.19695849848034e-05,-21.72349074295578
0.1517672032554626,7.398573350109274,0.003263781278601441,-36.27836487393152
1,0,1,0
0.1622553862171756,6.678815351385083,0.004878272277860918,-33.00605470681359
1.389387098137392,1.70530256582424e-13,0.4999998352555516,-4.360328903288266
1.764046616099485,1.918465386552271e-13,0.4999998252621251,-4.468346959282384
1,0,0.5,-5.084231687636247
9.682324783204268e-17,12.44410397585683,0.0002096566996354632,-29.3749388535219
9.555848176237971e-17,16.55258286999995,2.365974520851521e-05,-41.17422506403027
0.1666776881802212,6.410428343433168,0.0056726021770232,-62.98090619344899
3.17603086687411e-16,12.7265397187898,0.0001802514665339428,-16.18800605080419
3.17603086687411e-16,10.4608133832176,0.0006096678858110161,-13.22762664592011
0.8551787280597746,0.07725619618472024,0.3905253748993836,-70.55807453100175
0.162208678912295,6.681686967575686,0.004870419704349704,-47.21775837851639
0.6922496685394323,0.7949827903270688,0.1862988395302475,-63.14452694964557
0.6361791200719219,0.9555158872545917,0.1641596192768876,-50.47966141623161
0.3172328743664879,4.013190097813322,0.02257282709128622,-54.80299578799796
0.6576038351883242,0.8103882059655518,0.1840027512141753,-65.75324662764217
3.17603086687411e-16,12.44410393014017,0.0002096567047672471,-21.08669216959827
0.1641892329501914,6.559073012129414,0.005217535580537946,-15.90767679585996
5.840566125974614e-16,15.37767111118607,4.401116260133175e-05,-44.93300851694897
0.8824786363825017,0.08130312574971299,0.3877695807086684,-65.62325275560218
3.17603086687411e-16,13.13213417547254,0.0001451369676685466,-19.63634247947671
0.1571333078742305,7.021650473313997,0.004026498396119071,-52.08229185057219
1,0,1,0
0.4731281504337826,1.458037693738937,0.1136213012437589,-30.30699198791725
3.17603086687411e-16,12.45374472263354,0.0002085773161900062,-31.34628402874684
0.5285295960178876,1.522962415196886,0.1085858707279275,-48.3810619479851
0.1207946747340151,10.31806115970308,0.0006586730437521671,-38.27117322578924
0.8063025444787952,0.2488559619686583,0.3089408921094203,-54.04451337421519
0.3527850232946595,3.164713879296798,0.03762280986112554,-25.51818306455774
0.3018812080240493,2.227453136747386,0.06778858334827143,-26.00973221407124
0.1308504488210427,9.206010881368961,0.001206108780484771,-21.11741771494501
0.6098066596020525,0.5802946385413463,0.2230984276253032,-56.36359082103106
9.555848176237971e-17,13.15449402549957,0.000143415238788358,-23.7645376199111
0.1609639745167047,6.763490347837617,0.004652079978785861,-45.45905280141491
5.840566125974614e-16,15.35528107101748,4.453580393831702e-05,-20.83767883039337
2.449231293967717e-15,6.620924927013192,0.005039373938400538,-43.44754817650671
0.1259095098709622,9.728617087619661,0.0009071046859269738,-28.67459320320035
9.555848176237971e-17,12.29639053795049,0.0002269175592696238,-5.33341458627194
2.260624891146621,7.203832772417172,0.003637402389602917,-132.2757444853676
9.682324783204268e-17,12.7107717260801,0.0001817776832240825,-47.16225081325027
5.114956077737342e-17,9.865543795650881,0.0008420144729004986,-6.806621112165662
0.3288847267614608,3.708336520909796,0.02707066193332153,-42.26330556143427
0.2947332689857509,2.339027383136369,0.06308415378622939,-17.26262320572508
0.2026127344300422,4.673475168044376,0.01531594231360256,-45.98370380256264
0.1308549981607523,9.205491138239267,0.001206451260933716,-27.27184263082637
4.730343101349462e-16,15.96256027901246,3.230383312602392e-05,-26.52230077666414
1.028145822447522e-15,6.553423357568434,0.005234127753490969,-35.3873088408186
0.191338662293405,5.140353822566475,0.0116879417664999,-16.24385548263099
9.555848176237971e-17,15.96090888380781,3.233202633012855e-05,-25.58703246106557
3.17603086687411e-16,13.15442746542217,0.0001434203332993933,-28.57261622878923
9.555848176237971e-17,12.15818217002577,0.0002443649364011202,-12.40706898028695
3.17603086687411e-16,13.16530455632726,0.0001425902166493076,-20.78573427703889
9.555848176237971e-17,15.97575930120438,3.20793815272169e-05,-28.60474994067637
5.840566125974614e-16,10.45629541206063,0.0006111608231328947,-24.70967731433074
3.17603086687411e-16,12.16785046551169,0.0002431015261209479,-11.89397654455825
1.843763237323921e-16,12.06899331499054,0.0002563368829796575,-5.068668007795154
9.555848176237971e-17,15.9712844058485,3.215530158295898e-05,-14.62976983485356
9.555848176237971e-17,15.98094806212841,3.199157588223978e-05,-41.51283657599566
1,0,1,0
1,0,1,0
9.682324783204268e-17,15.9736424778778,3.211527257318547e-05,-84.95563748976045
0.09843029439927213,13.66603736444074,0.0001091841349558642,-16.5039529745399
0.6422179706950966,0.9125830786029496,0.169714989860235,-46.46232432727184
0.1533171528785081,7.28404141389921,0.00347849220020735,-16.28092465462012
9.555848176237971e-17,15.37460913585006,4.408254181154092e-05,-12.40132841759884
1,0,1,0
2.287852447174094e-16,8.452841594998901,0.00182236766228433,-24.30543121550162
1,0,1,0
0.2365251321101074,3.566698016613316,0.02947471065447704,-43.97752398143493
2.287852447174094e-16,12.59840081344386,0.0001930384698581866,-32.87268230753168
3.17603086687411e-16,12.59856713679352,0.0001930212928266117,-13.45808884621621
9.682324783204268e-17,6.790223024883993,0.004582922836727177,-19.49488794406961
9.555848176237971e-17,12.31615939268814,0.0002245268503147657,-5.335730625326845
0.3310112695576616,3.655060983022224,0.02794955435382895,-48.53832767524502
0.2943509325512663,2.345230433051086,0.06283348887970458,-56.93847325440525
9.682324783204268e-17,15.97835200105493,3.203547688723773e-05,-80.4376541825544
3.17603086687411e-16,8.609445089861048,0.001672120878505268,-15.44899101221301
5.840566125974614e-16,15.37566784295071,4.405784860544992e-05,-19.57993497150071
0.2364736160570136,3.568102005183867,0.02944979819047872,-17.12845131295128
5.114956077737342e-17,13.17075063784643,0.0001421764045932972,-12.00043580524748
2.449231293967717e-15,13.17075067991371,0.0001421764014015725,-86.21687763531138
5.840566125974614e-16,13.04278035146776,0.0001522278880702888,-20.15957731358767
0.3048470060140028,2.18275514338535,0.06978221113070032,-40.56535561173432
9.555848176237971e-17,11.34736179944365,0.0003777761119504452,-12.57411830252072
4.004733053112191e-17,16.55272290654876,2.365799808035085e-05,-13.80680291781495
9.555848176237971e-17,12.44410393015556,0.0002096567047655262,-24.83866411436368
5.840566125974614e-16,6.790359686716183,0.004582572012100827,-14.85302436216331
0.1623158735296645,6.675098658049627,0.004888455021335669,-17.24751753214361
0.1517829954342586,7.397409279855793,0.003265894032727423,-32.35930495177274
0.1642191254534875,6.557193930700528,0.005223048161460186,-24.71154852599712
9.682324783204268e-17,13.04264022634385,0.0001522392780670678,-32.39695993378427
4.761738567642946,42.9468932499052,2.812305943677984e-11,-176.2407930561438
9.555848176237971e-17,12.17288490123644,0.0002424462604845856,-11.89476115141398
5.840566125974614e-16,12.44410397582878,0.0002096566996386273,-42.88078574224714
2.287852447174094e-16,12.31576883294657,0.0002245738349340165,-43.99716825105481
9.682324783204268e-17,11.34723203914908,0.0003778025081537795,-24.67920578219823
0.3206978523615246,3.918138900286834,0.02388386682929339,-29.11005768781165
1,0,1,0
9.555848176237971e-17,9.876940024840245,0.000836815193858087,-14.56123615908974
0.3210276593745952,3.909448968007766,0.02400766907221524,-37.37876260382205
0.3284755889988052,3.71853190885021,0.02690583249071693,-22.76933514122484
0.1655146904660527,6.475631311204495,0.005468173035337642,-18.85751585315037
0.176056561259881,5.87622247603548,0.007673356574616819,-38.55519521771788
0.09841973177555237,13.66800274097717,0.0001090699172993648,-14.63087491606261
2.287852447174094e-16,12.31585145595839,0.0002245638944985973,-38.80083816584853
0.3212950202509275,3.902419303992048,0.02410831350152531,-39.1946514633079
9.682324783204268e-17,6.790327663909608,0.004582654215389059,-27.88102637776646
9.555848176237971e-17,10.46081580542329,0.0006096670863978138,-12.98935735565958
0.3213133565811224,3.901941565416948,0.02411516947286091,-22.22598944804376
0.1516125837835772,7.407783861819695,0.003247113588561001,-38.06134780888213
0.4842459644504842,2.035753323214635,0.07681902402712903,-52.32928553117621
0.1253324854819352,9.792780368713522,0.0008759917919717863,-36.60512627549949
9.555848176237971e-17,11.34723220407162,0.0003778024746036168,-17.6892917442631
3.17603086687411e-16,12.07391627565018,0.0002556608877112287,-31.14933118307557
3.17603086687411e-16,10.46084379040623,0.0006096578504447003,-13.68195671824087
0.1622885354061832,6.676816047836297,0.004883747129596328,-32.64178762819086
3.17603086687411e-16,12.59828849027372,0.0001930500708974825,-38.97319886558039
1.028145822447522e-15,6.563872507154684,0.00520348256948644,-67.24985807804597
0.1654990177027748,6.476500031307324,0.005465500985638638,-40.91737145821939
0.1761176484019731,5.873048626536921,0.007687202280377059,-24.22660559278516
3.17603086687411e-16,15.29349982989133,4.601632888673324e-05,-11.66240683474403
0.1275172523605108,9.550185450360807,0.000999646085591388,-16.80266330504442
0.3311755953386281,3.651037295654497,0.02801715130847848,-30.0820468849253
3.17603086687411e-16,12.31596336246201,0.0002245504316527036,-24.95415924282726
1.028145822447522e-15,6.233456364289211,0.006267940861616195,-33.54640228385009
2.287852447174094e-16,12.31579527137436,0.0002245706540589532,-37.3385413530246
0.1761912540154278,5.86916701962592,0.007704170521485199,-14.96594726993391
2.093959926088373e-15,11.34594782151731,0.0003780638478187437,-173.4786158431114
0.3210144064798148,3.909801466095914,0.02400263400880548,-30.43470368786397
1,0,1,0
1,0,1,0
9.555848176237971e-17,15.97634490329393,3.206945968492469e-05,-6.89007209409637
0.3823639297331012,2.612586289905721,0.05300936563253072,-59.88917002307949
2.804502661847769e-15,6.567549001546524,0.005192743980666492,-56.20152565329202
5.840566125974614e-16,13.04258382477972,0.0001522438628809852,-23.87214771767067
5.840566125974614e-16,12.17286059758506,0.0002424494194823712,-32.71816509117265
1,0,1,0
9.555848176237971e-17,12.4441039758664,0.0002096566996344085,-13.1978874593485
9.555848176237971e-17,8.452841595542978,0.00182236766173921,-13.17064112418678
1,0,1,0
0.1518094954403521,7.39546215889419,0.00326943112322936,-37.98823703963242
2.287852447174094e-16,12.07390830649443,0.0002556619805387794,-18.04288703185674
0.607847739575217,0.5885261543656668,0.2214948061489938,-77.04229783772566
1.028145822447522e-15,6.627385334587657,0.005021128345149839,-48.96278893632402
0.4816780144850086,2.070168156947844,0.07510247957279981,-42.40796712094982
9.682324783204268e-17,6.562465371527075,0.005207598662904434,-28.71274416076158
2.287852447174094e-16,6.629052116888666,0.005016431987715675,-26.46681738991873
1,0,1,0
3.17603086687411e-16,12.31604733407434,0.0002245403300322191,-18.4131088812004
9.555848176237971e-17,12.07392814048985,0.000255659260668839,-11.14558806276423
0.130687125837108,9.222563003785766,0.001195253339795754,-28.6613796940829
0.1607022498969509,6.78044368154724,0.004608098930138693,-40.27089438993791
1.028145822447522e-15,6.625481818464777,0.00502649724075277,-50.47092001345916
3.17603086687411e-16,13.04261214507498,0.0001522415607415617,-24.39955302717416
0.2364005875380948,3.570096729850633,0.02941444214689165,-22.10958601598015
9.682324783204268e-17,12.59814671590968,0.0001930647147393993,-51.19397601875441
5.840566125974614e-16,13.0426379356948,0.0001522394642684,-18.31156898453676
0.2322166461883609,3.688106852172986,0.02740089229017123,-21.50271557835987
0.4870915893469787,1.998227959129579,0.07874161312508138,-36.26496096250091
5.840566125974614e-16,12.45435957296068,0.0002085086676859027,-41.30135811150924
9.682324783204268e-17,11.34463539387937,0.0003783311169764936,-19.78294449296403
0.8168969972727762,0.218545771721395,0.3200751041345617,-62.80901130858991
5.840566125974614e-16,6.23382846931154,0.00626662395066907,-20.98981571889402
9.682324783204268e-17,8.452841595487961,0.001822367661794333,-19.2571155528718
1,0,1,0
0.3520593948425492,3.179706133572751,0.03727906884642446,-70.95883766472977
0.3211377901277066,3.906560498623733,0.02404896982021487,-38.08156982401113
0.2615097364527657,5.922497334332533,0.007474377777426044,-32.82504746020393
0.9702717260656076,0.007346508486335779,0.4658477704823673,-96.11789777176517
6.728744545674702e-16,6.790197749366982,0.004582987724527476,-38.43517815319868
2.449231293967717e-15,6.276066268336706,0.006118973007188055,-102.2130459166894
3.17603086687411e-16,11.3472726441698,0.00037779424796619,-10.73691796602697
0.9763304561103965,0.003462048852526323,0.4765401015379269,-68.16408287073388
1,0,1,0
9.555848176237971e-17,13.1707506803459,0.0001421764013687654,-30.19006784994626
0.528708162044638,1.521156381469538,0.1087222910844972,-58.33949943045308
1,0,1,0
1.483898672434715,1.231374514964585,0.1335699470780894,-73.14099348204019
3.17603086687411e-16,15.37460921598044,4.408253994203637e-05,-31.44067352439868
3.17603086687411e-16,12.31604949985403,0.000224540069499235,-25.95164004130385
1.028145822447522e-15,15.98095489474863,3.199146041826806e-05,-105.3774183312473
5.840566125974614e-16,13.13206742600326,0.000145142138511245,-32.22499661979413
1,0,1,0
9.555848176237971e-17,12.07392816663397,0.0002556592570836513,-11.14601900563509
1,0,1,0
0.2364008222285729,3.570082611687248,0.02941469222955706,-26.12634283333827
1,0,1,0
1,0,1,0
9.682324783204268e-17,13.13210612099768,0.0001451391409257874,-32.79980595867294
0.6137658243950986,1.126892033127177,0.1442196230409147,-62.59373056715293
0.1622837366169255,6.677066713100736,0.004883060367928793,-26.27614438601253
0.642321214504781,0.9118643052563584,0.169810123588902,-112.4307460316169
1,0,1,0
1,0,1,0
0.6626387938730313,0.7790374205095532,0.1887178462988242,-44.43025400480524
0.1207445134783278,10.32410357625614,0.000656520094705737,-21.90670629150492
0.1604565555435175,6.796424156959574,0.004567031564691793,-48.85921577352718
1,0,1,0
0.1622809916811434,6.677234990111266,0.004882599385491737,-23.19838691417769
9.555848176237971e-17,15.98165732599735,3.19795923172661e-05,-13.54190166624348
5.840566125974614e-16,12.4441039758664,0.0002096566996344085,-19.73787265666039
2.731941657024047e-16,8.452841595448174,0.00182236766183419,-11.61833796195243
0.3065476827504962,4.311962271644688,0.01892264177746872,-50.46011423177018
5.840566125974614e-16,8.452841595505475,0.001822367661776791,-32.82994538411857
0.1571075585996121,7.023402838603658,0.004022559851725616,-58.0142113094108
9.555848176237971e-17,11.34731312867639,0.0003777860124761223,-19.30065012124075
9.682324783204268e-17,8.452841595480919,0.001822367661801383,-26.10190435860778
2.287852447174094e-16,8.610244071758778,0.0016713875216402,-27.81533956551138
0.4969505041589857,1.874279041055871,0.08549289964140255,-42.8025554600594
9.555848176237971e-17,12.07396879618737,0.0002556536855743974,-12.24812096938285
0.3039831745159053,4.389604916851326,0.01807934560595187,-36.03075347090735
1.177629422548942e-16,11.34723215888764,0.0003778024837953753,-24.68142374096954
9.682324783204268e-17,6.233078137070599,0.006269279730938659,-26.08035063491258
0.3247226230147114,3.812229152794337,0.0254398469999475,-26.57139727925503
3.17603086687411e-16,15.29551739762841,4.596720642713326e-05,-27.40169046749515
0.1656247929265656,6.469023058428959,0.005488542929266649,-13.47292085960907
0.6630840298139384,0.7763105661895082,0.1891359401148515,-40.43390479746407
1,0,1,0
0.7677656925891954,0.3812914235796541,0.2684564487449503,-49.85656386160158
6.728744545674702e-16,15.97741614944692,3.205131757338942e-05,-60.18237859645065
0.1604421551283624,6.797363029854097,0.004564630493980093,-36.17259736634019
0.3524616805849148,3.17139994123724,0.03746909369234314,-64.0545102896196
2.804502661847769e-15,6.572387713434097,0.005178645320634057,-72.67981912452694
0.1655033770579183,6.476343128381188,0.005465983495818449,-22.168177053668
0.232290942385407,3.685997964296611,0.02743556283629706,-22.37396673769537
0.1606090537117997,6.786503350964864,0.00459248218211139,-31.67813651337465
0.3775472200278765,4.042133669904828,0.02218884019561418,-61.15021523216234
0.8219798900725322,0.2049489004346725,0.3253777722769579,-59.01075775171403
2.287852447174094e-16,8.452841595540143,0.001822367661742041,-20.18310719166682
0.5889955627382538,0.6727390403652365,0.2060491399128239,-28.92497412305229
3.17603086687411e-16,12.17291365768131,0.0002424425227646188,-12.81238327791713
6.728744545674702e-16,6.630306301760548,0.005012901141261683,-17.0029523512727
0.1517612683389468,7.399014002940675,0.003262981870500892,-17.20433886339524
9.555848176237971e-17,12.17287598908524,0.0002424474188845172,-25.78752780417967
3.17603086687411e-16,8.452841595430492,0.001822367661851898,-18.15853642793537
9.555848176237971e-17,8.609690653936056,0.001671895449229466,-14.75404938251837
0.1606705360867942,6.782481661107472,0.004602840666908858,-14.92778947421685
0.6423654506333698,0.9115582983367432,0.1698506470990732,-57.230116072925
9.555848176237971e-17,13.17075068036779,0.0001421764013671001,-16.16143489905635
9.555848176237971e-17,16.55255249165045,2.366012423288266e-05,-18.50414875700227
3.17603086687411e-16,8.610657912982461,0.001671007800134128,-29.15159594477626
0.6032179041122093,0.6084181452090718,0.2176920144277965,-59.80441006319901
0.1604056231804245,6.799733925786413,0.004558572923826609,-28.32229626249241
0.3044974608375068,2.187775048122887,0.06955506806403211,-73.52162671299514
0.6417549774291628,0.9157918934285476,0.1692911574977267,-63.40726181381397
0.1604537230535505,6.796618287997767,0.004566534988518667,-15.43467596095495
9.555848176237971e-17,9.877784253665805,0.0008364313294678682,-14.49678639581475
5.840566125974614e-16,6.564067910931193,0.005202911246494246,-18.19929889999908
9.555848176237971e-17,15.98189449498406,3.197558617007434e-05,-14.64344790561131
1,0,1,0
0.1641886986911767,6.559115217080699,0.005217411834200991,-15.88592636783188
0.1207455078525431,10.32396479224885,0.0006565694642636233,-28.44709946037719
0.1911403453083483,5.149031731083866,0.01162966974496094,-22.55712225889736
1,0,1,0
1,0,1,0
2.731941657024047e-16,13.13210610562465,0.0001451391421166681,-25.49784199777403
2.731941657024047e-16,9.877784073696191,0.0008364314112796478,-31.57916910854289
2.77216666477307,11.92058524607535,0.0002775851834403431,-146.9252077672787
1.527057842580854,1.872602486984533,0.08558865546500644,-113.4610599289418
311.2391406743706,22.73898550948401,9.278234719412026e-07,-21.03642236914957
1.002747674058122,5.506706202140776e-14,0.49999990638272,-4.532498265886861
0.5737914758921903,0.9719674031907033,0.1620950019840093,-62.58011805809637
1.028145822447522e-15,6.443188176593367,0.00556892883072152,-46.96446461594668
3.722211109942069,13.09510525986713,0.0001480341824204312,-150.5737286210563
3.17603086687411e-16,13.1321246301041,0.0001451377071027271,-19.3511163335424