dN/dS,LRT,p-value,Log(L)
1,0,1,0
1.051129315946936,0.01463439455446292,0.4518563286364008,-87.00912882180509
0.9068745243409704,0.05913560383442018,0.4039337033493118,-65.89447265773136
0.3802266442023935,3.970535578269448,0.02315152141444554,-28.54080696711787
0.3039878455077201,2.195603372296731,0.06920250174181503,-34.40116244265331
1.442414108886086,1.070206513705756,0.1504494019850824,-73.97737316123506
0.7999259923917388,0.2682846860283234,0.3022423735720159,-50.643138645497
1.203237149583077,0.128661721594483,0.3599118335317665,-81.38402698286903
9.682324783204268e-17,6.5720424569367,0.005179650000443514,-36.52527561687157
0.7069810257876732,0.4054194395616406,0.2621518105581285,-55.14662754264707
0.1597368805134539,6.843522550629807,0.004448162169029324,-15.94814009421342
0.572806937878118,1.130024950339347,0.1438850085273936,-30.97215398084198
1.058542015461745,0.02219001816685306,0.4407913577681188,-61.6666924014386
1.120405271488255,0.08695989982965102,0.3840390931311935,-70.72792260982854
0.9076119864802611,0.0581403081125984,0.4047298879858152,-72.74479311096192
0.4853235860326826,2.021251282322169,0.07755563867006987,-30.11283550982057
0.9070435859172167,0.05890654444402799,0.4041163066256096,-84.82282365774286
0.1526163785445155,7.334701151124094,0.003381796174781349,-15.73414537126808
2.287852447174094e-16,12.51178281678501,0.0002021967664581625,-19.76283793768685
6.728744545674702e-16,6.242117018127075,0.006237363655874628,-19.90116495097226
6.740639792367023e-18,13.19001776358242,0.0001407221151014659,-6.285627601042608
0.126729263498052,9.63511818744411,0.0009544596094515634,-13.84353365791484
9.555848176237971e-17,16.08050734914323,3.035284402941318e-05,-6.89894197603877
4.730343101349462e-16,8.47035632343383,0.001804903564071203,-11.34524488425748
0.1582326162037713,6.945308952850276,0.004201966071802343,-28.94110074937097
0.3020335963418683,4.448718410365842,0.01746372467085816,-79.92822739895989
0.1616320458004689,6.718644605041966,0.004770505457588836,-28.60573471525664
9.555848176237971e-17,12.3637821403442,0.0002188715070176039,-25.6638863001945
5.840566125974614e-16,8.659653139893077,0.001626666096434581,-14.7857468156559
0.1597978018773039,6.83951557031174,0.004458150757471468,-30.60522766039366
0.1527875181641498,7.322288363101251,0.003405232014956572,-17.75093252982438
3.17603086687411e-16,12.49693868325564,0.0002038097053497778,-18.64482008058486
0.1597605569764157,6.841965660236056,0.004452040456269235,-40.02182732207048
0.1527781641060621,7.322949886369621,0.003403978858098622,-21.35480760421806
9.555848176237971e-17,12.49693863988254,0.0002038097100815484,-12.58405212391568
1.118379966393502,0.08426374101020428,0.3858001872531378,-79.57122507473996
9.682324783204268e-17,6.565207657896522,0.005199580127430159,-50.55654746986919
0.3298406199480336,3.683718308489063,0.02747309315288571,-41.5959228189901
0.5250909343472475,1.558117758289995,0.1059705148219811,-39.16644415522946
0.1618087150306736,6.707247527236206,0.004801091274830749,-19.05229693777916
3.17603086687411e-16,12.52478268821218,0.0002007948017252459,-11.84973286461878
0.1597368753465307,6.843522728275467,0.004448161726703037,-15.94778799247075
5.840566125974614e-16,12.52478130428512,0.0002007949504510553,-18.61889182337296
3.17603086687411e-16,12.51178281678948,0.0002021967664576629,-12.18116085269523
6.728744545674702e-16,12.63999060013477,0.0001887909383708197,-47.34801344428842
0.2016496686685974,4.711041399546502,0.01498474578135345,-40.00515635847491
0.9590885986880748,0.0105952536220002,0.4590079747301319,-63.79259107134877
1.133061367366739,0.1045566964227191,0.3732142328099775,-96.58897497129556
1.833665397946276,3.33112965342454,0.03399008421439148,-118.459100794272
5.840566125974614e-16,6.571814002684889,0.005180314901199634,-22.91126371608824
0.3293223466339657,3.696505922280885,0.02726326998493267,-28.96589272238201
1.686919589051232,2.538189473211958,0.05556107106204511,-105.4284241527787
0.8782537899164495,0.08781004822566274,0.3834899540081915,-68.36071284835887
0.3166892426978963,4.026726944608924,0.02239237359887158,-60.03458789988807
0.6472689060538902,0.877769279994169,0.1744066921956597,-73.25880862525344
0.8751659422091852,0.12995643073873,0.3592386086521723,-87.29881104841839
0.1754280461749179,5.909592786243252,0.007529326214530452,-33.52563084824463
2.804502661847769e-15,6.568912963311448,0.005188765796966699,-68.10200901598311
3.17603086687411e-16,13.18981781842523,0.0001407371297668658,-13.2799167876671
0.7021709521445232,0.563276792597847,0.2264714889162416,-38.4013851727972
0.3043242513833502,2.190492265055823,0.06943246424605554,-32.17633126675038
0.913050337779751,0.05960565385908012,0.4035601548099485,-64.68097924371139
0.1243695877340299,9.900706278679067,0.0008260767590936302,-35.66337796047946
1.119247882210091,0.08541501373980509,0.3850445044116976,-74.19221291483673
0.7561797402012659,0.4288495854827374,0.2562769898418774,-45.89774052596681
0.1563977925578877,7.072077192431401,0.003914721700204071,-17.86497447977407
1.028145822447522e-15,6.636764011477737,0.004994761342161091,-52.63822863258351
0.1582240870838358,6.946072205051259,0.0042001735977516,-16.01502021665139
9.682324783204268e-17,6.636537335856417,0.004995396936503693,-40.62687425887282
0.3731579313287212,4.15891741640317,0.02070793347392091,-46.26492826747752
0.8773485706093209,0.08965407956134186,0.3823086916195134,-46.63836532979408
2.287852447174094e-16,13.19511279437627,0.0001403400536306165,-33.83150014597592
0.8094198460493575,0.2395991039050074,0.3122479065468431,-63.66620798348501
0.1634222256665764,6.606804748528631,0.005079489357509459,-22.05808731791097
9.555848176237971e-17,13.2449267122048,0.0001366592977044001,-12.92332900447652
0.1242881385442816,9.909931069768078,0.0008219463769241764,-41.13706129498219
1,0,1,0
9.682324783204268e-17,12.22971166958892,0.0002351723316766363,-40.56400501989383
0.3040848175464618,2.194036575327203,0.06927290524466506,-46.53076152149854
3.17603086687411e-16,15.48872828013266,4.149935901764934e-05,-35.01451986526065
0.1616239044922469,6.719051246933915,0.004769417866868852,-33.97193529403073
1,0,1,0
0.1646578623233518,6.527985377987122,0.00530950817211262,-51.41426770798845
9.555848176237971e-17,13.19515884513473,0.0001403366051913046,-13.51846887213593
0.4940006697196276,1.910517309116429,0.08345290326013111,-51.86560614414177
1.391742864193851,0.5877207666900972,0.2216509200044013,-54.73319751077787
0.4975753593962512,1.868451940873612,0.08582624302758607,-46.23402798479406
0.605446927868596,0.8980764535565982,0.1716490044023729,-49.94532762828248
0.3195753212663396,3.947872176363568,0.02346533734137779,-23.52553941646276
1.212578505328507,0.2783790920000229,0.2988827952743193,-87.03025224807811
0.8430694841629943,0.2157327847641,0.3211553684786959,-70.30884082862593
0.4620239078957167,1.566760419309119,0.1053390519066397,-32.93615162126132
2.804502661847769e-15,5.825112993381611,0.007899476781318693,-4.560953936310931
0.201616280065614,4.712356056391855,0.01497329140749826,-35.14307914637336
5.840566125974614e-16,8.483204086399603,0.001792201226655021,-12.49861684210029
3.17603086687411e-16,12.22918490362789,0.0002352387370754272,-20.03896895934162
3.17603086687411e-16,12.52478270178776,0.0002007948002663018,-27.4343619882218
2.731941657024047e-16,12.13795592514523,0.0002470294885335567,-25.9252929268437
0.4794847369550318,2.099709895198458,0.07366354469409203,-39.62346532501468
1.815406040635334,2.643487572047121,0.05198753397721889,-86.57340292598316
1.086091472173629,0.0596170526545734,0.40355111560775,-69.90561172886375
0.461747218816231,1.569552612569787,0.105135998582492,-24.7013583219194
0.7627044452540429,0.4015437068091074,0.2631465487376036,-47.04551215999884
1,0,1,0
9.555848176237971e-17,15.48422237937591,4.159840574141649e-05,-19.99000664787068
5.840566125974614e-16,12.51178283032171,0.0002021967649931677,-33.10859998053315
3.17603086687411e-16,13.1951404152482,0.000140337985274408,-20.05788767639991
4.730343101349462e-16,8.483204086399621,0.001792201226655021,-12.49886702984866
1,0,1,0
4.730343101349462e-16,15.48456770633113,4.159080650828484e-05,-29.2180186266328
0.7643032566224763,0.3950601368187279,0.2648257496074634,-67.90011095997096
3.17603086687411e-16,10.47868167905527,0.0006037994809279801,-19.33071705665702
0.4905964596106231,1.953051390588371,0.08112920676390473,-73.12653527135302
1.384274487670625,0.8540336582736074,0.1777068671412129,-77.558505164268
0.4715918411562409,1.472536078917706,0.1124729917769874,-25.29426178708425
9.555848176237971e-17,12.13792519384938,0.0002470335592245632,-23.97080441307482
6.728744545674702e-16,12.13776913579561,0.0002470542318388502,-54.53666448729712
1.028145822447522e-15,6.56912968045188,0.00518813399912138,-54.2432680900889
0.1298361088652305,9.309694317489047,0.001139722549620859,-35.58180291229774
0.1646301927595628,6.530146305450899,0.005303061640292872,-45.6995770683279
0.2946222311597023,2.340766999904851,0.06301374399105319,-29.57128738952935
0.6024593743433049,0.6117588860720389,0.217063163046065,-47.57747625902866
9.555848176237971e-17,16.63732717267703,2.2625816482158e-05,-17.9454141107486
5.840566125974614e-16,8.65941230046808,0.001626881110457667,-15.48042642651767
0.3188351815082635,3.967638483306615,0.0231913891213425,-36.52176679479517
9.682324783204268e-17,8.660437565123011,0.00162596598593745,-20.57265636967616
0.4622871552858869,1.564095941586459,0.1055332510420237,-37.89658732989464
9.555848176237971e-17,10.47778224967188,0.0006040935057397556,-6.012761474408451
0.9901941284775432,0.000585031190652785,0.4903515570799051,-46.88398863844726
0.7517233189412665,0.5377279789318834,0.2316879269464912,-96.6893605972359
0.1908243521290205,5.163109009865686,0.0115357808443462,-16.89206307482454
9.682324783204268e-17,12.13782755597048,0.000247046492862113,-28.46977618661337
1.391985653393097,1.077061964393209,0.1496778728088493,-101.3356961035055
3.17603086687411e-16,10.47857375989555,0.0006038347522162035,-24.55307540075806
0.1563519923817867,7.075239439777846,0.003907818848523703,-44.63009841206554
0.3506888725591977,3.20853278747397,0.03662757290129592,-45.46365223343687
0.7992683135190295,0.2703425831146689,0.3015510286248599,-41.19472910422832
0.6020543669511239,1.53332484174436,0.1078070652085841,-53.61333022633384
9.555848176237971e-17,8.655623086839965,0.001630267808437558,-6.254031852596515
2.804502661847769e-15,5.824326663767373,0.007903008819144186,-4.560953936310931
0.3131142029381634,4.126709029905186,0.02110568209257335,-32.89246856555233
1.136654328348552,0.1098148065929934,0.3701775372144526,-75.04771963100404
0.3169492929026356,4.019764547645813,0.02248499561418255,-30.09318114339218
9.682324783204268e-17,13.08120643675592,0.000149136642722536,-39.8329412365884
0.8851067980710998,0.06197879539152495,0.4016976372476948,-101.8326097605222
0.9750882909081309,0.003841357494962949,0.4752899028126152,-74.78290788944537
0.1751904567415065,5.922430635037038,0.007474660723315374,-25.75872156163485
5.840566125974614e-16,16.08656364150058,3.025592680411249e-05,-36.00968420244747
1.278368564328046,0.4442528966069119,0.252538436891849,-76.46743371347648
2.287852447174094e-16,12.51178283031268,0.0002021967649941114,-47.52630228692545
0.6041561230644034,1.208224745145912,0.1358419959162566,-56.54879434437817
9.555848176237971e-17,13.24492667182131,0.0001366593006486005,-12.70865889110122
5.840566125974614e-16,13.1949924984165,0.0001403490622092218,-51.94046505794234
1.097012865121518,0.05812724234404243,0.4047403876927982,-63.35995377378584
0.7919892744095569,0.2939211551488086,0.2938593249524239,-48.27461731292865
1.058927811080296,0.02247233687236871,0.4404186941806321,-66.17276497468768
0.2581831659671974,6.068401980028909,0.006881070844799164,-55.83476837478744
1.059449521881556,0.02285690654373695,0.4399148882552417,-62.56459347129608
0.8759033874633536,0.09155621438995354,0.3811039979311776,-70.66018190928905
0.7217637266353372,0.7120754948357586,0.1993778289240613,-63.92853867835553
3.17603086687411e-16,10.47870865557064,0.0006037906645018909,-19.32892192978456
0.2357107305352345,3.588969236853053,0.02908215491136495,-23.75470130839543
0.3509710282495739,3.20259990295304,0.03676065327076738,-34.02188233171523
0.3231903082220478,3.851880000204048,0.02484513199001626,-21.40013966701662
0.3199987170497032,1.968885867971778,0.08028308526560102,-61.50212643226309
0.1270339286703913,9.59694732323122,0.000974505589339314,-40.1490717310208
1,0,1,0
0.3040461328775027,2.194608169757274,0.06924721153587743,-62.53981582646744
0.479156503973947,2.104170653624124,0.0734489849243935,-41.56242202735301
0.5262783815006821,1.545873326248426,0.1068728426007097,-41.53805784754162
1.055826197093331,0.01734246024750519,0.4476144411882936,-92.06472934965345
2.875420330556842,17.72339097536837,1.277329434978824e-05,-191.8129076967729
3.423796234272221,21.86825424165517,1.460126390739891e-06,-175.7669479365379
0.2308630067171816,3.726868154136454,0.02677185000089682,-29.45564096158794
1.028145822447522e-15,8.483204086146614,0.001792201226904266,-36.97099909096573
1,0,1,0
0.3506402696457047,3.209568246821405,0.03660439957431916,-56.88615672286781
0.1656808545681551,6.47057297652816,0.005483758339747014,-26.79788876330466
1.088373172623734,0.06264061788093045,0.4011849943398251,-85.04434719534026
1.406456926608064,0.8307064308855274,0.1810341683652653,-86.93336585622735
0.2016224444260458,4.712115322346833,0.01497538819830141,-35.66361097145752
5.840566125974614e-16,8.483204086414457,0.001792201226640422,-13.19311658453131
0.1633249658786956,6.612276507636111,0.005063905388506262,-62.15909987582722
4.004733053112191e-17,12.36389003757167,0.0002188588584646767,-11.89070714869098
0.1525939084546527,7.336155810615118,0.003379060524179744,-26.05353837838067
0.3504844183853284,3.212867473114926,0.0365306685469432,-28.72019446726739
1.246478085423431,0.4506769967285038,0.2510068173413249,-102.0988729880076
3.17603086687411e-16,11.40488124954006,0.0003662569143607075,-12.13814972423266
0.6595048195251507,0.7984398310251208,0.1857801220859492,-46.73135705254371
0.799235091242537,0.2704461322754241,0.3015163299847359,-88.28390677575291
1.028145822447522e-15,12.0472992887496,0.0002593373529359844,-74.4083912891568
6.728744545674702e-16,12.52478270168695,0.0002007948002771265,-48.98153666835281
2.804502661847769e-15,6.572136497701877,0.005179376326535867,-40.69987370334213
2.804502661847769e-15,5.820557292962564,0.007919962703978267,-4.560953936310931
9.682324783204268e-17,16.06759267325914,3.056055822120429e-05,-34.44762989748227
0.4911153280792369,1.947290826385725,0.08143954470837422,-43.88213734953087
5.840566125974614e-16,12.6268384101592,0.0001901238691244256,-23.52440523399738
9.682324783204268e-17,12.64052908410331,0.0001887365661215057,-33.7642136080965
0.1563407878815866,7.07600893584717,0.003906141003554298,-25.93119660866398
1.009822176286617,0.0004737857701968551,0.4913170604092074,-72.66899473473126
0.4798225857909069,2.095129904604718,0.07388457573544693,-48.0496419670919
1.332404189416232,0.8235192685936568,0.1820766098546825,-92.03077164511365
1.977314044305065,4.862247860126615,0.01372527430349413,-114.1254478647356
0.152701939601646,7.328398359504163,0.003393675439585242,-42.98457551141331
1.028145822447522e-15,6.780739835559956,0.004607334430823007,-20.20405334551363
1.028145822447522e-15,6.782344131654881,0.004603195318101494,-18.41251564995202
0.9644135961255312,0.01061231739663526,0.4589750954604609,-110.463896421488
0.1658480857343543,6.46042304506274,0.005515169051538371,-42.52712996214465
9.555848176237971e-17,8.476258605998979,0.001799056761247697,-12.039731288034
9.682324783204268e-17,6.783055765722615,0.004601360508850183,-20.70390752375857
0.1617415861672865,6.711684631666213,0.004789159808674892,-15.45668846189624
1,0,1,0
4.004733053112191e-17,13.08154989346788,0.0001491093001009247,-5.471657272869299
1.677310059614033,2.488479153920053,0.05734124838771903,-96.13173877303998
0.2357056146162088,3.589110652506818,0.02907968012173068,-20.6945509111029
0.6389799445057852,0.9352309587514895,0.1667536712607204,-46.42153256108031
0.3815924900600563,2.625694799006695,0.05257323505523981,-29.16351304726882
5.840566125974614e-16,12.52478270172936,0.0002007948002725746,-31.86021313195851
0.4981467009007505,2.48090425599878,0.05761799177102339,-100.6111452774345
4.00630881307375,29.21794134170841,3.233876594288532e-08,-201.8850622586881
5.840566125974614e-16,8.659473389194357,0.001626826569589956,-12.73802785294725
1.70027959745198,3.08487532609027,0.03951166049730659,-93.12932155981609
0.4714961102726287,1.47344476367023,0.1124014865882016,-38.26537579083335
0.1201513807893786,10.39602644746588,0.000631433894386968,-22.0561350791626
0.1751936074578525,5.922357323244555,0.007474971732882307,-35.66184900123583
0.350970971043665,3.202637671390903,0.03675980444875093,-43.70518962461634
0.381627879183962,2.625027918379217,0.05259532749381529,-36.45246968506137
0.3509886200786915,3.202092082340158,0.03677206826442081,-75.24168889915309
5.840566125974614e-16,12.78853165843658,0.0001743753736210829,-61.08303504380586
2.731941657024047e-16,12.13799471208764,0.0002470243508820857,-11.5684734338716
0.1266328529787158,9.645070894610313,0.0009493018477472748,-22.71684278010375
1.363356714073488,0.7800312707365151,0.1885657881532748,-135.0910148758489
0.2543572681944421,6.238046413807517,0.006251716150654729,-31.4112375083184
3.17603086687411e-16,15.39199941593759,4.367869066995711e-05,-31.82262190773402
0.31285030199324,4.134109247332773,0.02101359018339832,-51.87500306832508
9.555848176237971e-17,11.40486189881137,0.0003662607293717368,-11.44738291104021
0.1595215441289259,6.857719533368936,0.004412955986963008,-37.4791070987603
0.5005625820907291,2.442072568336769,0.05906003328365045,-50.96325584213204
3.696675580115411,27.63226467436169,7.3355528429353e-08,-169.6197553147516
1.477232277228724,0.6695441888763298,0.2066052843561314,-64.0822193455609
3.17603086687411e-16,12.13795586497765,0.0002470294965033482,-25.92349547703061
3.17603086687411e-16,16.08609953149054,3.026334280853415e-05,-26.60870108066795
9.555848176237971e-17,15.39076939557753,4.370713245677171e-05,-13.06907891644085
0.2937643279265105,7.064725888706789,0.003930817044305368,-28.88574652281156
0.3234071151884606,3.846151288841995,0.02493013989265647,-36.22329342937156
1.028145822447522e-15,8.483204086356835,0.001792201226697154,-33.73617766069556
1.413851174620608,0.6414743107243623,0.2115887158430833,-52.16772751667964
1,0,1,0
0.4796670694762747,2.097240297329805,0.07378263499629456,-31.05651849775906
0.9122417725917525,0.02606545206936062,0.4358702876384473,-82.41739491678656
1.120905796359585,0.08763247994525614,0.3836044116112897,-65.77838953734204
1.155656505252913,0.1393182647709352,0.354479846033798,-105.8725660795839
0.156358075521649,7.074819235070819,0.003908735393457874,-58.05868954103868
4.730343101349462e-16,15.48456913732434,4.159077502091657e-05,-20.86869778579571
0.610704009928582,1.152195406196725,0.1415450227328892,-53.32535445355688
1,0,1,0
1,0,1,0
0.8005584492904604,0.2663159853569539,0.3029069078107339,-52.26269833304005
3.17603086687411e-16,10.47873577896715,0.0006037818002035955,-12.60410041066076
9.555848176237971e-17,12.13787787704957,0.0002470398269764917,-31.30379962322356
1,0,1,0
0.1597711404426904,6.841267329949382,0.004453781154317105,-24.70425386176563
9.555848176237971e-17,15.48468501682429,4.158822530225814e-05,-25.77904921227784
9.555848176237971e-17,12.35957046909963,0.0002193658086466765,-12.58530547999556
2.804502661847769e-15,6.571953406440798,0.005179909165524021,-55.99235926791349
0.6407692010441079,0.9226630176507626,0.1683883604973893,-73.78315731357188
0.9585798866681641,0.01086803187993723,0.4584855361943743,-72.83273020437572
9.682324783204268e-17,12.78853165641938,0.0001743753738090992,-58.63985739247139
0.1298784276336448,9.305305136601234,0.001142456239573042,-26.60308538399379
0.471657081819044,1.47192317465273,0.112521252557554,-35.79286571808591
3.17603086687411e-16,13.24492667182396,0.0001366593006483785,-13.40350492911582
5.840566125974614e-16,10.47868182236395,0.000603799434091723,-26.34675746334044
1.059525094997239,0.02291289481064496,0.4398419033131237,-82.30608914514698
0.2938481997065111,7.060632998971336,0.003939807549867114,-27.11563292711746
0.3294351073707129,3.693651364971785,0.0273099607430819,-40.37161274175546
0.7816294738694399,0.39533613130574,0.2647538780826586,-58.12082922778976
0.3234058314662882,3.846222083680786,0.02492908750036071,-36.16078489260919
1.36366628795911,0.7811148113385684,0.1884002038180766,-81.20177995889287
0.778169848500683,0.4103499068915823,0.2608959799517744,-64.41523541184928
0.4034628756373614,2.280681661932547,0.06549714436800796,-32.88117304163644
0.1242438048580236,9.914953924334142,0.0008197062071427785,-35.29000427121762
9.682324783204268e-17,12.22986960525693,0.0002351524256085091,-17.74738951804509
0.8192453442008631,0.21212146361772,0.3225548399446949,-51.70685123241717
0.3268690930525521,3.75868655277732,0.02626691482704074,-47.01335077569436
0.2309047593038916,3.725664062850434,0.02679115875079624,-31.29189927695075
0.1526044903169845,7.335321373228631,0.003380629500934873,-31.91461690099695
0.7999437941791104,0.2682289202880952,0.3022611546685579,-49.09617031065984
1.887344310950135,3.95425477652239,0.02337650758202142,-105.2852638060318
1.920620483200983,4.148738412291777,0.02083277803147543,-151.2922092796508
0.6350794888839271,0.9633716026882553,0.1631694321765641,-95.41060333945519
1.840327810904345,3.669079829627918,0.02771538929192396,-99.98157685556181
3.17603086687411e-16,13.19514120964104,0.0001403379257877146,-19.60424278335057
0.4851564162761947,2.023404844310733,0.07744574599614068,-59.70326782373105
3.17603086687411e-16,12.51178281678948,0.0002021967664576629,-12.18133922685618
0.1597429785668419,6.84312076680559,0.004449162700204512,-16.3325990011317
5.840566125974614e-16,13.19511277738475,0.0001403400549030431,-34.11724895599698
6.728744545674702e-16,6.788357031866596,0.004587715780424717,-56.16563448067867
4.676412907705265e-16,12.51178281678659,0.000202196766457996,-20.45834528922468
1.097168713081918,0.05814904654573638,0.4047228664405588,-85.41571505247555
1.404380913477792,0.823894685023987,0.1820219534221701,-102.3789944487514
9.555848176237971e-17,16.08667864050181,3.025408952000985e-05,-30.03633085129863
0.1509166602258774,7.461524884359861,0.003151579534313331,-36.29461476759497
1,0,1,0
0.1616276712328285,6.71885873727669,0.004769932715054381,-33.03089134786425
0.6334186034301419,1.048050535246148e-13,0.4999998708479875,-4.360279183568587
1.222222222222223,1.456612608308205e-13,0.4999998477413067,-4.468336378042248
1.081700938639342,3.907985046680551e-14,0.4999999211345996,-5.084211544622652
2.731941657024047e-16,12.51178286020779,0.000202196761758755,-29.40789366602078
6.728744545674702e-16,16.63746337829082,2.262419180182329e-05,-41.19582212155231
0.1659057351665371,6.456931498894477,0.005526016864624284,-63.07618531932194
3.17603086687411e-16,12.78853132615763,0.0001743754045936963,-16.2194606801643
9.555848176237971e-17,10.47876021753851,0.0006037738134558324,-13.24411492627975
0.8554203273043021,0.07696992888298837,0.3907232281305447,-70.93607213983056
0.161601065765873,6.720473298470111,0.004765616492636793,-47.2393296461633
0.6878227001786131,0.8246877747127286,0.1819065630723311,-63.24969084717157
0.6340510296342001,0.9708932176477418,0.1622287570281473,-50.52958508480796
0.4731633856348641,2.18855142071736,0.06952001251234569,-60.57397093302259
0.6545303017706849,0.8299940617747268,0.1811371230808432,-65.80769363342357
3.17603086687411e-16,12.51178281680772,0.0002021967664556645,-21.1181445539616
0.1634232201236581,6.606743681111407,0.005079663559092618,-15.92468795963693
9.682324783204268e-17,15.48814935900785,4.151207131053436e-05,-44.96489938724276
0.8780133883302572,0.08818712232061898,0.3832473150476373,-65.71215310896859
2.731941657024047e-16,13.19513119709522,0.0001403386755614577,-19.65321224109724
0.1563708796798505,7.073938143709157,0.00391065793198847,-52.17573401598663
1,0,1,0
0.4714338269500952,1.474037337430772,0.1123548858174822,-30.33132098563771
3.17603086687411e-16,12.52171977224754,0.0002011242348022302,-31.35949804132211
0.5259982056426223,1.548731756245189,0.1066613828748765,-47.7224721731105
0.1201777196927784,10.39272975023691,0.0006325622588824187,-38.31587897560604
0.9633374415200048,0.008458938431743945,0.4633599494153083,-61.94288681828924
0.350999503189032,3.202021213659506,0.0367736615812595,-25.56473745650334
0.3015276648969732,2.232868442776393,0.06755141209095566,-26.07465233626302
0.1300192446146343,9.290881585272778,0.001151486518812583,-21.14009291731843
0.6090247983461946,0.5835779183901764,0.2224566492991065,-56.45735848048507
3.17603086687411e-16,13.22872036887648,0.0001378459811743338,-23.81628344900126
0.1600901204768325,6.82034904208443,0.004506247606217928,-45.53384260075111
9.555848176237971e-17,15.4658528129602,4.200466488124555e-05,-20.86937973292681
1.028145822447522e-15,6.628701533733732,0.005017419423423042,-43.49333417337625
0.1251874046659913,9.80864538783301,0.0008684669829428504,-28.7125137442689
4.004733053112191e-17,12.34426360571966,0.0002211717998905072,-5.349731619108836
2.248313930986121,7.119010386464993,0.00381353977247445,-132.369407775659
2.287852447174094e-16,12.77282396775566,0.0001758457477538666,-47.22963462835454
9.555848176237971e-17,9.902806282298549,0.000825134641823877,-6.816452959491404
0.3273462681859099,3.746678681166713,0.02645627631196212,-42.28594860031716
0.2948035835711005,2.337869700497215,0.06313105866820529,-17.2986423866928
0.2018495621565507,4.703210291651047,0.0150531663084793,-46.0169131063443
0.1300238599429386,9.290351371536758,0.001151819850840952,-27.2948009976551
3.17603086687411e-16,16.06703091035814,3.05696257530963e-05,-26.53647768316326
1.028145822447522e-15,6.561889391678406,0.005209284457533048,-35.42455759526366
0.1910084095592787,5.15494020792913,0.01159016684575792,-16.26201417229441
3.17603086687411e-16,16.06541054770079,3.05957955252234e-05,-25.61615578031122
9.555848176237971e-17,13.22865396071458,0.0001378508651133648,-28.60589311697532
3.17603086687411e-16,12.21525719926091,0.0002370013786198166,-12.4194606732619
3.17603086687411e-16,13.23949778240382,0.0001370556709438531,-20.79964332653964
9.555848176237971e-17,16.08020136362211,3.035774891135823e-05,-28.61522332249421
3.17603086687411e-16,10.47428009632064,0.0006052397459520575,-24.73043694636921
9.555848176237971e-17,12.22489281055877,0.0002357805144949099,-11.90606195111589
5.114956077737342e-17,12.13305552470528,0.0002476794554382433,-5.085901602578641
3.17603086687411e-16,16.07581037374317,3.042822339449636e-05,-14.65855431888291
9.555848176237971e-17,16.08540171202633,3.027449669240623e-05,-41.5799637382872
1,0,1,0
1,0,1,0
1.028145822447522e-15,16.07522634560365,3.043760931548123e-05,-80.25501201241129
0.09786444073668368,13.77298991921685,0.0001031403715341384,-16.52888006357758
0.6387290693639897,0.9370034742228768,0.1665248323821109,-46.51629551882625
0.1526806910405128,7.330017083739349,0.003390620467793926,-16.32070974333428
9.555848176237971e-17,15.48514492979055,4.15781073005439e-05,-12.41402873719017
1,0,1,0
5.840566125974614e-16,8.483204085876906,0.001792201227169943,-23.63029673212436
1,0,1,0
0.2356778210455753,3.589872503299674,0.02906635149711456,-44.0170981016379
1.028145822447522e-15,12.64050556410398,0.0001887389406724505,-32.89355922595143
9.555848176237971e-17,12.64055736438392,0.0001887337110181853,-19.31954446999399
5.840566125974614e-16,6.788520246113805,0.004587296347549619,-19.51242881510421
4.004733053112191e-17,12.36394400966091,0.0002188525317129986,-5.352047629066956
0.3292634725974124,3.697952090850492,0.02723964792584249,-48.58330677101749
0.2944234321833075,2.344044273983158,0.0628813357622322,-50.45423147202767
1.028145822447522e-15,16.08285465622583,3.031524370206151e-05,-80.48803189169118
5.840566125974614e-16,8.659412295605222,0.001626881114799361,-15.48044674488195
3.17603086687411e-16,15.4861836123425,4.155526558485834e-05,-19.59331033472164
0.2356268606028352,3.591273371003169,0.02904186016962557,-17.16733361828984
3.17603086687411e-16,13.24492667183803,0.0001366593006473793,-12.01313513954763
1.028145822447522e-15,13.24492671177484,0.0001366592977357639,-86.30786222981887
5.840566125974614e-16,13.09706328757802,0.0001478795325265403,-20.18007012209688
0.3044593892193058,2.188548794716198,0.0695201310507616,-40.65702439105899
9.555848176237971e-17,11.40490949291483,0.0003662513462296957,-12.60734803107374
3.17603086687411e-16,16.6375982165102,2.262258354746027e-05,-13.82726247534137
3.17603086687411e-16,12.51178281682226,0.0002021967664541102,-24.85143066839296
9.555848176237971e-17,6.788652820597157,0.004586955682563454,-14.88638014622776
0.1616877992380523,6.71512719323254,0.004779923619181226,-17.28657948125115
0.1509324605522245,7.460346418318494,0.003153643388031313,-32.39787544410505
0.1634528108600506,6.604871965789151,0.005085005806252152,-25.03670152862871
6.728744545674702e-16,13.09692837943126,0.0001478901826806323,-32.41819640173137
5.077096881992224,49.05617037877693,1.2436718321851e-12,-185.0659331675884
3.17603086687411e-16,12.2299066315505,0.0002351477590941675,-11.90684124074519
3.17603086687411e-16,12.51178286018131,0.0002021967617616416,-42.92952995606932
1.028145822447522e-15,12.36356816144188,0.0002188965934720732,-44.01872421057358
9.555848176237971e-17,11.40478387601771,0.0003662761120327707,-24.69686682433385
0.3189576780668664,3.964355884981671,0.02323664930890479,-29.13414055343402
1,0,1,0
9.555848176237971e-17,9.914158143552388,0.0008200607089033918,-14.59033467360261
0.3192846402309658,3.955624406327161,0.02335749202134674,-37.40039892213805
0.3269426330138956,3.75685387369014,0.02629572275199621,-22.79109354080179
0.164640780985627,6.529095400958603,0.005306195721105245,-18.88046556012484
0.175167853471914,5.923654014934954,0.007469472762312523,-38.59469752630805
0.09785398690899483,13.77495854147697,0.0001030323445260772,-14.63707114332846
5.840566125974614e-16,12.36353945960315,0.00021889995863833,-44.66287590886423
0.3195558843735521,3.948395976258098,0.02345803397461083,-39.23755631235791
1.028145822447522e-15,6.788574623396315,0.004587156615896815,-33.74147335517219
3.17603086687411e-16,10.4787627580443,0.0006037729832015226,-13.00952359892083
0.3195739985003518,3.947917645751964,0.02346470326451922,-22.24995666617903
0.1507632403349505,7.470782365037095,0.003135414736542164,-38.11735428649743
0.4816074801873354,2.070792608677209,0.07507173671155581,-52.39670242018222
0.124517986957177,9.884022926111356,0.0008336001774599811,-36.64057954542988
3.17603086687411e-16,11.40478402238495,0.0003662760831749656,-17.70678061940299
6.728744545674702e-16,12.13790584258386,0.0002470361225427875,-36.59951775256043
3.17603086687411e-16,10.47878971873604,0.0006037641723380949,-13.70238688061856
0.1616612177136392,6.71671666051509,0.004775665332047374,-38.08833232921712
5.840566125974614e-16,12.64039742175189,0.0001887498589824843,-38.99464306258163
4.936130869128893e-15,6.572239374231543,0.005179076956098594,-67.30407818849838
0.1646254519657604,6.529957054653039,0.005303625897057906,-40.95932810795865
0.1752283056654348,5.920474113249675,0.007482965416983678,-24.26805792078074
2.731941657024047e-16,15.39105964974331,4.370041922419077e-05,-11.67820556633047
0.12674100486479,9.633902314628152,0.0009550916516669616,-16.82308175886302
0.3294262594083218,3.693913083287491,0.02730567640311493,-30.12654535577927
9.555848176237971e-17,12.36375524171481,0.0002188746603991598,-24.9709933723916
1.028145822447522e-15,6.244960173299503,0.006227359093319118,-40.05660350996841
6.728744545674702e-16,12.3635934001454,0.0002188936343864856,-37.35576892810419
0.1753011357561271,5.916589512178248,0.007499482248783218,-14.98831599132605
4.936130869128893e-15,11.40360579236392,0.0003665084576314204,-167.6786206239535
0.3192710777227968,3.955989777321427,0.02335242206768406,-30.45638632004289
1,0,1,0
1,0,1,0
4.004733053112191e-17,16.08077301581554,3.034858609635149e-05,-6.899928784623196
0.3817075518490635,2.623682506599678,0.05263992930670963,-59.93316263552484
1.028145822447522e-15,6.5759007749689,0.005168433833249497,-56.27394403760166
3.17603086687411e-16,13.09687407909601,0.0001478944695705864,-23.89330439137057
9.682324783204268e-17,12.22988326090933,0.0002351507045423307,-32.73087525224692
1,0,1,0
3.17603086687411e-16,12.51178286021684,0.0002021967617578113,-13.20771037932379
3.17603086687411e-16,8.483204086414432,0.001792201226640422,-13.19097259002905
1,0,1,0
0.1509586234661375,7.458400283903131,0.003157054684076566,-38.02723552494594
9.555848176237971e-17,12.13795610950972,0.0002470294641127024,-18.06043842525819
0.6071734469030178,0.5913904173981166,0.2209409780527389,-77.44547593694972
1.028145822447522e-15,6.635135223953043,0.004999330275589742,-49.00830712497017
0.4790615690451697,2.105462246826548,0.07338699178341729,-42.4535691207182
5.840566125974614e-16,6.570856285825656,0.005183103224345953,-28.74946842163678
3.17603086687411e-16,6.636768257228361,0.004994749437943924,-26.51214205130763
1,0,1,0
3.17603086687411e-16,12.36383610528461,0.0002188651807349951,-18.42975386648247
9.555848176237971e-17,12.13797522013695,0.0002470269327387586,-11.16316980816227
0.1298584628623014,9.307402292518518,0.001141149250354245,-28.68441463391043
0.1598321484749863,6.837259463655457,0.004463784874874033,-40.34321000682229
9.682324783204268e-17,6.633271638735849,0.005004563097867787,-50.51672139343215
5.840566125974614e-16,13.09690131962569,0.0001478923189761061,-24.4203200350686
0.2355541999408752,3.593274555798416,0.02900691153673107,-22.13390023950282
5.840566125974614e-16,12.64026085378741,0.0001887636481204824,-51.21514972466389
3.17603086687411e-16,13.09692591189835,0.0001478903774841389,-18.3281197087191
0.2308762276225868,3.726487372454557,0.02677795460358867,-21.52130494252997
0.4852058556826641,2.022773972907018,0.07747791999896247,-36.31255411465534
6.728744545674702e-16,12.52233448310919,0.000201058075640026,-41.36854090335704
6.728744545674702e-16,11.40218285290325,0.0003667892930720451,-19.8167046429195
0.8136342535595034,0.2275929288285283,0.3166572039511419,-62.90562102641579
1.028145822447522e-15,6.245512178425123,0.006225418596458865,-21.01863956974389
2.287852447174094e-16,8.483204086361525,0.001792201226692547,-19.27364235314175
1,0,1,0
0.3502828180261295,3.217024949546357,0.03643798418588934,-71.00435116368884
0.319392778122383,3.95274991102437,0.02339741953753866,-38.10559278546768
0.2598509367862054,5.994597900346704,0.007174875754662413,-32.85410108939855
0.965294295087879,0.01008123707867981,0.4600112558011191,-96.21937087470508
1.028145822447522e-15,6.788496888000935,0.0045873563715218,-38.46934669631656
2.449231293967717e-15,6.286924607027515,0.006081596107916809,-102.8512421253051
3.17603086687411e-16,11.40482297521323,0.0003662684033106101,-10.75425892638895
0.9725439499566646,0.004682457760281977,0.4727222730263259,-68.26565946659927
1,0,1,0
9.555848176237971e-17,13.24492671218322,0.0001366592977060099,-30.2229461835634
0.5260371024246604,1.548332353550222,0.1066908998262951,-58.40833428151558
1,0,1,0
1.477893336261443,1.207724777005694,0.1358915963060104,-73.92398832068039
9.555848176237971e-17,15.48503016735407,4.158063182135852e-05,-31.74062027310971
5.840566125974614e-16,12.363838419565,0.0002188649094371775,-25.97250029520828
1.028145822447522e-15,16.08540861892109,3.027438627295487e-05,-105.4878472108832
5.840566125974614e-16,13.19506698174258,0.0001403434843231244,-32.24583496857372
1,0,1,0
3.17603086687411e-16,12.13797524916662,0.0002470269288935567,-11.16366682057449
1,0,1,0
0.2355544222745352,3.593260400772763,0.029007158582738,-26.15084038398061
1,0,1,0
1,0,1,0
9.682324783204268e-17,13.19510426124533,0.0001403406926302475,-32.82105342581072
0.6112169382047771,1.147912021888303,0.141993331749532,-62.62803857794811
0.3234156581527294,3.845983891148009,0.02493262850997774,-35.01983850825081
0.6388480362867317,0.936158432966721,0.1666338782900378,-112.5220569787071
1,0,1,0
1,0,1,0
0.6591365275298018,0.8007445578657268,0.1854354261089338,-44.48837537250574
0.1201282423586966,10.39875523121131,0.0006305014513459661,-21.92854318354425
0.159585434732303,6.853498851617033,0.004423392685489136,-48.93571736876475
1,0,1,0
0.1616531024552224,6.717273424824441,0.00477417464319152,-23.23760355192127
9.555848176237971e-17,16.0860977000559,3.02633720765666e-05,-13.57060371987186
9.555848176237971e-17,12.51178286021684,0.0002021967617578113,-19.74793774414667
3.17603086687411e-16,8.483204086323305,0.001792201226730183,-11.63476003858018
0.3052776781510666,4.349506181799541,0.01850983942963291,-55.89199678989398
5.840566125974614e-16,8.483204086378421,0.001792201226675894,-32.85110725184285
0.1563456472305869,7.075673626728175,0.003906872036554765,-58.1075300503542
3.17603086687411e-16,11.40486196558319,0.0003662607162075449,-19.31831085365348
3.17603086687411e-16,8.483204086354867,0.001792201226699097,-26.12264200585376
5.840566125974614e-16,8.660196111990459,0.001626181453608211,-27.84741318488908
0.4943248228856553,1.906559992742118,0.08367294074066045,-42.85252987660229
9.555848176237971e-17,12.13801436441389,0.00024702174781005,-12.26575665632613
0.3022770771668067,4.44129094892854,0.0175398561490166,-36.11123096391936
9.555848176237971e-17,11.40478400076467,0.0003662760874376114,-24.69926997629161
1.738688558207614e-15,6.244779994330308,0.006227992621817224,-26.10950897863486
0.3234734883842418,3.844547064256197,0.02495399989065505,-26.63737608787848
9.555848176237971e-17,15.39303904692638,4.365466578276633e-05,-27.41802525742323
0.1647497098363214,6.522478592267372,0.005325972512501276,-13.49576238015113
0.6595785189688004,0.7979802558900388,0.1858489633599385,-40.4735675205099
1,0,1,0
0.7645794027310858,0.3939557425320288,0.2651136950284304,-50.23989356939176
3.17603086687411e-16,16.08193607961913,3.032995233487323e-05,-60.21226784850041
0.1595710100274354,6.854450701538042,0.004421036792332356,-36.21015176925168
0.3506808193047387,3.208697888734235,0.03662387692086438,-64.11810355251866
1.028145822447522e-15,6.580746690839703,0.005154381979650902,-72.77164347799864
0.1646297119717257,6.529800019126839,0.005304094149795213,-22.20977570209213
0.2309494194556936,3.724381018078397,0.02681174982837831,-22.3927430542322
0.1597398490060035,6.843332505729869,0.004448635394429412,-31.7343457673932
0.3753986044845978,4.098737299221796,0.02145762650148891,-66.10495080694085
0.8181392432966962,0.2152051472924086,0.3213589483989016,-59.04788494159864
5.840566125974614e-16,8.48320408641171,0.001792201226643086,-20.20387858735971
0.5891443681271212,0.6720288313887153,0.2061725785932564,-28.99580578960041
9.682324783204268e-17,12.22989972444294,0.0002351486296067185,-18.73277720756355
5.840566125974614e-16,6.637996724510977,0.004991306287838893,-17.0478076941284
0.1509109306752124,7.461955844318346,0.003150825136202073,-17.23885241783115
3.17603086687411e-16,12.2298981345471,0.0002351488299839888,-25.80409293292621
5.840566125974614e-16,8.483204086306387,0.001792201226746837,-18.17543228691254
3.17603086687411e-16,8.659653282544856,0.001626665969088059,-14.78545004008063
0.1598004439769968,6.839321411796693,0.004458635338121297,-14.94322849280099
0.6388596655894453,0.9360765866460099,0.1666444449738601,-57.28550317370998
3.17603086687411e-16,13.24492671220391,0.0001366592977045111,-16.19402196130855
9.555848176237971e-17,16.63743389444708,2.262454347945475e-05,-18.52082213015851
9.682324783204268e-17,8.660602180816831,0.00162581910300641,-29.20259245239771
0.6025178766003307,0.6114734905532373,0.2171167768930573,-59.8905189932501
0.1595348787624082,6.856823602756215,0.004415169291504262,-28.34054702691396
0.304109738859889,2.193593111276414,0.06929284673748243,-73.61388455673284
0.6382711293631048,0.940243185058705,0.1661076542931047,-63.46175154317871
0.1595825024282373,6.85370168513786,0.004422890551030734,-15.45390760152523
9.555848176237971e-17,9.914986267568057,0.0008196918022706501,-14.51067866097336
3.17603086687411e-16,6.572426374702779,0.005178532830641125,-18.25173136214458
9.555848176237971e-17,16.08633043524431,3.025965297365207e-05,-14.67216352956937
1,0,1,0
0.1634226621386339,6.606787572274467,0.005079538354061219,-15.90664338261205
0.1201291769434829,10.3986221051037,0.0006305469090464588,-28.46892956341504
0.1908122167910119,5.163561163091657,0.01153277825055748,-22.59793203679339
1,0,1,0
1,0,1,0
5.840566125974614e-16,13.1951042374066,0.0001403406944153751,-25.51874713925346
3.17603086687411e-16,9.914986097473694,0.0008196918780257745,-31.58943868909238
2.118250634845994,5.39302090350381,0.01010872040383443,-117.2505407811973
1.262317214289741,0.5017930191617097,0.2393566714463996,-101.1084177583071
390.4539990046547,23.04776640864025,7.901299409196483e-07,-21.65153701339889
0.9999847956613201,5.329070518200751e-15,0.4999999708770209,-4.532545042647221
0.5729916214355958,0.9772845260453522,0.1614350668780857,-62.66326006698009
9.682324783204268e-17,6.452453627982706,0.005539961119197023,-54.25908144132242
3.72311507833335,13.09913169983037,0.0001477163410947835,-150.7580960350613
3.17603086687411e-16,13.19512200375634,0.0001403393639937134,-19.36782953052676