dN/dS,LRT,p-value,Log(L)
1,0,1,0
0.4708953363332816,2.217694774588026,0.06821832175502512,-33.94888036225038
0.1604505956696212,6.799861007694986,0.004558248465778458,-32.50929716600412
0.3138807634362049,4.100086063303479,0.02144051534463004,-39.9987150034587
0.730920000784787,0.3274558143818354,0.2835805255543059,-40.70318753797266
0.3287959166285558,3.707887208212682,0.0270779505664227,-34.74881050444196
0.140992753084258,8.251632382624258,0.002035768525780413,-14.03384977481428
3.17603086687411e-16,14.16563048643862,8.370027942922187e-05,-12.16771136942475
1.04679990880195,0.0123303746055683,0.4557914335408847,-66.84362528088715
9.555848176237971e-17,11.0800077210767,0.0004363171866141879,-12.95550152608703
0.5483787621749078,1.77834149203575,0.09117655683566589,-48.40527902743937
0.4731773300057921,1.458016431667218,0.1136229955671338,-58.71581671536767
1.120444441386781,0.08698391771321212,0.3840235392207011,-74.7696225180264
6.728744545674702e-16,10.77267975149226,0.0005150463173145825,-29.20656710605835
1.175678888639467,0.254787996842424,0.3068618491851613,-82.73992524892296
0.6972847868138047,0.5872413709673623,0.221743925242137,-54.11104633271818
0.541412953342878,1.3971867963443,0.1185975805448518,-46.42542020565931
0.1426347226013027,8.113737778636946,0.002196552526660345,-40.85723225908215
0.4452221653561905,3.488648102448394,0.03089551308191019,-37.5739076808075
1.054173450404879,0.01910222625454594,0.4450369084741446,-122.5098340807477
3.17603086687411e-16,12.75132952365841,0.0001778780968736959,-24.19690664411921
5.840566125974614e-16,6.022863869377765,0.007060856458261711,-25.54550344852515
0.9131974825661255,0.05271207620050689,0.409204759130594,-57.77878601977471
1.028145822447522e-15,6.02325745321896,0.007059282048739512,-28.03508239627175
2.287852447174094e-16,8.215111529927476,0.002077148086289338,-18.73471356077521
0.9039999659548794,0.05255202051172603,0.4093403084291533,-48.76558843534664
5.840566125974614e-16,14.00934742886288,9.095204338815943e-05,-22.0271083225736
0.156765824527129,7.038802547515452,0.00398811710692254,-26.71167340154305
0.4236170054016899,3.002067082969745,0.04157917765307395,-34.40485062613368
0.9040402675031721,0.05249567644588637,0.4093880772576386,-78.14296235605035
0.2523414269587096,3.16714903513158,0.03756674602051235,-24.09256863693267
9.555848176237971e-17,14.16572973495363,8.369586426343334e-05,-12.86295652550297
1,0,1,0
0.8035118321137288,0.216615273094277,0.3208155508138584,-61.52367181527941
0.7256725906308539,0.5723434993935541,0.2246645860654947,-56.23385537047364
0.4373074502268715,2.753646941089698,0.04851643771876329,-30.95692565938882
1.514629485930012,0.9025630084535692,0.1710477014212118,-59.06948966596102
0.3609387770778987,3.000168179819511,0.04162793690064032,-50.50387075301536
0.2440310367070724,3.369732777474262,0.0332022626894945,-29.75542884443201
1.202335147394733,0.2233843059105425,0.3182366291470625,-61.44656201483432
0.8235713697644438,0.240844609307544,0.3117983789659801,-83.37322287704906
0.4702208008532604,2.227333716041869,0.06779382404343842,-43.5449977595004
0.7269097820793622,0.3396981281276652,0.2800017599761193,-42.75489463827954
0.7827380084711981,0.325199107901085,0.2842498983232042,-65.03323739956909
0.9741387589900498,0.002763954965729454,0.4790359338104682,-72.5547464175111
1.265585845126471,0.3584736973305382,0.2746775646221287,-59.62523348106062
0.286049263618635,4.967666323143213,0.01291273479459631,-28.92680040015342
0.8729701902861049,0.09637073693403408,0.3781145718069877,-55.99274174838893
0.1855383770562651,5.402446407324987,0.010054273079803,-26.46743097185102
3.17603086687411e-16,12.75123275369837,0.0001778873000597425,-17.15523513312116
3.17603086687411e-16,8.215170281801317,0.002077080835234224,-12.4429990737749
9.682324783204268e-17,13.81596446894381,0.0001008079028742559,-18.53908210780672
0.6398044550094435,0.9291752575235535,0.1675386628408834,-45.69838697470215
0.9035984362424132,0.053022798352103,0.4089422293207934,-53.07761032102331
0.8725043168818083,0.09714653963152386,0.3776405737715046,-65.95284616572404
0.4283315937452559,1.943055764031556,0.0816685639353622,-28.3693032725436
0.2861831723147084,4.963010397497335,0.01294754465695869,-22.44109988969818
0.3138006478194508,4.102322577959924,0.02141217331482193,-41.52464351786945
0.3136077102903909,4.107675649749567,0.02134449686191336,-32.69402832262988
9.682324783204268e-17,11.48643830446325,0.0003505292662099868,-17.91733476908409
1,0,1,0
0.6385091132905576,0.9383164484775506,0.1663555922436084,-42.09573971320403
9.555848176237971e-17,12.75138058552002,0.0001778732408926897,-25.89015571920242
0.4866743171802833,1.335762626155699,0.1238913111435132,-53.21527823648639
3.17603086687411e-16,11.48643822022521,0.0003505292820971673,-20.66767943485102
5.840566125974614e-16,9.339038843538717,0.001121615741932813,-30.09463992513837
0.3191536364933032,3.958257256753569,0.02332098404602084,-42.55953487898728
3.17603086687411e-16,12.75147689384168,0.0001778640823391076,-12.9111168626863
0.3609090996497304,2.997030860620669,0.0417086310856073,-49.79586652453796
1.015206797629622,0.001582120463368142,0.4841359038257492,-58.89592896018777
9.555848176237971e-17,12.75147690633397,0.0001778640811511689,-12.91154114174508
0.5223831996044158,1.586352051258842,0.1039240495969272,-38.2600022073964
0.1567273775568622,7.041333080039308,0.003982486278301611,-47.90975601519006
0.8527133090431706,0.1069729286439838,0.3718085439217444,-39.45591520301133
0.300540292394796,4.493761039734864,0.01700937824270854,-32.93164437506329
0.7536318007375743,0.4396821008118224,0.253637965854083,-52.07510542256978
0.8575185948599761,0.1489402289048343,0.3497750887749722,-56.45418398510216
0.4868461230222751,1.334432267597435,0.1240091204506216,-56.19546253557971
1.515535735384724,0.9050153595199788,0.1707202295498124,-57.97621930216899
0.7980005421742709,0.2742613761901396,0.3002437120428425,-86.83832720110709
1.282175706240002,0.4544981357747702,0.2501032827451198,-120.2672687020809
1.534565955346535,1.116140693941276,0.1453754913184916,-93.88077493530932
1.278483622406619,0.4444264369605264,0.2524968519713253,-115.2828260564553
0.3289075380849493,3.705098494913457,0.02712323487280116,-31.27939556024695
0.3316967812380431,1.820096956516551,0.08865086812662715,-42.53588625528135
1.054667906332637,0.01944000503667098,0.4445562035610095,-111.8808893601735
9.555848176237971e-17,14.59465443809676,6.664605701106607e-05,-27.71341820945755
0.1565987151386815,7.05037649281536,0.003962429639633391,-21.78267192789
0.2194574418849971,4.075199158596959,0.02175856787643232,-50.1734278832223
0.2193249633613894,4.079491150228478,0.0217033644434001,-35.75757720192905
1.028145822447522e-15,11.68531333132698,0.0003149768835372657,-33.10862612769208
5.840566125974614e-16,10.77272439889231,0.0005150338936023013,-22.98431417453001
0.1604377297071576,6.800702554058375,0.004556100475847202,-38.75572878163878
0.3192070875180044,3.956837276869408,0.02334066647769462,-40.76041149275907
0.8698362396212822,0.1219778852241831,0.363449567901815,-50.47949738988699
1,0,1,0
1,0,1,0
0.1502165859420145,7.512624465982825,0.00306340172117836,-63.97890318321034
0.9909055134123388,0.0005862606589914776,0.4903414260698825,-62.59415250726048
3.17603086687411e-16,9.339038843607241,0.001121615741890847,-11.50621023267467
2.287852447174094e-16,13.81563299995473,0.0001008256886330661,-49.29533957135978
3.17603086687411e-16,12.15737048127727,0.0002444713053676439,-11.98402743254974
9.555848176237971e-17,14.56967000855612,6.753559705330314e-05,-13.22305600103691
3.17603086687411e-16,12.75135857495315,0.000177875334080313,-17.65183706766702
0.28938221481136,4.85283223943955,0.01380038815428353,-38.90031913997511
0.7180699478026511,0.6123725432950096,0.2169479508290524,-49.43993931728046
9.555848176237971e-17,12.99230683413426,0.0001563866967776439,-12.29068376882726
0.180309064890916,5.655705906329914,0.008699334997756658,-53.20814401206464
5.840566125974614e-16,14.59496693687497,6.663500589121352e-05,-33.85179358716276
9.555848176237971e-17,9.111371587913439,0.001270126637656743,-14.42374606717184
0.3288320299952111,3.70685149383479,0.02709475957622531,-74.88032208377317
5.840566125974614e-16,14.59309332103682,6.670129155983417e-05,-20.79768379037713
0.2744296640685991,5.393550020364373,0.01010565584536938,-23.07141840446105
0.1595066227842009,6.85738714318245,0.004413776990219553,-23.58225521129159
0.6404239033013056,0.6939220669794821,0.2024167678000324,-31.76858803384194
0.3191742601810182,3.957712173026081,0.02332853741625712,-37.80247382059981
0.141140475980376,8.238919094063139,0.002050077135763717,-15.35735202189405
6.728744545674702e-16,13.57251715814397,0.0001147606904722265,-67.55289368742014
9.555848176237971e-17,13.975443669083,9.260696653673461e-05,-10.90889571238453
9.555848176237971e-17,12.46093621566549,0.0002077758049250922,-13.44764338667136
1,0,1,0
0.2821208838410241,5.105889347414205,0.01192237586273315,-21.54206012564708
9.555848176237971e-17,7.922561555134543,0.002441105007580657,-28.52133920323973
9.682324783204268e-17,10.77267143114133,0.0005150486325925518,-35.29856519564429
2.287852447174094e-16,9.113276440682156,0.001268804700198356,-18.36534588272684
0.964251264055781,0.008037867946683264,0.4642810231187917,-86.61870969467591
0.9186148974423582,0.02220919250076747,0.4407659710151676,-59.00807556597331
0.2860523980263784,4.967496962775712,0.01291399930586229,-41.80826572577302
1,0,1,0
5.840566125974614e-16,12.99545145341462,0.0001561242786826122,-23.501054714715
0.1740474051656148,5.984642970761669,0.007215481706504379,-57.62981775072446
2.287852447174094e-16,9.376783836883014,0.001098753786441475,-25.11584268018163
9.682324783204268e-17,9.376813360819526,0.001098736090197616,-32.34882551720157
1.028145822447522e-15,6.559338498675061,0.00521675721512882,-32.69602569572269
5.840566125974614e-16,11.48643830446079,0.0003505292662104309,-28.50003121284871
3.17603086687411e-16,8.21508251548692,0.0020771812988431,-26.01481411548725
9.682324783204268e-17,14.59293401097894,6.670693076787915e-05,-46.67695709461764
0.1502414075394357,7.510759220200214,0.003066575700677809,-67.4328310045795
1.028145822447522e-15,6.551478207335492,0.005239852875554285,-54.00582074667985
0.3231848351757486,1.927109827793203,0.08253749572898617,-74.7406063895077
0.3134438729508525,4.112287654981884,0.02128636972877307,-27.38820759500244
9.555848176237971e-17,14.56955210951714,6.75398229172397e-05,-25.20188597848746
0.1643126743927417,6.547232686364588,0.005252370947026797,-21.40247378383028
9.555848176237971e-17,13.72587836685387,0.0001057599115927288,-12.36095097055624
6.728744545674702e-16,9.113276472090895,0.001268804678412727,-19.28271874003132
3.17603086687411e-16,12.75143946975169,0.0001778676411706703,-12.31607698990279
0.4282304051726934,2.916532209582854,0.04383805097367904,-40.92670208190188
3.17603086687411e-16,11.48643830440393,0.0003505292662211446,-15.31871221979694
0.1804022098869444,5.651590794879027,0.008719772284861982,-56.81317445035525
0.4937803112307818,1.912357304387086,0.08335082025313961,-41.8658833568857
0.1371723697493119,8.593582718948753,0.001686748279249972,-32.60007899082475
5.840566125974614e-16,13.57312980476114,0.0001147232402981535,-28.83814606254861
0.1446280540301696,7.948060398896274,0.002406947079431787,-21.76429914093498
0.3216543403493555,3.894972949929411,0.02421540953372703,-32.55456846638269
0.6426344764270618,0.6818997931012092,0.2044666519728566,-37.96977462728839
1.028145822447522e-15,7.539936224118478,0.003017308933945639,-34.31443976409118
5.840566125974614e-16,11.48643830445566,0.0003505292662113746,-54.28009068137797
2.449231293967717e-15,6.181414430847084,0.006454951827254585,-40.26904316013351
1,0,1,0
9.555848176237971e-17,13.81605312089112,0.0001008031465783987,-13.1029489265492
5.840566125974614e-16,10.77277415847932,0.0005150200477154754,-25.59577112856273
5.840566125974614e-16,12.46093800542739,0.0002077756058385671,-45.4101707783144
1.084323740440642,0.03849151581876242,0.4222297303533472,-49.42100170312955
3.17603086687411e-16,14.59481106991344,6.664051769644797e-05,-31.19800271917821
0.14297405988169,8.085012570171209,0.002231641071162194,-23.57199334630702
0.3191537406664952,3.958251264910501,0.02332106706256776,-72.98274210698908
9.682324783204268e-17,12.46093800439409,0.0002077756059534752,-46.96627762691767
5.840566125974614e-16,9.113276458394765,0.001268804687912573,-37.91424263571705
0.1604738033334067,6.798347758097279,0.004562113541790092,-39.52379895309015
0.2141199202944357,4.250731096848064,0.01961671853958585,-29.96746697455422
9.682324783204268e-17,12.75064229181349,0.0001779434656049572,-40.21105163282306
0.5059907276435305,1.178390682530953,0.1388419321559882,-20.57295123902369
0.5760374030592854,1.324360056872493,0.1249055267147511,-36.5450790596841
0.2134972855477682,4.274659625814387,0.01934235549146929,-14.89659588650813
0.3799845895464939,3.333799127531918,0.03393496695225712,-41.989866733089
0.5447382011464211,0.9264869962266999,0.1678887219058244,-40.65421458851157
0.4811257231001214,2.077314843321204,0.07475148463381959,-57.5825263627315
3.17603086687411e-16,13.30463139161423,0.0001323756674733167,-21.16929364522139
1,0,1,0
9.555848176237971e-17,7.922767807817095,0.002440826742146573,-14.1318734774912
0.1502569139906994,7.509592785150275,0.003068562260208296,-34.38404120226645
0.1446228298726777,7.948505582376651,0.002406355061680077,-15.28207181869489
9.555848176237971e-17,13.30463139167362,0.0001323756674691534,-18.62594686603339
5.840566125974614e-16,10.77266931739635,0.0005150492207794399,-42.77864215081397
0.1456853900524139,7.86680254398739,0.002517530402452894,-22.86293698316999
5.840566125974614e-16,14.56921931522053,6.755175272421532e-05,-21.63134617373093
3.17603086687411e-16,14.5949670896476,6.663500048909032e-05,-26.31315971720811
0.5417407343447971,1.394510423035371,0.118822435806914,-33.4663658634893
0.1566992577370614,7.043433420063188,0.00397781887010179,-21.78250291959507
1,0,1,0
1.028145822447522e-15,6.182884070478821,0.006449592817554861,-68.76037404421074
9.555848176237971e-17,11.4864382202225,0.0003505292820976669,-11.89377552048407
1,0,1,0
5.840566125974614e-16,14.00872322207647,9.098224158932133e-05,-18.89469543690598
1,0,1,0
5.840566125974614e-16,9.112785221670073,0.00126914546467688,-30.70150513965509
5.840566125974614e-16,14.59496391049269,6.663511290649904e-05,-31.94878494654974
0.1604505958661805,6.799861098517951,0.004558248233903106,-23.49575871588026
0.6882881918490321,0.7915003266637086,0.18682342248274,-48.21261552305663
0.4706835034291257,2.220697284466297,0.06808577335520594,-48.75184378036876
0.1369814419307894,8.611314436411334,0.001670405584583312,-50.22582935563783
9.555848176237971e-17,13.30463132176678,0.0001323756724046499,-15.09023704956036
0.1594905149243612,6.858451811594868,0.004411147812384664,-17.28429342120785
3.17603086687411e-16,13.30463139167361,0.0001323756674691534,-12.25162613746645
9.555848176237971e-17,12.52900709609873,0.000200341336874077,-14.51950600100878
0.3333770521766734,1.800103091671936,0.08985001608258292,-29.89392460864048
0.1643419790142761,6.545196304114356,0.005258386171888618,-57.00833911149353
3.17603086687411e-16,9.339038844105161,0.001121615741586091,-12.42816034371346
3.17603086687411e-16,12.75127034828753,0.0001778837246163012,-16.67503725278294
0.1369137409574092,8.617540841706258,0.001664705185360049,-31.94331685279396
0.1410858201505459,8.24361067063689,0.002044784961460711,-13.67998035699416
1,0,1,0
0.1740236002830772,5.985940416656454,0.007210176074805508,-26.2928618296962
5.840566125974614e-16,14.56955192604302,6.753982949375681e-05,-24.91092712175269
0.3481829059145721,3.262086491267681,0.03544943044046167,-33.01494978650753
0.1803406562729211,5.654734348399117,0.008704155680743453,-21.28036318205635
0.1643355020234654,6.545866084743857,0.005256406942329761,-21.42552851874729
3.17603086687411e-16,13.81592741388116,0.000100809890995035,-25.38998493857516
1,0,1,0
0.9255671586079922,0.03673600515335806,0.4240017672693309,-60.11387022172667
0.1567271791350614,7.041556368027294,0.003981989818317044,-24.91659947620911
0.4704658242359979,2.223781812655815,0.0679499043802973,-52.75473227892646
0.5653972782772199,1.58289851237673,0.1041718399008728,-56.52138937122324
5.840566125974614e-16,6.560566220806251,0.005213159272237367,-20.65538769896805
9.555848176237971e-17,12.99275606269476,0.0001563491814982054,-24.66198008428108
9.555848176237971e-17,11.48643822019344,0.0003505292821031625,-12.99247181380504
1,0,1,0
2.287852447174094e-16,13.97547425527696,9.260545996397918e-05,-38.57908227832291
5.840566125974614e-16,9.112325291814805,0.001269464607699222,-30.49315580450472
5.840566125974614e-16,13.97529727111609,9.261417794881321e-05,-16.39368283231198
2.509897052099161e-16,10.77280562440665,0.0005150112923372752,-12.71698310116031
0.7527056428458393,0.4437001162273049,0.2526709761240516,-57.85210024420005
5.840566125974614e-16,10.77278467382813,0.0005150171218082922,-18.81020389769604
0.7988702950112109,0.2714672170190511,0.3011746223608548,-64.3811636260249
0.1566937483035894,7.04384411295991,0.003976906876060782,-17.61002160415961
5.840566125974614e-16,14.59496630129843,6.663502836568025e-05,-20.76688757431571
0.219411761585745,4.076677560091582,0.02173953607460799,-35.49882907619928
3.17603086687411e-16,10.7727662736236,0.0005150222416960837,-31.53195746888529
2.287852447174094e-16,9.376628780854418,0.001098846729651048,-30.01229699113669
5.840566125974614e-16,11.48643830442373,0.0003505292662174253,-53.0360838094105
1.417243881552619,0.9746863675457575,0.1617570934308623,-78.38871417475869
0.2218596693223983,7.994218292120316,0.002346347802344495,-26.71921059547363
9.555848176237971e-17,11.48643830446322,0.0003505292662099868,-20.46263779654979
1,0,1,0
9.555848176237971e-17,14.01090938601607,9.087652244377242e-05,-12.31512661829888
9.682324783204268e-17,12.46093621818871,0.0002077758046443723,-22.74589655413787
1.160581444825854,0.1684464706596316,0.34074809247775,-59.1433640815257
1.394657227178718,0.9903598310567645,0.1598272222994281,-87.32602829285743
0.2854013630085741,4.990452517275443,0.01274377134421578,-30.48791450127211
4.730343101349462e-16,8.215217120506196,0.002077027222322003,-19.83379951170702
0.1502928488863537,7.506894510961104,0.003073162734640644,-55.83768634735651
3.17603086687411e-16,7.921956544204789,0.002441921443452899,-13.20275968340711
1,0,1,0
4.730343101349462e-16,12.15740158675352,0.000244467228243006,-26.17588577249038
3.17603086687411e-16,11.07998955641018,0.0004363214607322474,-12.16283255890028
2.731941657024047e-16,9.376931358393865,0.001098665366951523,-13.42574684212241
1.23524268560942,0.3321221190705899,0.2822060856650889,-55.23438861843152
1,0,1,0
0.142973893301701,8.085069615999991,0.002231570825666385,-17.27432027414264
0.4934129308548569,1.91695533327244,0.08309634574272878,-35.86520488269066
9.555848176237971e-17,14.01013031187685,9.091418293732945e-05,-13.00678965814091
5.840566125974614e-16,12.15684413032919,0.0002445403067906082,-58.16586274337808
0.141041114789322,8.246116083173284,0.0020419645122291,-20.65943669765263
0.6389706430315786,0.935061758272326,0.1667755376670673,-54.45333076130319
0.328818056612203,3.707311131953176,0.02708729856703807,-34.44274662440409
9.555848176237971e-17,7.922273485535001,0.002441493710256259,-21.97901979710184
0.3192125911188132,3.956682410606021,0.02334281414774664,-79.53900533459229
0.1435500689613665,8.037505494641749,0.002290929506003625,-29.97970990942836
0.7788860103168398,0.4748944914655482,0.2453720246009763,-58.74440920427094
0.9433268861838621,0.02076548107324072,0.4427098330315389,-61.81997501874738
5.840566125974614e-16,13.30463139060765,0.000132375667544371,-25.70015986278925
0.1604915193879857,6.797199500032121,0.004565048611668898,-48.94818228237992
3.17603086687411e-16,12.75129219963205,0.0001778816464716448,-17.02290443010531
0.2138136780018278,4.261212611445032,0.01949603917711784,-35.41698220627638
2.204858458201225,7.307985667076451,0.003432441865518832,-107.6311748176076
9.555848176237971e-17,9.33903884389678,0.001121615741713655,-11.83279472861095
2.731941657024047e-16,13.97556270004305,9.260110361197782e-05,-19.40541782756766
9.682324783204268e-17,13.97547298975962,9.260552229861663e-05,-18.59525546168469
2.731941657024047e-16,10.77281893887909,0.000515007587637506,-13.31222370395329
9.682324783204268e-17,9.113276490506749,0.001268804665639167,-19.56981020379099
9.555848176237971e-17,10.772805686124,0.000515011275164623,-12.71908508152092
2.287852447174094e-16,9.339038843888041,0.001121615741718984,-25.40655698277677
1,0,1,0
1,0,1,0
5.840566125974614e-16,9.112959807953615,0.001269024341453651,-22.17038400462689
0.5791180052130667,1.440778913402653,0.1150066684913041,-43.20856379184251
0.716590118356744,0.6209599823972667,0.2153453870756266,-48.72936042925403
0.180351400822464,5.654239820549584,0.008706610491107658,-21.38205548468112
0.1741602944105577,5.978518147156635,0.007240582196718803,-29.76446193210711
4.730343101349462e-16,10.77276368952069,0.0005150229607311929,-17.70988633601788
2.804502661847769e-15,12.52900709577486,0.0002003413369088269,-101.1898288619999
3.17603086687411e-16,10.77274553989842,0.000515028010951657,-30.44200044546415
2.287852447174094e-16,13.57456454354312,0.0001146355850389913,-49.56969006669711
5.840566125974614e-16,14.56960335737596,6.753798600378502e-05,-19.4178752586746
9.555848176237971e-17,12.75141795497245,0.0001778696871440055,-25.98855278652298
1,0,1,0
0.1456212215615599,7.872049878528578,0.002510235436617714,-21.61414845240276
3.17603086687411e-16,14.59418655791985,6.666260644505595e-05,-22.85825774298386
0.2362114627938031,3.576179288844983,0.02930690840839317,-62.08912911207953
3.17603086687411e-16,12.75114481165368,0.0001778956640945406,-28.84643126857198
1.028145822447522e-15,7.560400790301543,0.00298323607881712,-37.60847456186286
3.17603086687411e-16,12.46093702400015,0.0002077757150088511,-26.94675975578657
1,0,1,0
2.287852447174094e-16,12.52900709632313,0.0002003413368500406,-47.76780362789165
3.17603086687411e-16,9.113276458377818,0.001268804687924341,-18.93781097516243
2.731941657024047e-16,9.376872272167677,0.001098700780405026,-12.32531034638834
9.682324783204268e-17,12.75091651166457,0.0001779173792122446,-66.27495077820019
0.9729070302369454,0.003038699960853819,0.4780196769010587,-66.19495843132364
0.1566628127174036,7.045938321442499,0.003972259752982488,-28.57743343703377
5.840566125974614e-16,6.184091474536267,0.006445193466204646,-23.52472229250555
0.1430620911754393,8.077643839026763,0.002240733786680438,-28.55215780287639
5.840566125974614e-16,9.3390388429845,0.001121615742271986,-16.82604012190303
1.687826317519485,1.618631445665272,0.1016413593175271,-78.8898808053721
9.555848176237971e-17,14.16737327573058,8.362278386231381e-05,-12.86192938694496
6.728744545674702e-16,14.01340735032993,9.075587662238371e-05,-38.84517862628233
1,0,1,0
1,0,1,0
1.028145822447522e-15,10.77265131300499,0.0005150542308468009,-104.0016709320637
9.555848176237971e-17,13.8158978479897,0.0001008114773265456,-17.501522591242
9.555848176237971e-17,14.59059101268279,6.678992295788833e-05,-19.18430588848091
0.3608418531264417,3.002065543364637,0.0415792171614206,-39.14073048864499
0.2132258273168894,4.28383142541675,0.01923826159004222,-30.4480829624873
3.17603086687411e-16,14.00966470864744,9.093669773174717e-05,-24.89957910256874
5.840566125974614e-16,14.56961101653258,6.753771147549603e-05,-19.06716331231636
5.840566125974614e-16,12.75126282880657,0.0001778844397527513,-23.40522360871714
1,0,1,0
2.287852447174094e-16,13.75107922744762,0.0001043504388246741,-35.96685584084903
0.3211219878289583,3.908962177112187,0.02401462419914213,-37.49180872447182
0.313832914078622,4.101446293918393,0.02142327324840604,-30.84098963938077
5.840566125974614e-16,14.5693394671914,6.754744534492874e-05,-50.10226775799445
0.3288215180562276,3.707244960461637,0.02708837255203689,-43.64630502168831
1.045036042306007,0.01144393527596321,0.4574038787777665,-76.99974379943859
9.555848176237971e-17,14.59496700866917,6.663500335252204e-05,-16.62176104202124
0.1446314534462725,7.947739044623269,0.00240737451776174,-27.26337374665367
3.17603086687411e-16,10.77277412452264,0.0005150200571639729,-11.32940365922216
0.4110284075675108,3.256513395713327,0.03557011915766073,-48.84720160988272
1,0,1,0
0.3192186917513998,3.956520952909258,0.02334505344897753,-31.97912673658081
1.421222736258551,0.6600885509074317,0.208264341634058,-80.82701893681144
0.6577623526613485,0.6073758107728366,0.2178887890437293,-47.24362369159293
0.156682527012142,7.044557300240754,0.003975323664131558,-19.5832067747025
3.17603086687411e-16,14.00887920732652,9.097469430724425e-05,-18.20139500318115
1,0,1,0
9.555848176237971e-17,12.75120330308921,0.0001778901010184297,-17.02346691759965
9.555848176237971e-17,14.00825521912385,9.100488950453123e-05,-13.00247941960851
0.3190683858516167,3.960541650016168,0.02328935663414883,-30.33564444465105
5.840566125974614e-16,12.1573412541081,0.0002444751363572806,-18.97474258684933
3.17603086687411e-16,14.00903529899946,9.096714250711457e-05,-28.07665519546155
3.17603086687411e-16,9.376893924820322,0.001098687802707887,-12.83058166310628
6.728744545674702e-16,7.926702371754985,0.002435524616299756,-38.00105355796521
1,0,1,0
0.1643305380246819,6.546147765984959,0.005255574790786588,-14.41164809199821
5.840566125974614e-16,9.339038844067261,0.001121615741609294,-24.81144360710584
0.2743356221428223,5.397256851249111,0.01008421341528992,-51.27908777551098
0.4704527367861149,2.224030305941511,0.06793897183097319,-32.16208666271169
3.17603086687411e-16,14.59496706561706,6.663500133879952e-05,-17.63854646947976
0.1595139358468635,6.856899724437863,0.004414981196544432,-15.81691803957885
1,0,1,0
1,0,1,0
9.555848176237971e-17,14.59449529403391,6.665168564651269e-05,-20.11296593691935
9.555848176237971e-17,12.99288469235658,0.0001563384412484048,-23.96516816264244
0.1739847673683589,5.988057621643087,0.007201526831880467,-28.20514696760491
1,0,1,0
0.1446737257999483,7.9442679733246,0.00241199637536138,-33.45041788556683
1.083846479394684,0.03809489251757725,0.4226263586288082,-50.21858966908482
1.598865354871968,2.077472984960565,0.07474373882947605,-94.41531802285236
3.17603086687411e-16,7.922816111887105,0.002440761577468475,-12.10541337597778
9.682324783204268e-17,13.00021394642664,0.0001557276943424668,-80.36130573368345
0.9491647987302335,0.01657090395636374,0.4487864302966637,-78.86651370782093
6.728744545674702e-16,14.59496525653195,6.663506530946162e-05,-53.15969531929598
9.555848176237971e-17,9.376893910208164,0.001098687811465715,-12.83008525431164
2.731941657024047e-16,13.97544503262219,9.260689937284905e-05,-31.08480986979306
1,0,1,0
0.1803533206953853,5.654080402535442,0.008707401986053132,-27.00302263166713
1,0,1,0
4.004733053112191e-17,14.56963257423272,6.7536938785695e-05,-12.62771929080843
2.287852447174094e-16,12.46093663587354,0.0002077757581826489,-51.7190086094537
9.682324783204268e-17,12.7512703567112,0.0001778837238151643,-37.27118682856741
9.555848176237971e-17,14.00825518671466,9.100489107310983e-05,-13.00268727490185
1,0,1,0
1.0472557805165,0.01256444457300177,0.4553755342371016,-71.52277665881545
1.237604311400592,0.3803090189995828,0.2687189505250475,-95.60464269426467
0.3482172855604581,3.261350438187073,0.03546534493347853,-24.10807559765576
4.004733053112191e-17,14.56964052157554,6.753665393233188e-05,-12.5293058069085
0.156724580355461,7.041518327808078,0.003982074392717971,-54.30217439462243
2.053967446695202,5.352008899577839,0.01034920468279615,-107.6855147164974
5.840566125974614e-16,9.376665746362448,0.00109882457117555,-36.80536580851713
1.262593012096206,0.2512681555704717,0.3080917711837646,-46.57632291556628
1.417813127135077,1.084820464777778,0.1488108412789838,-77.03077562513855
0.1643365377697965,6.545638393149915,0.005257079694717282,-44.51068104885426
9.555848176237971e-17,8.215199239891941,0.002077047688814837,-13.13330653765623
0.1371628568039287,8.594430817301372,0.001685962928632045,-33.71390180464124
0.3604725466492615,3.007790437098095,0.04143258847663883,-72.73436808136071
0.9552166219363302,0.01275993158202482,0.4550311864509546,-48.45891627968908
0.8575164295447268,0.1489457484300374,0.3497724407065662,-66.97608663668187
0.848382095368307,0.1709381125378258,0.3396397098589014,-56.85612287508404
0.7867595079162963,0.3111862169408255,0.2884765929570421,-61.15496220048927
0.1435531680488072,8.036466049937189,0.002292244505485652,-162.8150975934033
1,0,1,0
9.555848176237971e-17,7.924993303914775,0.002437826272927546,-20.98126339635203
2.731941657024047e-16,14.00887910915331,9.097469905711142e-05,-26.98449136298344
5.840566125974614e-16,9.339038843859051,0.001121615741736748,-24.46842993420175
4.730343101349462e-16,13.81587613901189,0.0001008126421183642,-24.09903606723482
2.287852447174094e-16,14.59256663607455,6.671993682061395e-05,-49.34863557125587
2.287852447174094e-16,13.81580976981604,0.0001008162032313242,-45.34786076532835
3.17603086687411e-16,9.376864456968296,0.001098705464547822,-12.13680476194587
2.804502661847769e-15,12.52900713775747,0.0002003413324073722,-120.8866952450261
6.728744545674702e-16,8.215216858458625,0.002077027522265185,-26.63022470606685
3.17603086687411e-16,13.72587848932766,0.0001057599046964119,-12.36249910964109
6.728744545674702e-16,12.46093622969802,0.0002077758033641186,-36.0556362840527
1,0,1,0
3.17603086687411e-16,6.180989603880292,0.006456501802332926,-28.35849599824623
9.555848176237971e-17,11.48643822019344,0.0003505292821031625,-12.99264550219678
4.004733053112191e-17,14.59449548036626,6.665167905600677e-05,-14.41242166131994
0.3231170502359405,1.927984090861173,0.08248958219275138,-58.53131949362073
0.6871705810748133,0.798819219821354,0.1857233190303882,-95.6340043255899
3.17603086687411e-16,10.77280562651979,0.000515011291749301,-12.71718500645574
0.1410941835454288,8.239486539738508,0.002049436307576258,-39.40032488821888
8.100656653401286e-17,12.99224864343221,0.0001563915569733343,-11.19109333481442
3.17603086687411e-16,12.46093800624033,0.0002077756057481395,-14.47735279176825
2.731941657024047e-16,10.77281892336635,0.0005150075919538311,-13.31137856169167
9.682324783204268e-17,9.376783339687584,0.001098754084456088,-24.70414526440788
1,0,1,0
0.3191845948835637,3.957438308451501,0.02333233340393848,-21.78939914679837
5.840566125974614e-16,13.97529701781455,9.26141904266653e-05,-17.20706169480669
1.028145822447522e-15,6.184262833000531,0.006444569346830797,-42.7685212078005
9.555848176237971e-17,11.08002101945581,0.0004363140575529556,-13.55083511475696
4.004733053112191e-17,12.99261889269526,0.00015636063566421,-12.29160278406018
9.555848176237971e-17,14.59230831634114,6.672908355770391e-05,-28.02755569526611
1.028145822447522e-15,7.65733091973695,0.002827104572544481,-35.83673089479611
0.3209648264181511,3.913097651446321,0.02395560536747166,-57.84220509238585
0.3288009588182002,3.707584426126402,0.027082863390965,-45.4594821579657
2.731941657024047e-16,13.97559193770406,9.259966355468219e-05,-13.01157977501409
1.100350594991625,0.06151837255760029,0.4020559940678863,-88.76592780084675
1,0,1,0
0.7243570015360072,0.4633479891155332,0.2480317143766546,-62.79559290122582
1,0,1,0
0.203497967756901,4.942775015306054,0.01309997023917819,-31.80387133205493
9.682324783204268e-17,13.81593505312537,0.0001008094811222882,-32.02171883773648
9.555848176237971e-17,14.59137179597806,6.676225500806821e-05,-19.00500353303315
4.730343101349462e-16,13.8159941725976,0.0001008063092082234,-18.94799774838239
0.2895079190896666,4.848743755016045,0.01383313738907666,-38.61414238285125
0.5665242394330959,1.569526134410694,0.1051379219426056,-76.13678050583898
6.728744545674702e-16,9.111058815650267,0.001270343830198695,-41.67790421392016
5.840566125974614e-16,9.376776090524068,0.001098758429550983,-25.01723340453094
3.17603086687411e-16,10.77273188052401,0.0005150318117718711,-10.63655238947298
4.730343101349462e-16,14.59496708243574,6.663500074410855e-05,-18.73873770745591
0.3190679944056741,3.96053598038992,0.02328943507409498,-47.13019555138599
0.4708180475676874,2.218800491661241,0.0681694753357579,-44.4157671262
0.5798386880593805,1.433584152360282,0.1155901962575225,-40.79798251031335
0.4120342551818491,3.235513383125607,0.03602885789241517,-32.2200408714985
0.522087217911388,1.589460571694616,0.1037016100325761,-30.37534670085709
0.4787237773825331,2.109553460980081,0.07319101331228151,-53.19828879464384
0.9606015326302731,0.01143398148961694,0.4574223370572205,-61.17788149522465
1,0,1,0
9.682324783204268e-17,9.112438720731447,0.001269385892375796,-52.11853410440379
1,0,1,0
0.1604505945140129,6.799861099324289,0.004558248231844475,-30.48827928621771
9.555848176237971e-17,14.569640514585,6.753665418290922e-05,-12.52918721169008
1,0,1,0
9.555848176237971e-17,13.30463139167361,0.0001323756674691534,-12.95216860130472
0.1429738079056081,8.085143631994633,0.002231479686683469,-16.86982707728303
0.3047396112136605,2.18400871655539,0.06972541097073875,-19.64766826580636
3.17603086687411e-16,12.4609362159924,0.0002077758048886769,-31.4733966580253
5.840566125974614e-16,9.376776152495424,0.001098758392405752,-32.25119571921417
1.048228759317134,0.01307099365874365,0.4544887166854625,-68.98462528716169
0.5414124260030253,1.397575592753157,0.1185649587840028,-46.46272983318373
1,0,1,0
0.3288055308809238,3.707646751864544,0.02708185204055369,-35.44309953922033