dN/dS,LRT,p-value,Log(L)
1,0,1,0
0.8003290906594305,0.05340623204575934,0.4086193794377072,-11.67371536060146
1,0,1,0
1,0,1,0
1.257029138725053,0.04846630148812636,0.4128769210289129,-11.45814564457785
1,0,1,0
0.7161660880242204,0.124735075432195,0.3619773006023622,-11.99894189585368
0.7172633651352417,0.12338103456689,0.3626980134305207,-20.15167934461432
1,0,1,0
5.840566125974614e-16,2.173109493019588,0.07022100290316241,-10.99233894632184
1.392686062385928,0.1966757317602656,0.3287087932643389,-18.52327259496536
1,0,1,0
1.028145822447522e-15,2.463615569464746,0.05825515939118575,-11.45651049416572
1.028145822447522e-15,2.108983096596287,0.07321829962012094,-10.3338184864011
1.70328899436562,0.7165778875886986,0.1986343617034145,-25.66305853894042
0.8874003942095924,0.01483100143828153,0.4515355976478324,-28.15394915464165
1.028145822447522e-15,2.173109517725702,0.07022100177529239,-10.99311944801764
1.028145822447522e-15,2.767745768329139,0.04809076281521713,-11.20652043452571
0.5650229064885746,0.3973656367274394,0.2642264486785704,-12.13930555950183
1.028145822447522e-15,2.617622308523089,0.05284134583417321,-30.03102828957073
1,0,1,0
1,0,1,0
0.7159097387457388,0.1250191315465869,0.3618266655087349,-11.30537535683621
1,0,1,0
1,0,1,0
1,0,1,0
2.804502661847769e-15,2.767891156391535,0.04808639448082819,-20.3030524777797
6.728744545674702e-16,2.493515884817054,0.05715804681635789,-9.644867786130865
0.7167995612199382,0.1240367543620629,0.3623484425315769,-11.23104249498624
2.778802038960292,2.284985503168372,0.06531568124642817,-32.59348611684322
1,0,1,0
1,0,1,0
1,0,1,0
1.478642286835202,0.1768731065098237,0.3370371649380227,-29.35702310079731
0.7379371094881908,0.1022893430457117,0.3745497197580949,-18.18472808460926
1,0,1,0
2.568113282297615,1.327521065832791,0.1246233510057704,-16.65259779167738
1,0,1,0
1,0,1,0
1.749153490039128,0.522676722341032,0.234851048317444,-18.32975787253994
0.6962428664255024,0.1482151762161692,0.3501234340607907,-15.47445741480462
1.606297310589785,0.3849929724061809,0.2674715605306063,-24.26444293031934
1,0,1,0
0.8003290933360202,0.05340623204921968,0.4086193794347991,-11.67371529461958
2.804502661847769e-15,1.593255751449149,0.103430796948591,-11.33811458980261
1,0,1,0
0.7277672295950107,0.1123960105396442,0.3687163143627695,-11.86245967809892
5.840566125974614e-16,2.258113073253778,0.06645796318156821,-13.04667089675789
1,0,1,0
9.682324783204268e-17,2.500186944097933,0.05691639248457736,-9.933453094173617
2.804502661847769e-15,1.593244667239016,0.1034315866682357,-11.06747417503051
2.287852447174094e-16,2.711067118756191,0.04982715463024828,-10.93660468945682
0.8123554053310447,0.04627229170898772,0.4148407972487611,-18.99170270619258
0.9202364417595752,0.00709255628212091,0.4664418255385278,-11.91541785761279
0.8888964461905681,0.01440749424595822,0.452229207604713,-13.3572770228487
1,0,1,0
0.7293526168482496,0.1107771485802118,0.3696305460469396,-11.56483255351986
9.682324783204268e-17,2.500217158019264,0.05691530057259131,-10.7462871011477
1,0,1,0
1,0,1,0
1,0,1,0
1,0,1,0
1,0,1,0
1,0,1,0
1,0,1,0
1,0,1,0
1.028145822447522e-15,2.4636155694647,0.05825515939118731,-17.44212937827206
1.028145822447522e-15,2.500217145291298,0.05691530103256692,-10.74579187649094
0.9208891447486925,0.00697040654387493,0.4667313774541644,-12.28560050856394
0.7379268074709951,0.1023010100662205,0.3745428062362708,-11.63861425951866
1,0,1,0
2.804502661847769e-15,2.258113077352743,0.06645796300563878,-11.33495725544485
0.8013125302068346,0.05279554320052426,0.4091341578381829,-20.8064918198025
2.196461163907943,0.9667886476401577,0.1627411944525466,-17.63502004411757
0.7645018366401694,0.07891144702551145,0.3893890197103614,-12.32262678791154
1,0,1,0
2.175447549136024,1.417939249350134,0.1168714452831179,-22.86811437516306
2.516992710008373,1.278592713906434,0.1290804302165537,-28.97014697032101
1,0,1,0
1.61970286188598,0.3978027042298393,0.2641131095785233,-25.87313284144014
1.629173904995033,0.4067093301751399,0.2618222312609727,-21.66532125758443
1.123553484180349,0.01304195045322842,0.454539087223193,-19.9016492718969
1.619527659584629,0.3976341296602044,0.2641568135420413,-18.87249814850124
0.838459853985986,0.03288214250501653,0.4280525770836659,-21.01116344373531
1.028145822447522e-15,1.16916337749317,0.1397866053268684,-17.23554605121552
2.302317957646204,1.606125902992162,0.1025186184759799,-32.08041045550517
1,0,1,0
1,0,1,0
1,0,1,0
1.123576123971709,0.01304627565292549,0.4545315822963133,-19.89453609395691
2.804502661847769e-15,2.290645767042861,0.06507788021281496,-18.14209741770045
1,0,1,0
1,0,1,0
5.840566125974614e-16,2.463615569464697,0.05825515939118747,-9.948956665296954
2.958102430721571,3.371144602912118,0.03317382224292587,-28.34149952959127
1,0,1,0
1,0,1,0
2.287852447174094e-16,2.617622308523089,0.05284134583417321,-10.83171221156209
9.682324783204268e-17,2.791115138289364,0.04739412231089535,-12.76335011023211
1,0,1,0
2.804502661847769e-15,2.71095983596944,0.04983050548174578,-30.51872640940626
1,0,1,0
1,0,1,0
1,0,1,0
0.7381217132362377,0.1021131323491282,0.3746541897562242,-11.75430601000819
1.514500498918485,0.3008281690160572,0.2916818492416184,-18.26720498397436
2.449231293967717e-15,2.557827413729708,0.05487465648828599,-10.82162744224627
1,0,1,0
5.840566125974614e-16,2.876968127262039,0.04492752991960919,-11.22433039272823
1,0,1,0
0.8374552706057301,0.0333451812664407,0.427553340979045,-20.90620466634999
1,0,1,0
1,0,1,0
1,0,1,0
1,0,1,0
0.8123553918201257,0.04627229170159453,0.4148407972554599,-12.44522742547065
1,0,1,0
5.840566125974614e-16,2.6637200362727,0.05133019088619567,-11.09057370253366
1,0,1,0
5.840566125974614e-16,2.444652484557963,0.05896299963601176,-11.6516874504865
1,0,1,0
0.7161660750930644,0.1247350754841285,0.3619773005748042,-11.99894171229793
1,0,1,0
6.728744545674702e-16,2.108984694080362,0.07321822318025029,-10.45301736162082
1.028145822447522e-15,1.780643307988711,0.09103517591492299,-10.84955965291331
2.46376131126674,1.842922936259519,0.08730437368714705,-27.7391656794094
1.607369006903646,0.193273195650626,0.3301031069876126,-20.28162859400749
0.7277811348430182,0.1123788167998967,0.3687259857097295,-24.75887825436434
1,0,1,0
1,0,1,0
2.804502661847769e-15,2.258113077352746,0.06645796300563866,-17.88143247321786
2.449231293967717e-15,1.82024480064932,0.08864207014604031,-11.2594144897667
2.449231293967717e-15,1.820244805832321,0.0886420698376254,-11.25961612024592
1.028145822447522e-15,1.268737209274665,0.1300018561800552,-10.5123127258325
1,0,1,0
1,0,1,0
1.028145822447522e-15,2.875661884472237,0.04496399707613197,-17.19154311266344
9.682324783204268e-17,2.617622308523135,0.05284134583417155,-11.64488009301114
1.028145822447522e-15,1.268965914366493,0.1299803816890039,-11.99342537934131
1.028145822447522e-15,1.201163243019824,0.1365446537316685,-13.8541894103124
9.682324783204268e-17,2.500186916457348,0.05691639348350119,-9.932755981266995
9.682324783204268e-17,2.859726376423133,0.04541147340991103,-11.05589121364175
1,0,1,0
1,0,1,0
1.028145822447522e-15,1.780643314358354,0.09103517552404172,-11.54478987541872
1,0,1,0
1.448240538154068,0.24284695439286,0.3110787068236875,-16.94420776018596
1,0,1,0
1,0,1,0
9.682324783204268e-17,2.389748013568884,0.06106665709650738,-10.60953351325472
2.804502661847769e-15,2.859674967615732,0.04541292479012948,-16.90956449116534
5.840566125974614e-16,2.66691112530528,0.05122734691267339,-11.09867919002329
6.728744545674702e-16,2.711041406121293,0.0498279577116994,-10.24338669367129
2.287852447174094e-16,2.444652484304314,0.05896299964554341,-14.19250153998889
1,0,1,0
9.682324783204268e-17,1.478310133788405,0.1120195524407471,-14.20993496013548
2.804502661847769e-15,2.258113077352746,0.06645796300563866,-10.64100475697675
2.449231293967717e-15,1.198194312945041,0.1368414379503088,-12.23918902642665
1,0,1,0
1,0,1,0
1,0,1,0
1,0,1,0
1.844259389072556,0.6157907439298498,0.2163078932068666,-17.55389872334467
5.840566125974614e-16,2.876823153595861,0.04493157565232286,-13.13261301947364
0.7277294856653523,0.112434681736957,0.3686945651166836,-14.33915197049905
5.840566125974614e-16,2.4636155694647,0.05825515939118731,-10.6432719336131
1,0,1,0
1.028145822447522e-15,1.780643313660971,0.09103517556683755,-11.42489162269518
0.8193618231944543,0.04242815692827406,0.4184028910722442,-15.48301595302714
1,0,1,0
1,0,1,0
1,0,1,0
1,0,1,0
1,0,1,0
1,0,1,0
1,0,1,0
1.028145822447522e-15,2.463615569464746,0.05825515939118575,-11.45587281643549
1,0,1,0
1,0,1,0
1,0,1,0
1,0,1,0
1,0,1,0
1,0,1,0
1,0,1,0
1,0,1,0
5.840566125974614e-16,2.859670522928582,0.04541305027548731,-9.838322050171412
1.028145822447522e-15,2.876968127524353,0.04492752991228927,-11.34347357546935
1,0,1,0
0.8002441320341057,0.0534593009492319,0.4085747918896829,-10.98004932660185
1,0,1,0
2.804502661847769e-15,1.199508073097512,0.1367100104270686,-26.53817676214587
1,0,1,0
1,0,1,0
1,0,1,0
1,0,1,0
1,0,1,0
1,0,1,0
1,0,1,0
0.699729891188608,0.1438957691542377,0.3522192003723905,-12.19417079872395
0.8003422532046653,0.05339701498008509,0.4086271258303611,-18.47159741418299
0.6955395742559263,0.1490981711214232,0.349699336078978,-18.5839921338122
1,0,1,0
0.8117565014871242,0.04661328373155627,0.4145324209579043,-12.72540306002234
1,0,1,0
1,0,1,0
1.748183026495723,0.2608835895791586,0.304756882938051,-20.1824539322974
0.8373692238217318,0.03338572602635992,0.4275097977040228,-12.28076311145717
1,0,1,0
1,0,1,0
6.728744545674702e-16,2.876968127524705,0.04492752991227927,-11.34353330296292
0.7169874123738738,0.1238299829653045,0.3624585621394768,-11.63989194386186
1,0,1,0
0.8874002193143753,0.01483106975989301,0.4515354865688443,-23.00536764273091
1,0,1,0
0.8863509601882413,0.01513238767983438,0.4510480968422729,-17.97137931057967
1,0,1,0
0.8372452272065543,0.03344329274854374,0.4274480205069197,-11.5875454059019
1.028145822447522e-15,2.711062633614763,0.04982729471343067,-10.81815907988761
1,0,1,0
1,0,1,0
0.8013223019344108,0.05279052391833261,0.4091384017808946,-14.64618464512951
0.8003290791439744,0.05340624261586768,0.4086193705545673,-11.67351398643975
1,0,1,0
1,0,1,0
2.449231293967717e-15,2.55782741371538,0.05487465648878337,-10.82162756216355
1,0,1,0
1,0,1,0
6.728744545674702e-16,2.749263896671849,0.04864960696250781,-11.19597341542058
1,0,1,0
1,0,1,0
2.804502661847769e-15,2.108992267804226,0.07321786077756837,-11.02703598929245
1,0,1,0
1.028145822447522e-15,2.108983083117941,0.07321830026506215,-10.33308423536957
1.625478594018299,0.4032501234274051,0.262707756674379,-17.90727086375197
1,0,1,0
1,0,1,0
1.127245054590762,0.01377213437692859,0.453289475264159,-19.85794163588561
2.804502661847769e-15,2.108975530210003,0.07321866167414615,-16.99970663149586
1,0,1,0
1.028145822447522e-15,2.258113077352704,0.06645796300564033,-16.91332439885303
2.451866331836495,1.824011277047362,0.08841827225417426,-30.92631716062021
1,0,1,0
1,0,1,0
1,0,1,0
1,0,1,0
5.840566125974614e-16,2.444652485547056,0.05896299959884482,-13.34186501123672
1.478772444537141,0.2692161059906581,0.3019290501620625,-16.71412979244676
3.727674892483235,5.821639627606729,0.007915090744190501,-35.14245515451004
0.7229231142186727,0.1174491934220327,0.3659088412511891,-20.3696830836815
1,0,1,0
2.449231293967717e-15,2.617622308509954,0.05284134583461042,-13.10875601153296
1.028145822447522e-15,1.558728075879916,0.105925775843543,-11.40766026529339
1,0,1,0
2.804502661847769e-15,2.389732819950119,0.06106725062338775,-17.28899522375687
1,0,1,0
2.804502661847769e-15,1.82024479763788,0.0886420703252363,-11.25929729265634
0.7825328675895542,0.06524551143363766,0.3991947253115586,-10.8073728023555
1,0,1,0
1,0,1,0
1.028145822447522e-15,2.389758510400839,0.06106624704968022,-10.88658527384036
1,0,1,0
1.028145822447522e-15,2.389732699531358,0.06106725532747853,-17.28729288801788
1,0,1,0
1,0,1,0
0.83744136051017,0.03335136451492104,0.4275466986771396,-18.4100847593443
1,0,1,0
1.028145822447522e-15,2.463615569464743,0.05825515939118581,-16.90263682548625
0.7277294972809996,0.1124346959185054,0.368694557141537,-14.33879878439567
0.5663171509539866,0.3938563994955508,0.2651396240153058,-14.58037564819697
2.410948720202192,1.763626305313537,0.09208642254229799,-26.50599238709319
2.804502661847769e-15,2.617622308523131,0.05284134583417155,-11.64450180197529
1,0,1,0
6.728744545674702e-16,2.500186917737448,0.0569163934372387,-9.932780878982408
1.092613876633987,0.007604164726146223,0.4652555296932657,-18.12181265727977
1.494464966992312,0.2832036982635699,0.2973045233369529,-19.61707290868918
1,0,1,0
9.682324783204268e-17,2.749238310036763,0.04865038552548817,-10.50257151295398
9.682324783204268e-17,2.749253418751405,0.04864992578829003,-10.9196579465647
1,0,1,0
1,0,1,0
1,0,1,0
1.028145822447522e-15,1.829139323474774,0.08811461909934154,-10.83692018068922
1,0,1,0
1,0,1,0
2.804502661847769e-15,1.780348854335493,0.09105324751868138,-19.43833534355641
0.7376250372961308,0.1025907431487916,0.3743712584205784,-11.96196263239584
9.682324783204268e-17,2.749253423266111,0.04864992565091469,-10.91983475728938
9.682324783204268e-17,2.173111101710742,0.07022092946412856,-11.11188362071335
1,0,1,0
1,0,1,0
2.449231293967717e-15,2.463615567431354,0.05825515946658161,-17.99939577388624
6.728744545674702e-16,2.108984695692875,0.0732182231030914,-10.45310515234692
5.840566125974614e-16,2.666621059824614,0.05123668596390757,-11.09794260076477
6.728744545674702e-16,2.859696167694253,0.04541232626062086,-10.24325888737014
5.840566125974614e-16,2.500191425500709,0.05691623052805989,-10.05254904531637
1,0,1,0
1,0,1,0
1,0,1,0
1.028145822447522e-15,1.658135821825642,0.09892760478976309,-11.68233063877329
1,0,1,0
1.038263951005382e-15,1.48112195829146,0.1117995320326051,-20.73695997670593
2.804502661847769e-15,2.444652528532423,0.05896299798358412,-18.33134291000809
1,0,1,0
2.449231293967717e-15,2.463615567455264,0.05825515946569493,-20.44145691804803
9.682324783204268e-17,1.780643313656856,0.09103517556709001,-11.42385096584978
1,0,1,0
1,0,1,0
1.255589443557679,0.04800020931878635,0.4132901646705636,-15.24543254902951
1,0,1,0
1,0,1,0
9.682324783204268e-17,2.749227879566135,0.04865070291298318,-10.22642282548946
1,0,1,0
2.804502661847769e-15,1.593281317173858,0.1034289754878198,-12.03206222286282
9.682324783204268e-17,2.791136668693365,0.04739348557805995,-12.51496327838523
5.840566125974614e-16,2.76774589418805,0.04809075903346932,-13.30720410102054
1,0,1,0
1,0,1,0
4.936130869128893e-15,2.108938714967138,0.07322042332421214,-43.42414398807376
1,0,1,0
1,0,1,0
1,0,1,0
9.682324783204268e-17,1.820244805832331,0.08864206983762479,-11.25961612044937
1,0,1,0
1,0,1,0
1,0,1,0
1,0,1,0
2.804502661847769e-15,2.703998336852724,0.05004846665878737,-12.1792040706742
9.682324783204268e-17,2.444652582622023,0.05896299595106003,-12.35911600061203
0.8012950360604154,0.052807189260065,0.4091243115889209,-14.08653100845074
1,0,1,0
1,0,1,0
0.8853888857592447,0.01541812425443112,0.4505904405117924,-24.85626689500707
1,0,1,0
6.728744545674702e-16,2.711036896655376,0.04982809855708159,-10.12358265974435
1,0,1,0
1,0,1,0
1,0,1,0
1.628813593714918,0.4063693081766928,0.2619090386970121,-21.10899473775894
1.20592565306838,0.03292381880942585,0.4280074946988918,-13.56467070118119
1.124075473663917,0.01314415173964179,0.4543620870402064,-12.2447850355201
1,0,1,0
2.287852447174094e-16,2.768181678004776,0.04807766675394531,-9.819307659818445
1,0,1,0
1,0,1,0
1,0,1,0
1,0,1,0
1.028145822447522e-15,2.389748018078269,0.06106665692035274,-10.60971011572949
2.804502661847769e-15,2.768326034530261,0.0480733306983005,-19.3601673184683
2.449231293967717e-15,1.820240292690578,0.08864233839294855,-11.14009741009568
2.449231293967717e-15,1.558889466510308,0.1059139489430121,-13.25688222990812
1,0,1,0
0.837278207769343,0.03342791001957934,0.4274645229575836,-10.31210755492346
1,0,1,0
6.728744545674702e-16,2.876968125122751,0.04492752997930649,-10.64990982671775
0.8002653185137644,0.05344593929072872,0.40858601592051,-11.68904330670833
1,0,1,0
0.8124869679947632,0.04619776398090636,0.4149083546007348,-11.37994681102322
1,0,1,0
1,0,1,0
6.728744545674702e-16,2.87682288329998,0.04493158319575058,-11.48340091428729
4.936130869128893e-15,2.558067047320911,0.05486633826080684,-17.12447588533272
1,0,1,0
1,0,1,0
1.028145822447522e-15,2.711015662004868,0.04982876179057061,-16.78869659210778
1,0,1,0
1.479358252984291,0.2697117442351242,0.3017626011308441,-22.00658103382975
1,0,1,0
2.804502661847769e-15,2.557827392652559,0.05487465721998291,-10.82180389082339
1,0,1,0
1,0,1,0
1,0,1,0
1,0,1,0
1,0,1,0
1,0,1,0
1,0,1,0
1,0,1,0
4.936130869128893e-15,2.444652528579823,0.05896299798180304,-33.584283612722
1,0,1,0
1,0,1,0
1,0,1,0
1.028145822447522e-15,2.25811307735162,0.06645796300568702,-13.7140988691239
3.503078249077031,5.375399481133243,0.01021133182724865,-37.28034541600788
1,0,1,0
1,0,1,0
9.682324783204268e-17,2.500212639998441,0.05691546384953455,-10.62656725605515
1,0,1,0
1.028145822447522e-15,1.820244810370479,0.08864206956758208,-11.25979269822581
1.285970544576827,0.05817267945749904,0.4047038796126556,-11.8943017206978
0.7166108496476914,0.1242441593738732,0.3622380890776522,-11.92435639119863
2.804502661847769e-15,2.389707337045841,0.06106824610755002,-16.59833916783462
1,0,1,0
9.682324783204268e-17,2.859721866607476,0.04541160072960554,-10.93649031736233
2.804502661847769e-15,2.173021788040835,0.07022500689042399,-19.79310508290032
0.8117958004241935,0.04659077033980807,0.4145527444857321,-11.85598134319976
1.447883260203961,0.2425389992270652,0.3111891499965764,-24.53389534384651
1,0,1,0
0.8003271751261336,0.05340830018862519,0.4086176413840005,-10.28563162665911
2.804502661847769e-15,2.74923829617336,0.0486503859473344,-17.6003921411815
1,0,1,0
1,0,1,0
1,0,1,0
1,0,1,0
1.028145822447522e-15,2.711015670843317,0.0498287615145126,-16.78929404152404
6.728744545674702e-16,2.876967209435048,0.04492755553186395,-12.82006550591007
9.682324783204268e-17,2.711062620902023,0.04982729511048467,-10.81766401562634
1.028145822447522e-15,1.820214570440459,0.08864386901806282,-10.44626159228632
5.840566125974614e-16,2.4636155694647,0.05825515939118731,-11.33742586150648
2.449231293967717e-15,1.593255752726414,0.10343079685759,-18.43750729481344
1,0,1,0
2.449231293967717e-15,2.444652485073831,0.05896299961662704,-19.34323005354296
1,0,1,0
2.804502661847769e-15,1.198194327117722,0.1368414365316307,-12.23939097421307
1,0,1,0
1,0,1,0
1.028145822447522e-15,1.198264600247803,0.1368344024541283,-12.28308221436913
1.40189311230425,0.2041269043878273,0.3257050740146867,-29.63307995224347
6.728744545674702e-16,2.10899226965082,0.07321786068920882,-11.02723748050833
9.682324783204268e-17,2.787847385016377,0.04749086976515993,-12.76776624092041
1.028145822447522e-15,2.55806655903563,0.05486635520889122,-9.722688578737307
1,0,1,0
1,0,1,0
1.028145822447522e-15,1.820219061585103,0.08864360176635316,-10.56570106581211
1,0,1,0
0.8126170458032116,0.04612427293703192,0.4149750280760272,-10.97383352914073
1,0,1,0
2.804502661847769e-15,1.198194327022293,0.1368414365411831,-19.23719390427306
1,0,1,0
1.028145822447522e-15,2.558407518511068,0.054854522114479,-10.82327735910186
1.028145822447522e-15,2.87664633294591,0.0449365106633941,-19.46163720888464
9.682324783204268e-17,1.476805828900694,0.1121374747756533,-13.7395334901059
0.8184308842388045,0.04293064954384462,0.4179279553827978,-13.8688166363991
1,0,1,0
1,0,1,0
1,0,1,0
1,0,1,0
1.028145822447522e-15,2.173101933898089,0.07022134798893881,-10.41833911259971
1,0,1,0
1,0,1,0
1,0,1,0
5.840566125974614e-16,2.876677754750169,0.04493563364734371,-10.78961717276258
6.728744545674702e-16,2.711067126940357,0.04982715437463503,-10.93692313361663
1,0,1,0
9.682324783204268e-17,2.771415402550197,0.04798063698634353,-12.78234649775482
1.028145822447522e-15,1.780348861427626,0.09105324708336354,-20.2478390207186
1,0,1,0
1,0,1,0
9.682324783204268e-17,2.876968120859562,0.04492753009827227,-10.12473618520667
2.287852447174094e-16,2.463615565769544,0.05825515952819937,-11.31965530567946
1,0,1,0
0.7387960799017856,0.1014672232405083,0.3750379815388793,-15.09565874284032
0.6997298207149709,0.1438958249525939,0.3522191730681032,-12.1945488727067
1,0,1,0
0.8108229562075174,0.04714794233618846,0.4140512694893936,-17.3368977633722
1.392796569407831,0.1967657214603804,0.3286721131690705,-24.62886876122818
1,0,1,0
1.028145822447522e-15,1.779992658528791,0.09107511399856483,-24.48376018546713
1,0,1,0
0.8187570635430087,0.04275414079413409,0.4180944524418179,-13.08248361953376
1,0,1,0
1,0,1,0
1,0,1,0
1,0,1,0
1,0,1,0
1,0,1,0
1.028145822447522e-15,1.820240295725103,0.08864233821237827,-11.14021530825153
0.8872413453050793,0.01487641540644802,0.4514618196678164,-19.79854223428561
5.840566125974614e-16,2.173100318433409,0.07022142173768742,-10.29808868562221
1,0,1,0
0.8373692229520727,0.0333857260264061,0.4275097977039731,-12.28076311063452