dN/dS,LRT,p-value,Log(L)
1,0,1,0
0.5431571705733493,1.381352151077763,0.1199354805623026,-33.16593739905417
0.1851654421789952,5.424201024585756,0.009929760176544289,-32.00993928408305
0.1808983316201683,5.626875337706622,0.008843566057702312,-28.83260284699112
0.8389349059038332,0.09800706456519492,0.3771172350942086,-39.99127720760558
0.3796003014228048,2.657279597981216,0.05153844524030349,-34.02427208555531
0.1629293700319812,6.63550813220148,0.004998283847776341,-13.83071878883493
9.555848176237971e-17,12.26037732000489,0.0002313389728524906,-12.08001700847149
1.208696791096554,0.2020684196244815,0.3265282160305607,-58.97665193775023
5.840566125974614e-16,9.609857987889949,0.0009676780431480125,-12.62252056966976
0.4756654131186568,2.15171061467656,0.07120557153120893,-41.19156661129813
0.54567983199454,0.9060739570582967,0.1705791319831606,-53.72782697636466
1.295342981120825,0.4297615240460289,0.2560529939965243,-72.59184547005162
3.17603086687411e-16,9.346286106054464,0.001117188985260698,-28.91152712006597
1.241398934357423,0.4079672833312884,0.2615015196416481,-75.40089764479735
0.8051285848606556,0.2018456613848798,0.3266175938907896,-53.17636193371437
0.6243482836512381,0.7818721286846397,0.1882845936137341,-45.60360701703171
0.1651865602118168,6.496200960847602,0.00540526224414406,-40.40889657470624
0.3857714021460054,3.83209411846763,0.02514003804758369,-29.76929363051625
0.869451487099092,0.1023845218129225,0.3744933323959747,-97.5200583043933
3.17603086687411e-16,11.05852182926301,0.000441402483099651,-23.81962328917346
6.728744545674702e-16,5.24782505075693,0.01098711035329164,-25.15605549538727
1.060667975813919,0.0211649485618608,0.4421652497439311,-56.74627011773005
6.728744545674702e-16,5.24752689969305,0.01098899319829039,-20.65412418547481
9.555848176237971e-17,7.158884515461239,0.003729678571820716,-12.1980297505591
1.04258607330493,0.008555970586044737,0.4631509955875157,-47.65853579330881
5.840566125974614e-16,12.09815945310058,0.0002523580973205486,-21.70036555790266
0.1808077536107334,5.631389539160558,0.008820820854094136,-20.75849624855683
0.4895901246964549,1.964904905415125,0.0804948588687367,-33.88035163897578
1.042692976389588,0.008595977268043953,0.4630651913124887,-76.92171723672158
0.2915284280817333,2.391917789903623,0.06098196210896728,-23.62100830133048
2.731941657024047e-16,12.26047870841512,0.0002313264039472962,-12.77501293514382
1,0,1,0
0.9346008194274207,0.01977875948773544,0.4440783672987055,-60.46339364299934
0.8376663254724203,0.1661924769744161,0.3417590416443982,-54.35922169525229
0.3360731153012674,3.536432050984352,0.03001723550251656,-22.66935183684487
1.749912253950073,1.568524720222698,0.1052106947773973,-57.84306838372139
0.4162236647231904,2.100193001626593,0.07364027345013335,-37.91374810793087
0.2814573916619584,2.567101320921694,0.05455374689422016,-24.15677770237835
1.186667182418717,0.1659133852679417,0.3418847736477131,-53.68731790008235
0.9529741954162183,0.01411502239770357,0.4527142661796087,-81.94014850624279
0.5422608047789543,1.389671160245783,0.1192303203462201,-42.81970979937599
0.8336912685756974,0.1053529072942894,0.3727490569065812,-42.01651104873342
0.7237588058940159,0.465913190214053,0.2474366623907875,-51.0789558718867
0.8378636248474194,0.09948069508672575,0.3762268562040284,-52.22366383380169
1.041535615649962,0.008150020286052495,0.4640333645558761,-53.23290966344633
0.4960906769040834,1.884903265294483,0.08488895232331611,-35.20464457604262
1.007129457914175,0.0002500228184203479,0.4936921436849704,-54.19637726088419
0.2138861592028712,4.260464869158085,0.01950462249290152,-21.2063499257421
5.840566125974614e-16,11.05842816581446,0.000441424782093025,-16.86031179663955
2.287852447174094e-16,7.158884926176306,0.003729677717804802,-12.20441987689872
5.840566125974614e-16,11.97646585690482,0.0002693833397670042,-18.1632276444695
0.7394806484317742,0.4031777990607139,0.2627263278813614,-44.683398012432
1.042069853933452,0.008355240604117853,0.4635845978479171,-46.85085544319156
0.8056535583739386,0.2005881643369776,0.3271232575165302,-57.96572075446934
0.4938890966536321,1.274744140314709,0.1294392827984672,-27.75904652034636
0.3307701339232323,3.66118131577678,0.02784706578037,-21.91260225065581
0.361952936304661,2.980469367994147,0.0421374149060621,-40.80365228891808
0.3616882994506853,2.985603173061278,0.04200399140851585,-31.97670833240905
5.840566125974614e-16,9.95082589325612,0.0008038862608096276,-11.87569969739785
1,0,1,0
0.5531525649015845,1.291928854607875,0.1278463957341517,-35.15588505639347
3.17603086687411e-16,11.0586161355334,0.0004413800322163874,-18.80786932985681
0.5584779383732406,0.8307437832569917,0.1810287722661654,-44.36162832637126
9.555848176237971e-17,9.950825845051174,0.0008038862818594006,-14.45264454121105
5.840566125974614e-16,8.100886236454599,0.002212181030517568,-21.524102430689
0.1843148253823007,5.46160982219736,0.009719364976202571,-51.47354069870438
3.17603086687411e-16,11.05867809988491,0.0004413652813928248,-12.53666802758785
0.4162312880099772,2.096967322089824,0.07379581189042433,-48.98190713724306
1.171484289650208,0.1660276451352729,0.3418332841942201,-57.4582428144238
5.114956077737342e-17,11.05867811347849,0.0004413652781569133,-12.53710342100366
0.6031040895995384,0.9127553000261628,0.169692206018574,-37.39332194331757
0.1807572195774081,5.633688392076493,0.00880926109211716,-45.96983970184585
0.7340646423674388,0.3182415723256042,0.2863331583940247,-32.05396797027715
0.3473520420996697,3.281431377371504,0.03503389757833397,-32.25750400313775
0.8713194605231885,0.09919537123033706,0.3763986824559363,-43.72387573787775
0.9932317788782968,0.0002780198859539951,0.4933483732248357,-55.27340552347677
0.5587535013284511,0.8291808048816733,0.1812547574266845,-50.1321294877797
1.751207773793514,1.572363967032587,0.1049320201662536,-56.9931120799039
0.9219728764925263,0.03384252799011733,0.4270210885626802,-59.71697915321425
1.29637619419405,0.4323106454259573,0.2554286612493349,-92.53886679814936
1.263596152712383,0.2530442312506409,0.3074698254446201,-72.41007224013767
1.29033002490777,0.4174940669281,0.2590950560214842,-94.24841113865277
0.189790141842457,5.20510687674367,0.01126031516539783,-23.53012406341531
0.3806757961885853,1.320549261627335,0.1252467496279644,-41.97602755121699
1.2192156386755,0.2571123782811924,0.3060554831985793,-104.9851419485418
3.17603086687411e-16,12.61708937556786,0.000191118024090331,-27.24927724796954
0.1805844945884037,5.64260736800999,0.008764559900942881,-21.34468373957513
0.2527337270864483,3.158965082337843,0.03775551957125772,-43.69317855836744
0.2525577429925547,3.163081072098976,0.03766045181785388,-35.23334708186484
1.028145822447522e-15,10.13014847917414,0.0007293182862878611,-32.67102894275124
6.728744545674702e-16,9.346363709090497,0.001117141679974065,-17.1705588776167
5.840566125974614e-16,10.79877007145214,0.0005078377637620091,-28.81739270816825
0.368852057010723,2.850715131797799,0.04566665095470634,-34.02635459503279
1.003538989004176,7.392483998103216e-05,0.4965699542594376,-49.29396903085476
1,0,1,0
1,0,1,0
0.1736112908514474,6.010781601157873,0.007109364016388342,-69.51435380361472
0.9818215120347196,0.002025905265611527,0.4820496462253764,-55.61026854596339
9.555848176237971e-17,8.100886239565646,0.002212181026720605,-11.131503081177
9.682324783204268e-17,11.97612336602876,0.0002694328561039794,-48.99952918604768
9.555848176237971e-17,10.53210903839662,0.000586591271431014,-11.74539714778466
3.17603086687411e-16,12.62117335401316,0.0001907009249348945,-12.84781225398322
3.17603086687411e-16,11.05861548435707,0.0004413801872337753,-11.43681578865575
0.3338983963682499,3.585711330110996,0.02913923064104651,-33.32441721836471
0.4982805793382858,1.857968660102465,0.0864297146238388,-29.21949830361374
9.555848176237971e-17,11.24637651699842,0.0003988930293906678,-12.03919592648682
6.728744545674702e-16,9.60969245762665,0.0009677652729096486,-38.83080492698182
5.840566125974614e-16,12.61741123671652,0.000191085118841805,-33.4671723911372
9.555848176237971e-17,7.912713916650919,0.002454428612147341,-13.96271756423453
0.3796494199170233,2.656320443072389,0.05156953895474686,-67.73005501688441
3.17603086687411e-16,12.61548275852142,0.0001912823609486192,-20.30213988429411
1,0,1,0
0.1843050858723634,5.462079290937929,0.0097167540619571,-22.94167849713698
0.7354048291992565,0.31429656580368,0.2875277655366028,-31.02746334508272
0.3688082970883531,2.851525019589239,0.04564365325936415,-31.20546399488158
1,0,1,0
6.728744545674702e-16,11.76079906702898,0.0003024562597208069,-55.41534381849202
9.555848176237971e-17,12.09448501787782,0.0002528559043961653,-10.66960451765218
9.555848176237971e-17,10.79876909768621,0.0005078380308931041,-13.1508542433271
1,0,1,0
0.3260096841953383,3.778950059148741,0.02595060928165638,-21.19342189048571
2.731941657024047e-16,6.858642715078368,0.004410676549496506,-28.19407487584055
1.028145822447522e-15,9.346262946697308,0.001117203103143671,-34.80431734590963
9.682324783204268e-17,7.914676082714898,0.002451767953473905,-17.93065766302054
0.9271943808265715,0.02927019972972289,0.4320783243727712,-72.65882959458101
0.6988917700641657,0.2899311330263714,0.2951323326284142,-52.33592061565742
0.3305970738037105,3.66534825340139,0.02777751608818169,-41.27572484930902
1,0,1,0
5.840566125974614e-16,11.24780699590298,0.0003985857266198822,-23.12700995690345
0.2009488822882845,4.736470738580053,0.01476479507012807,-50.45115520715413
5.840566125974614e-16,8.167667331652062,0.002132185739287917,-19.58859736824049
5.840566125974614e-16,8.167604847694278,0.002132259194187414,-25.43349922761093
1.028145822447522e-15,5.724092925610833,0.008366839288366512,-26.43701387414579
3.17603086687411e-16,9.950825893253445,0.0008038862608107933,-28.11572818599024
9.555848176237971e-17,7.158822769779725,0.003729806964304361,-18.78353266014917
1.028145822447522e-15,12.61531883489461,0.0001912991362998384,-46.15139106577307
0.1736443623033003,6.008972617642158,0.007116656134122656,-56.50427585567506
5.840566125974614e-16,5.723145139340069,0.008371356672775665,-27.16337758242306
0.3707598181285329,1.408437843639632,0.1176579466552078,-59.84900896132645
0.3614778533826497,2.98974818836507,0.04189659887020197,-26.80681788106143
6.771941737530898e-17,12.62104832112253,0.0001907136809832233,-24.82354688421023
0.1896978238229877,5.20925951411887,0.0112334507556644,-21.01981775160845
3.17603086687411e-16,11.90652787895855,0.000279687840602838,-12.0657584334714
9.682324783204268e-17,7.91467611700611,0.002451767907001412,-18.84769532238781
3.17603086687411e-16,11.05864736454983,0.000441372597981049,-12.02117639923677
0.4959722670162621,1.886414289055693,0.08480345466115713,-40.18582347667548
9.555848176237971e-17,9.950825893191357,0.0008038862608378827,-14.85810111628922
0.2080417677905965,4.466528124565343,0.01728257938302469,-49.51973106593199
0.3799162744640128,2.651846598245598,0.05171484275659921,-33.81406785001294
3.17603086687411e-16,12.62104786645952,0.0001907137273702286,-24.53157621203258
3.17603086687411e-16,11.76226993521087,0.0003022173482095658,-28.39191163414389
4.004733053112191e-17,11.97652863636176,0.000269374264291633,-12.03524367055917
0.3713327843120243,2.807020896680392,0.04692625766541131,-31.93986278663742
0.740974583585259,0.2980644526048621,0.2925491935746758,-37.21678636494252
1.738688558207614e-15,6.525174138446047,0.005317906761713176,-21.75743736321876
1.028145822447522e-15,9.950825893247853,0.0008038862608132358,-49.10792951267329
1.028145822447522e-15,5.388091463980714,0.01013731714760541,-39.58772729715648
1,0,1,0
9.555848176237971e-17,11.97655987391088,0.0002693697486682023,-12.72865265185849
5.840566125974614e-16,9.346397382364287,0.00111712115403978,-18.51269202329751
3.17603086687411e-16,10.7987700715066,0.0005078377637470766,-27.00227986638387
1.041932964546629,0.008302488347695203,0.4636994185427821,-42.54985193497589
3.17603086687411e-16,12.61725066242304,0.0001911015343275535,-30.7841277164195
0.1652282590837088,6.493521644378802,0.005413414503270653,-16.86243613828977
0.1843148585838516,5.461603151680663,0.009719402078992134,-64.65847141531293
5.840566125974614e-16,10.79877006959302,0.00050783776427199,-46.47118769573775
9.682324783204268e-17,7.914676120657191,0.002451767902053315,-31.46707806595754
0.1851962351966731,5.422737871644003,0.009938084324351726,-39.0216993946769
0.2468962502117114,3.297520390243278,0.0346922740992513,-22.88193263779362
3.17603086687411e-16,11.05839633285385,0.0004414323610074655,-29.66174916952279
1,0,1,0
0.1777117332814753,5.789605124214965,0.008060604968316842,-20.08735496130174
1,0,1,0
3.17603086687411e-16,12.09436935454006,0.0002528715903757361,-17.45588709145446
9.555848176237971e-17,6.858609635349062,0.004410758206173093,-12.90720100427231
0.1843148257728782,5.461609805129214,0.009719365071138908,-28.46309777781592
3.17603086687411e-16,11.51332112387985,0.0003454960568350929,-20.7856372272935
1,0,1,0
1,0,1,0
0.1736652339413928,6.007829338602605,0.007121268727497354,-26.24899765859443
0.166855436785696,6.39507541000604,0.005721868446015244,-14.84320895771497
3.17603086687411e-16,11.51332112394481,0.000345496056823047,-12.18586716688503
5.840566125974614e-16,9.346275043373993,0.001117195729018916,-42.4836392976672
0.1679694286805254,6.332176806495916,0.005928335015705111,-22.39611241441626
3.17603086687411e-16,12.62070438401557,0.0001907487744174374,-21.3354838196887
3.17603086687411e-16,12.61741139713268,0.0001910851024432003,-20.01811069909154
0.624816364406762,0.7794370173462255,0.1886566876246729,-32.59575390697385
0.1807187481545463,5.635857712394461,0.008798367022438192,-21.34442608150097
1,0,1,0
2.804502661847769e-15,5.389562061694804,0.01012877714513305,-61.05647861469364
5.840566125974614e-16,9.950825845081471,0.0008038862818461889,-11.59695905242515
1,0,1,0
9.555848176237971e-17,12.09703444148245,0.0002525104070790762,-12.70498956603596
1,0,1,0
2.287852447174094e-16,7.914170016472568,0.002452453888027006,-30.28834360600955
9.555848176237971e-17,12.61740815983511,0.0001910854333775358,-20.89529227795401
0.1851654407792611,5.42420110769433,0.009929759703929064,-23.0548133878103
0.3169631111999612,4.017325359205465,0.02251753992686167,-28.3925461368299
0.5428759167643156,1.383941784803909,0.1197154287714567,-47.96898297695392
0.158477650749015,6.92604182795607,0.004247474527326212,-38.8801713559471
9.555848176237971e-17,11.51332108399195,0.0003454960642488292,-14.76326518224168
0.1842834171950851,5.463120517542777,0.009710965947110184,-16.64383946344592
9.555848176237971e-17,11.51332112394481,0.000345496056823047,-11.8973261296912
3.17603086687411e-16,10.84469981448882,0.000495394700593732,-14.02386262391473
0.3829313090937333,1.301548988909261,0.1269652383921863,-36.11042373148283
0.1897368986853551,5.207283237141112,0.0112462274747453,-50.03146660275795
3.17603086687411e-16,8.100886240096223,0.002212181026073068,-12.05367579536003
3.17603086687411e-16,11.05845884042805,0.0004414174790867698,-16.29662725718313
0.1583965481545783,6.931474988008432,0.004234590718601272,-31.33298967829235
0.1630542783809938,6.62765260622999,0.005020374972231734,-13.47682932613127
1,0,1,0
0.2009175048249089,4.737711358080325,0.01475415078334891,-25.79326027823052
5.840566125974614e-16,12.62104816218207,0.0001907136971991408,-24.5331529774249
0.2008627120475707,4.739878712316617,0.01473557445955309,-22.30512945833496
0.2079601547499181,4.469548998590632,0.01725204901435845,-20.72424041662039
0.1897275170589691,5.207994415374017,0.01124162794217987,-15.14509670211067
3.17603086687411e-16,11.97643553238241,0.0002693877236277231,-25.09528608791389
1,0,1,0
1.069768560171956,0.02661644693937149,0.4352019466565303,-58.58096102937916
0.1807560666507091,5.634019500377264,0.008807597405561807,-24.36975018194725
0.361611214700797,2.987047170921926,0.04196654537517286,-40.31773988177971
0.326320437423104,3.769411853275088,0.02609899193664156,-42.26500890265262
3.17603086687411e-16,5.724800682547176,0.008363467583006878,-13.30058240843228
5.840566125974614e-16,11.24618488962195,0.0003989342139419372,-19.02828583421046
4.004733053112191e-17,9.950825845049696,0.0008038862818600667,-12.69570495783344
1,0,1,0
5.840566125974614e-16,12.09449486199348,0.000252854569406602,-38.14172751720563
6.728744545674702e-16,7.913696316643374,0.002453096129516774,-19.58518733819543
9.555848176237971e-17,12.09442271950935,0.0002528643530267938,-10.26228895163275
3.17603086687411e-16,9.346419678848701,0.00111710756316985,-12.42196161911469
0.6952464047079803,0.5977511082370199,0.2197186844638859,-50.52565345352414
5.840566125974614e-16,9.34639745038384,0.001117121112578057,-18.51532217188097
0.9231671494523255,0.03275084193253974,0.4281948017169205,-63.32792414712222
0.1807115032121679,5.636252269495522,0.008796387098378711,-17.14228730976131
2.731941657024047e-16,12.6174105878887,0.0001910851851684714,-14.29135384503758
0.2526723769060196,3.160398316679149,0.0377223866702473,-34.97375132259861
9.682324783204268e-17,9.346374731806996,0.001117134960907373,-31.15328591172416
6.728744545674702e-16,8.167417869903069,0.002132479016951683,-22.92977571524948
9.682324783204268e-17,9.950825893212951,0.0008038862608284458,-46.87503058665368
1.473447677126535,1.058008902515184,0.1518348739103361,-77.93068932162745
0.2563014923860566,6.152055707990087,0.006562972169620596,-25.67565867452356
3.17603086687411e-16,9.95082589325613,0.0008038862608096276,-20.02791684174788
1,0,1,0
4.004733053112191e-17,12.09976866589581,0.0002521403951275536,-12.01786954140062
9.555848176237971e-17,10.79876909882182,0.0005078380305815755,-14.49657478174119
0.6684200336704303,0.7442163985479056,0.1941567770088837,-35.54128131387861
1.613703947059454,1.958987235786765,0.08081083663190913,-85.8768593338189
0.3305497842800647,3.666658789985959,0.02775568023105685,-29.86783784480244
6.728744545674702e-16,7.158903508067773,0.003729639079960434,-19.39685313548832
0.1737130279678097,6.005216727421569,0.007131820937296363,-55.14052578641603
2.731941657024047e-16,6.858019493823825,0.004412215219289584,-12.9057034614734
1,0,1,0
5.840566125974614e-16,10.5320574492342,0.0005866076459513647,-31.44102642704445
9.555848176237971e-17,9.609835533992367,0.0009676898752489782,-11.75044827313282
9.555848176237971e-17,8.167698567142644,0.002132149020431406,-13.05097025700119
1.427314220793137,0.8999845389017622,0.1713929284617304,-53.82287198227748
1,0,1,0
0.1652282624815462,6.493521413082661,0.005413415207571215,-16.86219820284566
0.5696555500557987,1.153671054187384,0.1413909930072688,-34.99616268913627
5.114956077737342e-17,12.09896605655109,0.0002522489523478222,-12.70929948197339
6.728744545674702e-16,10.53174651294538,0.000586706347648458,-46.74443238583594
0.1629952299021996,6.63008497354658,0.00501352405081068,-20.42637821542796
0.5535302959473777,1.288642434919495,0.1281491417286724,-47.34597648156597
0.1897377390640487,5.207442832298327,0.01124519512623451,-27.41555291913268
6.728744545674702e-16,6.858346016850682,0.004411408998682975,-21.65131631860335
0.1843537508976581,5.459741892371795,0.009729760509045671,-64.57056950644157
0.166021237277007,6.445826306106056,0.005560665133407749,-29.56295705864594
0.6423747978724297,1.139333983239624,0.1428965521260142,-44.84203344300156
0.9063210530368697,0.04987303402127452,0.4116421757064463,-53.36067542323187
5.840566125974614e-16,11.5133211227794,0.0003454960570396515,-20.30978228340815
0.1852195648701699,5.421634543704855,0.009944366133028848,-42.32707546438094
3.17603086687411e-16,11.05849119707418,0.000441409775754853,-16.72808457547074
0.246488313599056,3.307608250923053,0.03447989506626881,-28.18874977831286
1.520853304596338,1.379589918610861,0.1200855057570454,-74.18842900271709
9.555848176237971e-17,8.100886240041053,0.002212181026140403,-11.53785889539683
2.731941657024047e-16,12.09458869351533,0.0002528418449939673,-18.96821589153116
5.840566125974614e-16,12.0945161216364,0.0002528516863479213,-18.35484591019243
5.840566125974614e-16,9.34643061436002,0.001117100897466805,-12.9376386756286
9.682324783204268e-17,7.914676137124403,0.002451767879736444,-19.1347679277118
4.730343101349462e-16,9.346419744617858,0.001117107523080363,-12.42406249922455
9.555848176237971e-17,8.100886240067865,0.002212181026107651,-19.02053800940388
1,0,1,0
1,0,1,0
9.682324783204268e-17,7.914349891511677,0.002452210058608517,-21.78727778675262
0.5009550919648933,1.826062505644629,0.08829666579582596,-35.86328690169506
0.4964561842653211,1.880421250696415,0.08514313882147628,-36.74417097790527
5.840566125974614e-16,9.609868831377092,0.0009676723292155187,-13.13688253368634
9.555848176237971e-17,9.9508258450497,0.0008038862818600667,-12.69544677335897
2.731941657024047e-16,9.346397446687096,0.001117121114831476,-11.32371851232138
1.028145822447522e-15,10.84469981413582,0.0004953947006881565,-107.0265389510966
6.728744545674702e-16,9.346386134274269,0.00111712801040087,-24.62570673697812
6.728744545674702e-16,11.76252942087433,0.0003021752200161876,-43.42030142890442
9.555848176237971e-17,12.62111162577173,0.0001907072224377471,-19.12208814367403
3.17603086687411e-16,11.05861559738378,0.0004413801603269096,-25.61108663807223
1,0,1,0
9.555848176237971e-17,11.90659071661523,0.0002796784058525237,-13.16815278334888
3.17603086687411e-16,12.6166073428412,0.0001911673150579718,-22.36770291960809
6.728744545674702e-16,7.333680396030374,0.003383717169805178,-44.96018252284486
5.840566125974614e-16,11.05855371146217,0.000441394892981728,-17.71013441891288
2.449231293967717e-15,6.555947904016193,0.005226706869515263,-37.21046748827735
3.17603086687411e-16,10.79876953646495,0.0005078379105238895,-20.75196030397467
1,0,1,0
6.728744545674702e-16,10.84469981473427,0.0004953947005280623,-47.2114418423747
2.287852447174094e-16,7.914676109232715,0.002451767917536152,-18.58391499287347
2.731941657024047e-16,8.167635904246069,0.002132222684400109,-11.9505034373518
5.840566125974614e-16,11.05827149563355,0.0004414620840054173,-48.06928139568414
1.116340253784429,0.04662166441872273,0.414524856767098,-65.11669092215178
0.1806700450019267,5.638312129993515,0.008786057992170915,-21.36013177125064
9.682324783204268e-17,5.390853866233527,0.01012128156348652,-22.64789320705273
0.1653461682560645,6.486302821425966,0.005435441781560524,-21.17345569585185
9.555848176237971e-17,8.100886240041053,0.002212181026140403,-11.53786284731391
1.38921393665301,0.4846123514325313,0.243170252767506,-65.86866260987932
9.555848176237971e-17,12.26211847053996,0.0002311232218017989,-12.77398635703929
5.840566125974614e-16,12.10073465713339,0.0002520098021579487,-38.51100613007733
1,0,1,0
1,0,1,0
2.804502661847769e-15,9.346252723681346,0.001117209335124769,-103.6078003930952
3.17603086687411e-16,11.97640417487059,0.0002693922568982043,-17.20688326448295
3.17603086687411e-16,12.6137114742855,0.0001914637064107105,-13.90943579050652
0.4160964235258691,2.101896490681952,0.07355828253538998,-32.83288746816807
0.2448250807605409,3.35098368831256,0.03358243273592926,-29.90467613712373
9.555848176237971e-17,12.09848633641426,0.0002523138595939556,-24.59976041649015
5.840566125974614e-16,12.62111080987378,0.0001907073056768849,-18.69064333138094
3.17603086687411e-16,11.0585539201463,0.000441394843301246,-17.42413914116467
1,0,1,0
5.840566125974614e-16,11.90266051517389,0.0002802691242348998,-41.35289438002022
0.1852209895694177,5.421564298341607,0.009944766214707634,-30.11979746844128
0.3619976939757935,2.979621057623525,0.042159505878332,-30.22985282820574
6.728744545674702e-16,12.62079983978025,0.0001907390339878079,-56.58133813598427
0.3796339402437933,2.656706910910017,0.05155700803971514,-36.52717277545204
1.206034572080051,0.1975282448788107,0.3283617083198234,-75.71956083996058
9.555848176237971e-17,12.61741131025739,0.0001910851113240408,-16.15899002359431
0.1668668970212374,6.394327812424791,0.005724278606753674,-26.82525000500207
1,0,1,0
0.3169160113354544,4.018708484981531,0.02249907980387145,-35.01281509571523
1,0,1,0
0.3688679702508189,2.850413118045452,0.04567523020321224,-31.36186708127514
1.365107752527956,0.4368487326075012,0.254323686346513,-74.2528065842188
0.7573337683757058,0.2544393786349417,0.3069831882469482,-39.68172269151082
0.1806967215482271,5.636939642464007,0.008792938895502256,-19.14505033607642
2.287852447174094e-16,12.09767722334126,0.0002524233726641234,-17.9028681811402
1,0,1,0
9.555848176237971e-17,11.05839695199906,0.0004414322135977145,-16.7286193649685
5.114956077737342e-17,12.09703444143691,0.000252510407085238,-12.70498984944833
0.3686670350426793,2.854145699463288,0.0455693221822136,-29.71827045977042
9.682324783204268e-17,10.53207803092968,0.0005866011132178439,-18.73487549849261
5.840566125974614e-16,12.0984809430349,0.0002523145894264833,-27.74903890962114
9.555848176237971e-17,8.167667824902185,0.002132185159443134,-12.53536483014501
9.682324783204268e-17,6.862760384788892,0.004400524236337078,-30.6528490868664
0.2449115210640414,3.348843412707438,0.03362612539997401,-16.85695333091293
0.1897214568616243,5.2082169444386,0.01124018913982555,-14.03000793968129
5.840566125974614e-16,8.100886240055893,0.002212181026122306,-24.43452832316415
0.3180184757062138,3.98906055594037,0.02289829576022356,-50.49356798983559
0.5425680491518461,1.386826758511475,0.119470857983991,-31.40737850361276
9.555848176237971e-17,12.61741137950725,0.0001910851042449258,-11.59620151508425
0.1843148261217049,5.461609925119188,0.009719364403731279,-15.31758783463
1,0,1,0
1,0,1,0
3.17603086687411e-16,12.61724868700074,0.000191101736283561,-13.91750143606967
3.17603086687411e-16,11.24631531465985,0.0003989061825288021,-18.3334406772618
0.2008655425564109,4.739768145127222,0.01473652153740057,-27.70750372623683
1,0,1,0
0.1669232937260071,6.390933755219649,0.005735233732129086,-32.92995828933724
1.041575898249862,0.008165545118529849,0.4639992177932407,-43.6045805044715
1.845440038192397,3.390619604066615,0.03278415265761997,-91.93506465262995
3.17603086687411e-16,6.858905791950622,0.004410027204377331,-11.80692348176968
1.028145822447522e-15,11.25379171508212,0.0003973026508216071,-68.60165768300519
1.087198968397835,0.04091803514603498,0.4198481088328537,-72.22512504473703
9.555848176237971e-17,12.61741067843294,0.0001910851759125975,-29.99235974573743
3.17603086687411e-16,8.167667809568556,0.002132185177468715,-12.53487361130612
4.730343101349462e-16,12.09455756196839,0.0002528460666448851,-25.36060471831257
1,0,1,0
0.2079768398099758,4.468924421608484,0.01725835665508185,-26.52669477356735
1,0,1,0
3.17603086687411e-16,12.62107966937133,0.0001907104827056916,-11.22759971690737
5.840566125974614e-16,10.79876951864433,0.00050783791541259,-51.33516971927221
5.840566125974614e-16,11.05849049922192,0.0004414099418951212,-30.35582324797995
9.555848176237971e-17,12.09703440944878,0.0002525104114172727,-12.70518898805877
1,0,1,0
0.8052872133045356,0.2014648299289519,0.3267705332607058,-54.85828208203264
1.431085686878705,1.026995073974263,0.1554327424204375,-87.97144455650054
0.40203251826023,2.300506289201756,0.06466591815803818,-23.49442690009355
9.555848176237971e-17,12.6211420994718,0.0001907041134907583,-12.15430432424355
0.1807540166545899,5.633911437895748,0.008808140340586468,-53.83403009161039
2.371223033566652,7.386708401935408,0.003285381359890815,-105.2333177103537
3.17603086687411e-16,8.167542072090185,0.002132332994534469,-31.27519282859917
1.165740926678227,0.0892653283792697,0.382556612102163,-37.62482098312648
1.474100666798265,1.192129215200509,0.137450244398956,-69.50876873239257
0.1897285672146852,5.207845000119534,0.01124259412091222,-32.93772015871668
3.17603086687411e-16,7.158915628498747,0.003729613877831217,-12.89441083836839
0.1583656209373281,6.933268349858565,0.004230346852078459,-45.46154816034846
0.4156307548629941,2.107518609022861,0.07328841346577253,-64.0361356514223
0.9210971920694403,0.0346488672655596,0.4261666787728922,-42.10459995999203
0.8273505552914807,0.1910820739531545,0.331008769343215,-59.24711008243458
0.9805771240879627,0.002316318375193305,0.4808070577226581,-55.89441024905768
0.9077539199913606,0.04825955602578347,0.4130599661424604,-53.26474085479187
0.1652338802877951,6.492311234661429,0.005417101507904476,-161.9198908141786
1,0,1,0
3.17603086687411e-16,6.861147514334725,0.004404497993328538,-20.62454876363017
2.287852447174094e-16,12.0975165348828,0.0002524451274802386,-19.69487911341971
5.840566125974614e-16,8.100886240000875,0.002212181026189419,-24.1721437276292
9.555848176237971e-17,11.97637196245338,0.000269396913840203,-23.7193399577801
5.840566125974614e-16,12.61560438980057,0.0001912699146023322,-37.42050317826442
5.840566125974614e-16,11.97640453813074,0.0002693922043822128,-31.88497914009708
4.730343101349462e-16,8.167636590549957,0.002132221877594986,-11.84183326689819
2.804502661847769e-15,10.84469983832977,0.0004953946942155563,-120.4962037687137
6.728744545674702e-16,7.158903248971896,0.003729639618702874,-26.19348274053593
3.17603086687411e-16,11.90652800904298,0.0002796878210709619,-12.06730116648579
2.287852447174094e-16,10.79876911073075,0.0005078380273146332,-27.83594952980438
1,0,1,0
9.682324783204268e-17,5.387980767397728,0.01013796028218289,-22.54380980916786
9.555848176237971e-17,9.950825845049696,0.0008038862818600667,-12.6958776611168
3.17603086687411e-16,12.61692731997156,0.0001911345938938047,-13.91695467870747
0.3706494640313237,1.409475011656667,0.1175717819467123,-45.25818793055231
0.6345436461782654,0.9667042388433629,0.1627517549691978,-79.62242440305475
9.555848176237971e-17,9.346419681008417,0.001117107561853403,-12.4221560639604
5.840566125974614e-16,12.25360417555893,0.0002321801878384377,-20.91894289531151
5.840566125974614e-16,11.24631482724728,0.0003989062872815641,-10.9395682320005
3.17603086687411e-16,10.79877007150661,0.0005078377637470766,-14.12327605764291
5.840566125974614e-16,9.346430597895747,0.0011171009075025,-12.93679710457409
9.682324783204268e-17,8.167541534159852,0.002132333626948146,-24.32536441707779
1,0,1,0
0.3688220126613297,2.851272768568208,0.04565081486846484,-21.14491658366229
3.17603086687411e-16,12.09429861036596,0.0002528811850120438,-16.8460412493625
2.804502661847769e-15,5.390937599271993,0.01012079590797643,-42.05922809893377
3.17603086687411e-16,9.609868918371181,0.0009676722833744655,-13.13830713764844
9.555848176237971e-17,11.24669788589251,0.0003988239704402763,-12.04010874289769
3.17603086687411e-16,12.61467408331555,0.0001913651322437149,-27.50302477125831
6.728744545674702e-16,6.594308412605997,0.005115264452963286,-35.42260719365242
0.3704060136647406,2.823969117071286,0.04643325129182385,-57.06100309927879
0.3796065934907186,2.657055399264692,0.05154571143676057,-39.03698974533651
9.555848176237971e-17,12.09461971217437,0.0002528376387222475,-12.57443976023868
0.7238446539503208,0.465543313198765,0.2475223147894455,-58.15347095408734
1,0,1,0
0.6253370422540986,0.7763186672745235,0.1891346960878661,-55.23252771666211
1,0,1,0
0.2398482325906106,3.746642595172375,0.02645684755319466,-25.12854360119924
6.771941737530898e-17,11.97649717233609,0.0002693788127312025,-25.79896522832902
3.17603086687411e-16,12.61370954977368,0.000191463903538025,-18.50951251508214
9.682324783204268e-17,11.97649737609581,0.0002693787832754868,-18.57241460403137
0.3340623411385618,3.581874344931052,0.02920660399004615,-37.92142217301292
0.3272799487636891,3.742370112380399,0.02652457333503527,-61.70020111016932
1.028145822447522e-15,7.912391763328003,0.002454865726791433,-41.21090424678888
6.728744545674702e-16,8.16760535637745,0.00213225859617916,-18.62866314778314
3.17603086687411e-16,9.346341367635215,0.001117155298678119,-10.33955316587886
3.17603086687411e-16,12.6174113881677,0.0001910851033596339,-18.38476547907194
0.3687113531860358,2.853315157532563,0.04559286483934466,-34.63942820311696
0.543053505641642,1.382319334748942,0.1198532375492282,-36.98678706388117
0.6691490919681665,0.739910633587769,0.1948447534571593,-39.89738528496646
0.3168233200915143,4.021163227272098,0.02246635639949662,-24.83339077310372
0.6027105894166304,0.915332108196111,0.1693518003266861,-29.58789013097045
0.5531370701004317,1.292066794779487,0.1278337079384137,-44.1653605985255
0.9523630363424244,0.01449676807824574,0.4520821455655242,-54.10350579726138
1,0,1,0
1.028145822447522e-15,7.913813110405627,0.002452937764801433,-51.67526942890798
1,0,1,0
0.1851654463114991,5.424201110341528,0.009929759688875217,-30.04606869330338
9.555848176237971e-17,12.62114209200424,0.0001907041142525934,-12.1541848299904
1,0,1,0
1,0,1,0
0.1652283015474214,6.493570705790205,0.00541326511259016,-16.2871997578318
0.3492743850707625,1.620771633365642,0.1014921139753628,-18.89499840995865
5.840566125974614e-16,10.79876909802012,0.0005078380308015107,-31.11564272714647
3.17603086687411e-16,8.167605529263831,0.002132258392933906,-25.86321218336646
0.8062680639768868,0.199123309329778,0.3277147089852475,-49.25225859480383
0.2079831594538357,4.468685621503226,0.0172607689488809,-33.59926706458961
1,0,1,0
0.3796123408796686,2.657082791070543,0.05154482361847013,-28.32487106084663