dN/dS,LRT,p-value,Log(L)
1,0,1,0
1.021584535859842,0.0004511897969230461,0.4915266129714415,-11.35084976655449
1,0,1,0
1,0,1,0
1,0,1,0
1,0,1,0
1,0,1,0
2.449231293967717e-15,2.189495668575397,0.06947740359991472,-11.83609018419187
1,0,1,0
2.804502661847769e-15,1.703302344479258,0.09592833411247531,-10.89804620612171
0.8857712474218906,0.01530706679927363,0.4507678023824978,-11.77155640236585
1,0,1,0
5.840566125974614e-16,1.933165249078261,0.08220628321674084,-11.32776953915938
1,0,1,0
2.174321610381257,1.416700039733499,0.1169736624685918,-24.98965142096338
1.13185551921209,0.01469982526985802,0.4517493480889668,-27.18150741901512
1.028145822447522e-15,1.703302367317637,0.09592833262300432,-10.89881519725783
1,0,1,0
1,0,1,0
1.028145822447522e-15,2.054437915476719,0.07588162548990701,-24.34384497498733
1,0,1,0
1,0,1,0
0.9119544429542314,0.008744568996291946,0.4627482494554955,-11.0513497303552
1,0,1,0
1,0,1,0
1,0,1,0
4.936130869128893e-15,2.176306265739193,0.07007523575112728,-20.25454100137851
9.682324783204268e-17,1.952961710523617,0.08113402773080181,-9.539979764475733
0.9133781200683484,0.008446562945646718,0.4633866861178658,-10.97603185600601
2.355907686213435,1.12261245899456,0.1446783093411325,-23.7616869121761
1,0,1,0
1,0,1,0
1,0,1,0
1.971768918628906,0.5070195182781276,0.2382159690474064,-28.9685761870763
0.9416336508048064,0.003683520689335751,0.4758022455200153,-17.84483928083487
1,0,1,0
1.631761168796818,0.2046277101162453,0.3255055693075654,-10.92073793005935
1,0,1,0
1,0,1,0
2.234430553675031,1.004716587081326,0.1580859585296204,-17.74933861643749
0.8869852800428014,0.01494999742067193,0.4513425230311697,-15.11536226460198
2.044768590298937,0.8151988853225021,0.1832938245359461,-22.33200522954834
1,0,1,0
1.021584535859842,0.0004511897969230461,0.4915266129714415,-11.35084976639139
1,0,1,0
1,0,1,0
0.9275864359252127,0.005784381138195016,0.469687623230459,-11.55631017110109
1.028145822447522e-15,1.771734400127404,0.09158378950672486,-12.98879008818469
1,0,1,0
1.028145822447522e-15,1.959507732943191,0.08078298769634634,-9.447437576749527
2.804502661847769e-15,1.242689686666086,0.1324766573258408,-11.00441936725989
2.804502661847769e-15,2.125286287150253,0.0724428535193582,-17.38794462457293
1.035671145283669,0.001212291282282507,0.4861124442503927,-12.07372166798896
1.174315091509797,0.02444352522574178,0.4378808384539495,-11.57702084591701
1.134295020781293,0.01520065806793269,0.4509383539659277,-13.03957353993411
1,0,1,0
0.9301391984329191,0.005364162966646546,0.4708073906741579,-11.25807752584823
9.682324783204268e-17,1.959559226216282,0.08078023316996941,-10.64138312450332
1,0,1,0
1,0,1,0
1,0,1,0
1,0,1,0
1,0,1,0
1,0,1,0
1,0,1,0
1,0,1,0
2.804502661847769e-15,1.933165249078257,0.08220628321674106,-17.34849211230339
2.804502661847769e-15,1.959559214362198,0.08078023380406679,-10.64089028618878
1.175372723015312,0.02471093734806118,0.4375447454765449,-11.92109181346035
0.9416135944403476,0.003686238002970299,0.475793332845475,-11.28887555662544
1,0,1,0
9.682324783204268e-17,1.771734403051187,0.09158378932604949,-11.20684501825088
1.023175882152103,0.0005191333234506601,0.490911087035211,-20.49646099813418
2.816294841410922,1.559046922911492,0.1059024118572293,-16.66345635136786
0.9744261069171521,0.0006759789228105717,0.4896288308769522,-11.97712447249135
1,0,1,0
2.76996841481261,2.273043410125261,0.06582058298165466,-22.07813742405391
3.230068623990546,1.923552661605221,0.0827327728176388,-28.42694669278928
1,0,1,0
1.031580256292764,0.0009552285648979364,0.4876719445549226,-18.75089692289879
2.078490556370423,0.849251746988962,0.1783820505800319,-21.11385179486449
1.4363879779366,0.116463393555378,0.3664511683857957,-19.53913605931701
2.063084993014789,0.8339059295900952,0.1805727575005358,-18.25373686403226
1.069435325985122,0.004397770186571393,0.4735632476178925,-20.74340833949075
1,0,1,0
2.934491168833707,2.498091606956791,0.05699217300758774,-31.23824480326969
1,0,1,0
1,0,1,0
1,0,1,0
1,0,1,0
4.936130869128893e-15,1.794204572326073,0.09020735797598772,-18.02403051756537
1,0,1,0
1,0,1,0
2.449231293967717e-15,1.933165249078257,0.08220628321674106,-9.845796400196827
2.825505527476861,2.349098106527727,0.06267775681319732,-22.06779357363239
1,0,1,0
1,0,1,0
2.804502661847769e-15,2.054437915476719,0.07588162548990701,-10.72842427548684
1,0,1,0
1,0,1,0
2.449231293967717e-15,2.125210841171352,0.07244642065349155,-30.4675733427698
1,0,1,0
1,0,1,0
1,0,1,0
0.9419342969725397,0.003644176895281959,0.4759316631705741,-11.43165011439307
1.943201613889416,0.7141334599410314,0.199037504583822,-17.74618295649357
1.028145822447522e-15,2.008089789826744,0.07823110730185739,-10.75375894993059
1,0,1,0
1.028145822447522e-15,2.259726084105058,0.06638877230232343,-11.12117555406339
1,0,1,0
1.028145822447522e-15,1.875040330544522,0.08544945947175386,-9.664721765043828
1,0,1,0
1,0,1,0
1,0,1,0
1,0,1,0
1,0,1,0
1,0,1,0
9.682324783204268e-17,2.088724692047698,0.074194949191423,-10.96465671495791
1,0,1,0
1.028145822447522e-15,1.91547723316798,0.08317805299464004,-11.56622250950581
1,0,1,0
0.9123646811865475,0.008658061016461716,0.4629324350573326,-11.7448198201357
1,0,1,0
1.028145822447522e-15,1.651354072791349,0.09938736738988163,-10.3488934176489
9.682324783204268e-17,1.393232707230155,0.1189299653059762,-10.31767895249484
2.096336546808953,0.867803593730855,0.1757820426273649,-21.13818141878227
2.804502661847769e-15,0.9886625811684056,0.1600347356063975,-11.44819876876364
0.9276069887498043,0.0057807406981496,0.4696971450113393,-24.47338640758586
1,0,1,0
1,0,1,0
1.028145822447522e-15,1.771734403051187,0.09158378932604949,-11.20664283788086
9.682324783204268e-17,1.420247822350635,0.116681308553628,-11.15529836283368
1,0,1,0
2.804502661847769e-15,0.9883569904555394,0.1600721361199079,-10.34640131147757
1,0,1,0
1,0,1,0
2.804502661847769e-15,2.25846991288234,0.06644264943752554,-17.05664064522556
6.728744545674702e-16,2.054437915476726,0.07588162548990668,-11.51599660281411
1,0,1,0
1,0,1,0
1,0,1,0
9.682324783204268e-17,2.242262726612701,0.06714217436459219,-10.95021892935436
1,0,1,0
1,0,1,0
1,0,1,0
1,0,1,0
1.842790461563968,0.6143760247943675,0.2165724505075287,-16.38730794468443
1,0,1,0
1,0,1,0
2.804502661847769e-15,1.875080587114009,0.08544716308522604,-10.54709867615089
1.028145822447522e-15,2.242214615890269,0.06714426310798066,-16.81374940593287
9.682324783204268e-17,2.091514665450344,0.07405957654232082,-10.97195458194852
9.682324783204268e-17,2.125286272388191,0.07244285421729857,-10.13806957300183
1.028145822447522e-15,1.915477232929756,0.08317805300781611,-14.13466308260609
1,0,1,0
4.936130869128893e-15,1.159175301466334,0.1408183206875271,-14.13612966306253
5.840566125974614e-16,1.771734403051187,0.09158378932604949,-10.5128955651484
4.936130869128893e-15,0.934331399712832,0.1668699685606867,-12.03825587090691
1,0,1,0
1,0,1,0
1,0,1,0
1,0,1,0
1.175374705132566,0.02471140301103603,0.4375441618444584,-11.57574227383949
6.728744545674702e-16,2.259586662096783,0.06639474969871623,-13.05805595438998
0.9274072282976425,0.0058145629411257,0.4696087967657365,-12.95926776459609
2.449231293967717e-15,1.933165249078257,0.08220628321674106,-10.54012152074112
1,0,1,0
2.804502661847769e-15,1.393232722022429,0.1189299640604108,-11.32356737526595
1,0,1,0
1,0,1,0
1,0,1,0
1,0,1,0
1,0,1,0
1,0,1,0
1,0,1,0
1,0,1,0
1.028145822447522e-15,1.933165249078257,0.08220628321674106,-11.32713850551114
1,0,1,0
1,0,1,0
1,0,1,0
1,0,1,0
1,0,1,0
1,0,1,0
1,0,1,0
1,0,1,0
1,0,1,0
6.728744545674702e-16,2.259726084291611,0.06638877229432572,-11.21472004593321
1,0,1,0
1,0,1,0
1,0,1,0
2.804502661847769e-15,0.9341977707668505,0.1668872536924,-17.25256344216963
1,0,1,0
1,0,1,0
1,0,1,0
1,0,1,0
1,0,1,0
1,0,1,0
1,0,1,0
0.8927572993688551,0.01334681068825105,0.4540131565098704,-11.8449682473389
1.021610182817205,0.0004522367953896378,0.491516788783474,-18.15824978722729
0.8858775047064068,0.01527623614592244,0.4508171555599531,-18.20755167320531
1,0,1,0
1,0,1,0
1,0,1,0
1,0,1,0
2.249799454030541,0.5099966079199092,0.2375701622675389,-19.85504034157044
1.067675468923557,0.004187066913949877,0.4742034260461799,-11.91650892229772
1,0,1,0
1,0,1,0
2.287852447174094e-16,2.259726084291934,0.06638877229431184,-11.21478466318383
0.9133209978315148,0.00845838666641896,0.4633611410601832,-11.38361077999947
1,0,1,0
1.131853598213508,0.01469950354555039,0.4517498735230535,-22.74343095082311
1,0,1,0
1.130166402404193,0.0143545576676587,0.4523166291314279,-17.63588914397236
1,0,1,0
1.067475860963732,0.004163469631258465,0.4742761192248089,-11.22333028282494
2.804502661847769e-15,2.125307044398284,0.07244187213810582,-10.7384225343985
1,0,1,0
1,0,1,0
1.023185892447853,0.0005195880076342974,0.4909071083221204,-14.32500334362336
1.021584533298428,0.0004511886552087674,0.491526623690587,-11.35064739685522
1,0,1,0
1,0,1,0
1,0,1,0
1,0,1,0
1,0,1,0
9.682324783204268e-17,2.157789006461304,0.07092433431677408,-11.07391897958813
1,0,1,0
1,0,1,0
1.028145822447522e-15,1.651361482565214,0.09938686368443056,-10.94850397212212
1,0,1,0
1.028145822447522e-15,1.651352888713603,0.09938744788201054,-10.25454912258986
1.035265898127412,0.00118552738413058,0.4862665371747788,-11.43007807445641
1,0,1,0
1,0,1,0
1.442352044666071,0.1189906585592482,0.3650658951530621,-19.5468979816935
2.804502661847769e-15,1.651354072790504,0.0993873673899392,-10.34889336872677
1,0,1,0
1.028145822447522e-15,1.771734403051184,0.09158378932604971,-11.11260306102839
1.035233456213159,0.00118339237636178,0.4862789041130838,-18.53559389456286
1,0,1,0
1,0,1,0
1,0,1,0
1,0,1,0
1,0,1,0
1.887950431380605,0.6591171722626115,0.2084358939009662,-16.15753539126156
3.831889654306215,4.818798003106657,0.01407548486916427,-28.65571881841104
0.9197783367000097,0.007179253762323867,0.4662378329045536,-20.08042502981017
1,0,1,0
1,0,1,0
2.804502661847769e-15,1.223268880511053,0.1343600428382435,-11.32337376116422
1,0,1,0
4.0479524494288e-15,1.875064269747789,0.08544809388078506,-17.1777831400195
1,0,1,0
2.804502661847769e-15,1.420247827223697,0.1166813081526717,-11.15550093179916
0.9972494084102781,7.668145546091409e-06,0.4988952737224298,-10.49716624697789
1,0,1,0
1,0,1,0
1.028145822447522e-15,1.87508832149701,0.08544672189497032,-10.7652947367065
1,0,1,0
4.936130869128893e-15,1.875064158000505,0.08544810025525318,-17.17609442466261
1,0,1,0
1,0,1,0
1.067793838484122,0.004200953922541828,0.4741607422091301,-18.11471313297954
1,0,1,0
1,0,1,0
0.9275309046230271,0.005793712878364943,0.469663229280432,-14.06044856828773
0.7224294606215991,0.1179959112787969,0.3656091661339446,-14.37519600433843
3.080732857078393,2.690059228702978,0.05048803033972393,-25.73955111567848
5.840566125974614e-16,2.054437915476729,0.0758816254899064,-11.51561678865934
1,0,1,0
1.028145822447522e-15,1.95953183251666,0.08078169852606376,-9.853469458972166
1,0,1,0
1.908262003867846,0.6797935581602275,0.2048289103643303,-18.34243011839424
1,0,1,0
9.682324783204268e-17,2.157765050657076,0.07092544025842495,-10.38051430339361
2.449231293967717e-15,2.157781289629568,0.07092469056926493,-10.85645268506955
1,0,1,0
1,0,1,0
1,0,1,0
2.804502661847769e-15,1.432769894417245,0.1156564608803821,-10.75880220980967
1,0,1,0
1,0,1,0
1,0,1,0
0.9411144124712444,0.003752155356561815,0.4755781280615749,-11.63824693640968
1.028145822447522e-15,2.15778129387062,0.07092469037347321,-10.85663008465214
1.028145822447522e-15,1.703303526553562,0.09592825702011076,-10.99199483615581
1,0,1,0
1,0,1,0
2.804502661847769e-15,1.933165247631749,0.08220628329567892,-17.86741909452166
1.028145822447522e-15,1.651354074295611,0.09938736728762393,-10.34898094654637
9.682324783204268e-17,2.091235709277633,0.07407309925185745,-10.97122492220251
1,0,1,0
1,0,1,0
1,0,1,0
1,0,1,0
1,0,1,0
1.028145822447522e-15,1.29922438720768,0.1271774734323913,-11.5392070886131
1,0,1,0
4.936130869128893e-15,1.160524134191689,0.1406784331006641,-13.66543936089133
2.804502661847769e-15,1.915477266137675,0.08317805117109744,-11.78079753170631
1,0,1,0
2.804502661847769e-15,1.933165247639458,0.08220628329525814,-19.63990560134066
2.804502661847769e-15,1.39323271629592,0.1189299645426045,-10.62966348178819
1,0,1,0
1,0,1,0
1.610219457638781,0.1944534546763421,0.3296178036704897,-14.90356518007427
1,0,1,0
1,0,1,0
1,0,1,0
1,0,1,0
1,0,1,0
1.028145822447522e-15,2.191217350337304,0.06939978859193296,-12.5303632184248
9.682324783204268e-17,2.176166566988204,0.07008159866175723,-13.24835720853136
1,0,1,0
1,0,1,0
2.804502661847769e-15,1.651328253548513,0.09938912256717375,-37.2577944870849
1,0,1,0
1,0,1,0
1,0,1,0
9.682324783204268e-17,1.420247827221289,0.1166813081528699,-11.15550083151826
1,0,1,0
1,0,1,0
1,0,1,0
1,0,1,0
5.840566125974614e-16,2.120765425448667,0.07265695254162574,-12.05126338745111
2.449231293967717e-15,1.915477306798099,0.08317804892218333,-12.25665424352147
1.023143037510224,0.0005176938718278734,0.4909236944628514,-13.79142859778518
1,0,1,0
1,0,1,0
1.128605071320927,0.01403437999098145,0.4528489043266728,-17.53950183671656
1,0,1,0
1,0,1,0
1,0,1,0
1,0,1,0
1,0,1,0
2.077904887086697,0.8486708768298641,0.1784643062021676,-20.57493292863126
1.539308850202594,0.1616948032866219,0.3438004610602979,-13.17744119411747
1.437238547056027,0.1168227260930124,0.3662531896332338,-11.89822441469055
1,0,1,0
1.028145822447522e-15,2.176585160171349,0.07006253478335722,-9.733879448061073
1,0,1,0
1,0,1,0
1,0,1,0
1,0,1,0
5.840566125974614e-16,1.875080591359023,0.08544716284307829,-10.54727624130708
4.936130869128893e-15,2.177282661627046,0.0700307815920978,-19.3134478366582
2.804502661847769e-15,1.420244510448757,0.1166815810578166,-11.06157816827196
2.804502661847769e-15,1.223424205667786,0.1343448478350728,-13.20019694620244
1.414370055274109,0.1072596912246411,0.3716428849955128,-13.33051079068403
1,0,1,0
9.682324783204268e-17,1.432769894396397,0.1156564608820793,-10.15851942950056
6.728744545674702e-16,2.259726082129909,0.06638877238699892,-10.52116112737154
1.021481810676249,0.0004469611763333603,0.4915664074486706,-11.36539057247066
1,0,1,0
1,0,1,0
1,0,1,0
1,0,1,0
6.728744545674702e-16,2.259586445009077,0.0663947590063188,-11.3384218120179
9.682324783204268e-17,2.00832114482208,0.07821917625358593,-9.654622796957749
1,0,1,0
1,0,1,0
2.449231293967717e-15,2.125286266183409,0.07244285451065652,-10.13794064737962
1,0,1,0
0.9423083884584412,0.003595490341751884,0.476092787536826,-10.73745667444065
1,0,1,0
1.028145822447522e-15,2.008089769361863,0.07823110835732927,-10.7539360938123
1,0,1,0
1,0,1,0
1,0,1,0
1,0,1,0
1,0,1,0
1,0,1,0
1,0,1,0
1,0,1,0
1.028145822447522e-15,1.91547726611752,0.08317805117221228,-18.19693390778268
1,0,1,0
1,0,1,0
1,0,1,0
1.028145822447522e-15,1.771734403050218,0.09158378932610955,-13.6404764608321
4.470207171850952,7.187985646363416,0.003669666331856947,-35.98871545873598
1,0,1,0
1,0,1,0
1.028145822447522e-15,1.959555904781165,0.08078041084005477,-10.54725797112605
1,0,1,0
9.682324783204268e-17,1.420247831491853,0.1166813078014871,-11.15567838868014
1.639932569699476,0.2084972735610044,0.3239738918484954,-11.56662653700578
0.9130762713737011,0.008509221831975111,0.4632515166554537,-11.66941736740059
1.028145822447522e-15,1.875040410003784,0.085449454939028,-16.48709493075208
1,0,1,0
1.028145822447522e-15,2.242259412777667,0.06714231823353811,-10.85640945424434
1.028145822447522e-15,1.7032239988607,0.0959334438078272,-13.17984619937644
1.034768926864207,0.001153086711525475,0.4864556679400168,-11.52682241274844
1.842789463975458,0.6143635643458865,0.2165747828381299,-23.98554333248988
1,0,1,0
1.021160428231074,0.0004338694144543354,0.4916908197526638,-9.963463049815822
1.028145822447522e-15,2.1577889713373,0.07092433593829173,-11.07245936017732
1,0,1,0
1,0,1,0
1,0,1,0
1,0,1,0
2.804502661847769e-15,2.125262187874526,0.07244399292701842,-16.69382923807709
6.728744545674702e-16,2.259725250485218,0.06638880804006136,-12.7030126409741
1.028145822447522e-15,2.125307032567271,0.07244187269745955,-10.73793022554471
2.804502661847769e-15,1.420220438295566,0.1166835617442455,-10.36773979917398
6.728744545674702e-16,1.933165249078261,0.08220628321674084,-11.23427331440951
1.028145822447522e-15,1.242697853947568,0.1324758722203593,-18.32630717601368
1,0,1,0
2.804502661847769e-15,1.915477233329348,0.08317805298571496,-19.26663618695931
1,0,1,0
1.038263951005382e-15,0.9343314132046245,0.166869966815621,-12.03845826413514
1,0,1,0
1,0,1,0
8.054333073515119e-16,0.934398154547484,0.1668613346046654,-12.02247371865734
0.8930380619363603,0.01327013661090604,0.4541448532607106,-23.03178391126031
1,0,1,0
1.028145822447522e-15,2.189497854952876,0.06947730497426396,-12.08765853358579
6.728744545674702e-16,2.008321079323135,0.07821917963109432,-9.654811523761344
1,0,1,0
1,0,1,0
1.028145822447522e-15,1.420223734746514,0.1166832905057985,-10.46158803495136
1,0,1,0
1.036090122216171,0.001240280415395034,0.4859531080519977,-10.62817111965496
1,0,1,0
4.936130869128893e-15,0.9343980928589879,0.1668613425830745,-12.4993384520268
1,0,1,0
1.028145822447522e-15,2.008647675751504,0.07820234047074964,-10.75539551511852
5.840566125974614e-16,2.259586473208927,0.06639475779725451,-11.33862406713312
2.449231293967717e-15,1.157688776726832,0.1409726920224554,-13.66598055552079
1.044773154944558,0.001888954146004096,0.4826665878475185,-13.49665346501126
1,0,1,0
1,0,1,0
1,0,1,0
1,0,1,0
1.028145822447522e-15,1.703294948584386,0.09592881645860385,-10.2984543236002
1,0,1,0
1,0,1,0
1,0,1,0
6.728744545674702e-16,2.259446874819442,0.06640074335867113,-10.64464488124714
9.682324783204268e-17,2.125310343005037,0.0724417161847638,-10.83160229699021
1,0,1,0
1.028145822447522e-15,2.171638461048126,0.07028819371610573,-12.79728908173016
6.728744545674702e-16,1.393232722511467,0.1189299640192318,-11.41487850360326
1,0,1,0
1,0,1,0
1,0,1,0
2.804502661847769e-15,1.933165246441966,0.08220628336060687,-11.2335408008102
1,0,1,0
0.9430220651092063,0.003503544134076719,0.4764000911084065,-14.80041568810392
0.8927571980366594,0.01334683041331175,0.4540131226791471,-11.84534822274946
1,0,1,0
9.682324783204268e-17,1.933165247627421,0.08220628329591512,-10.75713651006154
0.8856953562559304,0.01532914285195375,0.4507324944150464,-18.68496352417212
1,0,1,0
1.038263951005382e-15,1.392606718229139,0.1189826901210123,-19.25168836556995
1,0,1,0
1.045294531749645,0.001931909860779513,0.4824707361891897,-12.7535214594191
1,0,1,0
1,0,1,0
1,0,1,0
1,0,1,0
1,0,1,0
1,0,1,0
1,0,1,0
1.131600721066104,0.01464751409389464,0.4518348585034088,-19.46516717440306
1,0,1,0
1,0,1,0
1.067675468883111,0.004187066911427451,0.4742034260539394,-11.91650881480843