dN/dS,LRT,p-value,Log(L)
1,0,1,0
0.5590755038087722,1.240426187091998,0.1326944665244426,-33.04165899195973
0.1905416189889695,5.176843551795578,0.01144493497850524,-31.93542109943892
0.1861940630898503,5.37056178478494,0.01023969032845007,-16.36392321350529
0.8654504400049596,0.06564901029810244,0.398890240596296,-39.86430094264226
0.3905065470575158,2.476624965407012,0.05777498376279838,-33.87666912187125
0.1675225881038391,6.354545854847562,0.005854045489599169,-13.780454510765
2.731941657024047e-16,11.92372168836866,0.0002771182259578286,-12.0700025417565
1.243556379995511,0.2647508923131738,0.3034374272888952,-58.89405063263766
9.555848176237971e-17,9.337232492138533,0.001122721860909281,-12.55876161884235
0.4890072029497689,1.973831571993287,0.08002087447222783,-41.04803311383606
0.2805991612167565,2.582672526058104,0.05401955650598933,-47.71751909894511
1.332572279211477,0.5243364115967211,0.2344988656524165,-72.27640249955338
6.728744545674702e-16,9.07864754499095,0.001293056175180274,-28.84346632515435
1.277158233655306,0.51722049771314,0.2360148764261125,-75.10082649560202
0.8282681881759757,0.1510365704688752,0.3487733680742444,-53.0016036263874
0.6426032505789971,0.6820013241548821,0.2044492130829138,-45.45719405182691
0.1697329438164961,6.226560498746736,0.00629239743999821,-40.29922187805715
0.3968923434134511,3.567185729193675,0.02946605411272868,-29.68125180341059
0.8942587985857041,0.06472165368870719,0.3995915343261371,-103.3240054419455
5.840566125974614e-16,10.74446853655921,0.0005229573680974875,-23.74348323495582
1.028145822447522e-15,5.08787185199057,0.01204687057775128,-25.0776753585511
0.9194538416755462,0.03785800346754797,0.4228642736957022,-49.54495921230113
6.728744545674702e-16,5.087573837973864,0.01204894105308402,-20.58167470473902
9.682324783204268e-17,6.939995113023805,0.004214467172940828,-12.15437123212308
1.073130102054482,0.02427252965807725,0.4380967397587918,-47.45415070689808
3.17603086687411e-16,11.77423361187931,0.0003002811664256644,-21.64717249638935
0.1860980916839775,5.374986738010278,0.01021374814769122,-20.65951309717925
0.5034438061911738,1.795464700375192,0.09013087951137494,-33.77051347902423
0.8581293338042618,0.09835756655340333,0.376904796173343,-69.75139773999302
0.2998507077482745,2.258092222573978,0.06645885810872953,-23.53955032696366
3.17603086687411e-16,11.92382290346075,0.0002771031701434556,-12.76516370500762
1,0,1,0
0.9636303348624221,0.005880169339476993,0.4694381578439994,-60.27584578223068
0.8619553898825967,0.115742243778385,0.3668495261825712,-54.85422382946943
0.3460059935851623,3.31149126699659,0.03439851738146005,-22.54097663408311
1.799666948057884,1.715133948864093,0.09516030977534495,-57.19811687585951
0.4283910251557584,1.942752710226898,0.08168498033136395,-37.78922195751175
0.2903780537281675,2.411373240092331,0.06022832854226146,-24.08923896786719
1.221431357913916,0.2245103226207021,0.3178122804870901,-53.44272013848409
1.143468299766196,0.1200578774374037,0.364485862649397,-87.32358317207284
0.5581214128730199,1.248494460483343,0.1319201110716126,-42.65966884940919
0.8598246144359466,0.0718657070620452,0.3943197166773489,-41.90344097569356
0.7453251487410707,0.3811667660703222,0.2684897317593075,-48.99965163908604
0.8643146876608164,0.06687665314164803,0.39796993260953,-52.05288278772373
1.07199584957829,0.02355887844497317,0.4390063252931003,-48.0035642846345
0.3400391304425456,3.442646203823152,0.03176692887505439,-28.28668540681263
1.036081794111637,0.006194247978982048,0.4686342129080338,-54.0058487011381
0.2201912077235684,4.050944792511515,0.02207331540323315,-21.10677032124136
2.287852447174094e-16,10.74437763054792,0.0005229830578129535,-16.80269442598295
9.555848176237971e-17,6.939995540814913,0.004214466165008479,-12.16117730914574
3.17603086687411e-16,11.63913018821999,0.0003228939656075847,-18.09285020474318
0.9512576706906897,0.01266954905305795,0.4551900596105475,-50.93584501761035
1.072578675702141,0.02392406755693344,0.4385391370256591,-46.61620602192003
0.8288295229077051,0.1499173219392702,0.3493071904776523,-57.78816590774622
0.5084755131703741,1.159038280423339,0.1408325409879912,-27.65026925184918
0.3402272428555555,3.438368073035548,0.03184929078612891,-21.80788685900193
0.3725556111663333,2.781788903352918,0.04767081080297347,-40.69048431543572
0.1860130612454691,5.378979663922244,0.01019039717252207,-22.6618476207714
3.17603086687411e-16,9.673586061615595,0.000934680394095333,-11.80592633628639
1,0,1,0
0.5689933887120829,1.159571980557118,0.1407771628181713,-34.99449745907723
5.840566125974614e-16,10.74456186150307,0.0005229309961280459,-18.75037802298038
0.5761006824802823,0.7360656037293865,0.1954620639152078,-44.22824997865506
4.730343101349462e-16,9.673586016052973,0.0009346804172747358,-14.40458895925364
2.287852447174094e-16,7.868948188573981,0.002514544870533653,-21.45680873414377
5.840566125974614e-16,10.54301356274827,0.0005831405092353026,-36.68686838485588
9.555848176237971e-17,10.74462169430575,0.0005229140891496731,-12.47165159045999
0.2139526145003319,4.251591321338253,0.01960678485963246,-38.04380971077916
1.205560171927903,0.2294844257186242,0.3159531914171233,-57.18715409195936
3.17603086687411e-16,10.74462170733656,0.0005229140854676184,-12.4720774985843
0.620413435573606,0.8051669903115055,0.184776500245069,-37.20990167755615
0.1860438121121553,5.37739309449033,0.01019966894811386,-40.71771081543028
0.7570706503565632,0.2551052480744715,0.306751518116319,-31.91070387262842
0.3572491167507729,3.075043088103413,0.03975124360030796,-32.13355289057416
0.8962457237233659,0.06213036372966485,0.4015799778166685,-43.50405498955213
0.8501674047547476,0.1388569086729774,0.3547100272221643,-48.53502541759369
0.5763949346819706,0.7345602476613919,0.1957045082997265,-49.99393259702611
1.80226764596855,1.722828815422872,0.09466466062777706,-57.4472922853531
0.7581024282959503,0.3365252483021663,0.2809209072240068,-51.17091597239692
1.333981006777444,0.5280348491538405,0.2337171117126492,-103.377872144951
1.041308037201431,0.006455320116728558,0.4679814318245381,-60.10560465994426
1.32724712948948,0.5104599838461183,0.2374699002091122,-92.80847690044502
0.1952346438188503,4.967826698089844,0.01291153749059704,-23.46604133410224
0.3926392711553093,1.222461625052262,0.1344390488167249,-41.86877261752405
1.254069113064296,0.3324066983176976,0.2821226808550697,-104.6652190503208
3.17603086687411e-16,12.27337441125603,0.000229733356037598,-27.16834659650808
0.1858606205209516,5.386177828911961,0.01014844109369217,-21.25833597219972
0.260313346556178,2.987815760510173,0.04194662887168621,-43.58483499249179
0.2601257704586611,2.991909588639174,0.04184071721131705,-35.13032656999187
1.028145822447522e-15,9.842594105135419,0.0008525843067415106,-32.57151883532998
9.682324783204268e-17,9.078723293239939,0.001293002616521322,-17.09972965346811
5.840566125974614e-16,10.49417929589411,0.0005987559693306221,-28.74963698587736
0.3794073333417896,2.66194120635403,0.05138761792634072,-33.88384906944449
1.032684621239117,0.006125219260468384,0.4688091142161778,-49.05509121646975
1,0,1,0
1,0,1,0
0.1785559166703595,5.748213662070555,0.008252716023495532,-68.70605417560408
1.009706577550603,0.000554545092029457,0.4906062637782514,-55.40059127482992
3.17603086687411e-16,7.86894819168208,0.002514544866211554,-11.06639370747828
6.728744545674702e-16,11.63879538185969,0.0003229520886011694,-48.91540700757298
3.17603086687411e-16,10.23821005756816,0.0006878050437044148,-11.70212776885978
9.555848176237971e-17,12.26563411151165,0.0002306882071618221,-12.78254605295136
3.17603086687411e-16,10.74456033295308,0.0005229314280582598,-11.37180480197546
0.3435848782724444,3.362712335981541,0.03334407291753927,-33.19928631738389
0.6838927860647557,0.6566067131286815,0.2088802316920939,-35.23675171208141
9.555848176237971e-17,10.93694977265021,0.0004713261549749159,-11.99230734470254
6.728744545674702e-16,9.337068652344769,0.001122822242898225,-38.74546181390328
5.840566125974614e-16,12.2736939131094,0.0002296940277936588,-33.39401269758842
5.840566125974614e-16,7.682503814868046,0.002787937576881561,-13.89301729502897
0.390558828478953,2.475681625212644,0.05780965503668517,-67.56969936339993
9.555848176237971e-17,12.27177991159868,0.000229929728397027,-20.20437320397719
1,0,1,0
0.1895807395083456,5.216827969550891,0.01118465927866541,-22.81523053937507
0.7585077544142376,0.2514741737257822,0.3080194869982854,-30.88433214032714
0.3793607710949108,2.662742030708507,0.05136175573495777,-31.06907341634158
1,0,1,0
5.840566125974614e-16,11.43180931053405,0.0003609867358801422,-48.91118610635045
3.17603086687411e-16,11.75910636534462,0.0003027314394494773,-10.62586540666298
4.730343101349462e-16,10.49417835366727,0.0005987562746675446,-13.08987990242025
1,0,1,0
0.3352284139456156,3.553688705144957,0.02970661708973127,-21.10964334808139
2.287852447174094e-16,6.668304348934441,0.004907125943983848,-21.84500156383172
1.028145822447522e-15,9.078624276406842,0.00129307262794881,-34.71375364257498
5.840566125974614e-16,7.684451599770846,0.002784930142328612,-17.84225037453609
0.9541627559643544,0.01116888278940564,0.4579169601372434,-72.44666032164791
0.7248311273712305,0.2309709404271842,0.3154024117923062,-51.44550828139158
0.3400427922467341,3.442509532663522,0.03176955653267999,-41.15500419367711
1,0,1,0
3.17603086687411e-16,10.9383791054798,0.0004709626858736549,-23.06574087086235
0.206713756745722,4.515756016264021,0.01679202035085997,-45.60219768937129
2.287852447174094e-16,7.919376802900729,0.002445405815196533,-19.51808918859726
3.17603086687411e-16,7.919315550688367,0.002445488608081026,-25.35720049035309
9.682324783204268e-17,5.54595388942468,0.009261729142572395,-26.32696214513575
9.555848176237971e-17,9.673586061612973,0.0009346803940966653,-28.04803392119914
2.287852447174094e-16,6.939934615925466,0.00421460971458254,-18.73487347005529
3.17603086687411e-16,12.27161701338855,0.0002299497998393685,-46.04493595034832
0.1785910429111713,5.746407201686893,0.008261207116586011,-48.47098967270669
2.804502661847769e-15,5.546168596209725,0.009260593029356334,-34.88883246523401
0.3824820823286382,1.305368415163173,0.1266174721807398,-54.50968981293869
0.3720496898581875,2.790960960360742,0.04739868218851095,-26.68582970480228
9.555848176237971e-17,12.26551158344309,0.000230703354504036,-24.74744009375683
0.1951362431729391,4.97198135443395,0.01288056041985769,-20.94289695346442
3.17603086687411e-16,11.56512334240379,0.0003360021621989784,-12.01346695940784
9.682324783204268e-17,7.684451633143354,0.002784930090828919,-18.75966322804837
3.17603086687411e-16,10.74459246482814,0.0005229223484654599,-11.96876530673455
0.5096354139359023,1.725422534648715,0.09449826974158121,-40.02173526248939
3.17603086687411e-16,9.673586061552218,0.0009346803941275295,-14.78835533506512
0.2141214927763371,4.25147894076872,0.01960808230562627,-49.41280144686865
0.3908421774081465,2.471269276306074,0.05797213056121475,-33.6983290319914
5.840566125974614e-16,12.26551111765733,0.0002307034120879736,-24.45514836637529
3.17603086687411e-16,11.43308095093235,0.000360739762062523,-28.29758043299253
9.555848176237971e-17,11.63919169407059,0.0003228832892286926,-11.97003019696369
0.3821350457061466,2.617172436490662,0.05285633141629659,-31.82368916971598
0.7628560845392283,0.2405374749477573,0.3119090956681819,-37.07352379686057
5.840566125974614e-16,6.342251925327069,0.005894755604884616,-21.69224759365328
2.449231293967717e-15,9.673586061607494,0.0009346803940994408,-49.00206870812018
2.449231293967717e-15,5.222702027016084,0.01114694242551573,-39.44421170801301
1,0,1,0
5.840566125974614e-16,11.63922232337116,0.000322877972631419,-12.66372685443302
9.682324783204268e-17,9.078756621499743,0.001292979052110454,-18.45489695238437
5.840566125974614e-16,10.49417929594865,0.0005987559693129141,-20.83401922883909
0.8575222145144906,0.09931375983893531,0.3763273541506196,-36.06774208604622
3.17603086687411e-16,12.27353453669716,0.0002297136449664339,-30.72895500118766
0.16994234947482,6.214390143890952,0.006335799806479858,-16.80369417348765
0.1895911737804091,5.216351390041069,0.01118772515083277,-64.54957620219038
5.840566125974614e-16,10.49417929403302,0.0005987559699336953,-46.3872909101089
9.682324783204268e-17,7.684451636889456,0.002784930085047987,-31.3810085747737
0.1905744582762319,5.175379691807819,0.01145458213782258,-38.94119237192077
6.728744545674702e-16,7.868948192206744,0.002514544865481971,-11.98826487314578
3.17603086687411e-16,10.74452986171899,0.0005229400385464156,-24.84337191497424
1,0,1,0
0.1827422385016043,5.535990190959268,0.009314610370487642,-20.00715412056186
1,0,1,0
2.287852447174094e-16,11.75899012220184,0.0003027503461804359,-17.37253586145644
2.731941657024047e-16,6.668564732317506,0.004906409059422356,-12.84653519827592
0.1895911197315314,5.216358109589436,0.01118768191741665,-28.34138119218406
3.17603086687411e-16,11.19459845560279,0.0004101789417332857,-20.72309289291858
1,0,1,0
1,0,1,0
0.178613222157709,5.745265617282641,0.00826657766893113,-26.18012651945362
1,0,1,0
3.17603086687411e-16,11.19459845566631,0.0004101789417192969,-12.11569133453002
2.804502661847769e-15,9.078702272943957,0.001293017478934344,-37.41631464532562
0.1729393114147043,6.048969034260537,0.006957209477626292,-22.32203295838833
3.17603086687411e-16,12.26517542563337,0.0002307449166455977,-21.27275717684049
3.17603086687411e-16,12.27369403555944,0.0002296940127223257,-18.14746228757718
0.6430991734249484,0.6796735315762561,0.2048495825264142,-32.43492581230606
0.1860036161995284,5.379434309559706,0.01018774186995042,-21.25804209381672
1,0,1,0
2.804502661847769e-15,5.224180311278914,0.01113747125083603,-60.91050524931971
9.555848176237971e-17,9.673586016082602,0.0009346804172596368,-11.53635992323198
1,0,1,0
2.731941657024047e-16,11.77311679169763,0.0003004613794681532,-12.64416348754445
1,0,1,0
3.17603086687411e-16,7.683949299666743,0.002785705391071314,-30.23306104315736
3.17603086687411e-16,12.27369084222232,0.000229694405764147,-20.81973532003119
0.1905416174621609,5.17684363465839,0.01144493443265954,-22.96029679028459
0.3261538028922164,3.776161580516607,0.02599389615158426,-28.25936689154118
0.5587762952572881,1.242937027016197,0.1324528835263745,-47.83448841509865
0.1629106049807967,6.638171014180841,0.004990817985558393,-33.73852119466851
9.555848176237971e-17,11.19459841789727,0.0004101789500682851,-14.71498559144794
0.1895577597802562,5.217864816760006,0.01117799216851706,-16.52276804229858
2.731941657024047e-16,11.1945984556663,0.0004101789417192969,-11.82692786924755
9.555848176237971e-17,10.54301354020608,0.0005831405163475578,-13.93106132122295
0.3950070911589817,1.204075940655244,0.1362542742059474,-36.00947096312399
0.1951785132222421,4.969943406629127,0.01289574567703511,-49.48595045810462
3.17603086687411e-16,7.868948192206748,0.002514544865481971,-11.98830114346059
9.555848176237971e-17,10.74434425845197,0.0005229924889688653,-15.8151592699127
0.1628339622290263,6.643003637460758,0.004977298047737611,-31.22488605452681
0.1676554117009809,6.346688368956197,0.005880031351088277,-13.42653701933008
1,0,1,0
0.2066802021409863,4.517000990932615,0.01677980442750354,-25.72445819173858
3.17603086687411e-16,12.26551139131001,0.0002307033782569801,-24.45643177283607
0.2066219687175314,4.519161841935251,0.016758623792058,-22.20171271690893
0.21403402063499,4.254493972833039,0.01957330461035617,-20.61364008577897
0.1951680607456374,4.970704573422541,0.01289007185882229,-15.04126189420252
5.840566125974614e-16,11.63910134561233,0.0003228989723208509,-25.03251622488191
1,0,1,0
0.9160012335860422,0.03953984641775321,0.4211914930059323,-53.02472028113376
0.1860433390392,5.377598011166029,0.01019847094204046,-24.28341238389999
0.3721918155627363,2.788292249448361,0.04747768615764258,-40.18621773698236
0.1676425339199379,6.344876398781501,0.005886040589185348,-31.99393500590545
9.682324783204268e-17,5.546654301423288,0.009258023468831367,-13.20147869263747
3.17603086687411e-16,10.93675995732912,0.0004713744449800217,-18.97592022468708
5.840566125974614e-16,9.67358601605153,0.0009346804172754575,-12.6350898834128
1,0,1,0
6.728744545674702e-16,11.75911379984662,0.0003027302302821,-38.04590098281977
3.17603086687411e-16,7.68347914327628,0.002786431228684105,-19.52281913621035
5.840566125974614e-16,11.75904530860507,0.0003027413700659176,-10.21863248480866
4.730343101349462e-16,9.078778481669715,0.001292963596333851,-12.36953555397487
0.7150734130978215,0.5038090255717975,0.2389156168446147,-50.33846315118797
6.728744545674702e-16,9.078756688436265,0.001292979004784089,-18.45754170916574
0.9496512576356242,0.01354575320705464,0.453673226309448,-63.10086824780667
0.185995899982961,5.379828317690922,0.01018544129226945,-17.07350942216017
9.555848176237971e-17,12.27369326525118,0.0002296941075332071,-14.23363003011593
0.2602482841461068,2.989234172203766,0.04190990030367248,-34.87071339648129
3.17603086687411e-16,9.078734095225443,0.001292994979038342,-31.07133445919522
5.840566125974614e-16,7.919133243379356,0.002445735044618425,-22.8670904718672
5.840566125974614e-16,9.67358606157336,0.0009346803941168158,-34.82554772192837
1.329244960548258,0.515653990686701,0.236350738446454,-72.43821189312391
0.1317615588696788,9.113517292473759,0.001268637652373561,-15.93455400347467
5.840566125974614e-16,9.673586061615595,0.000934680394095333,-19.93998293560064
1,0,1,0
9.555848176237971e-17,11.7758308788012,0.0003000236168936854,-11.95661834983438
9.555848176237971e-17,10.49417835480377,0.0005987562742992281,-14.44841510147907
0.6878313688991256,0.6356863391227847,0.2126385833157112,-35.35803104484643
1.49480159404776,1.274128883916404,0.1294967654431954,-80.4229962483556
0.3396623173542385,3.451344295736845,0.03160017388475256,-29.75499830371625
1.028145822447522e-15,6.940011569124906,0.004214428400369896,-19.31669258113308
0.1786641596588296,5.742649181844698,0.008278900203093242,-55.05406063058728
3.17603086687411e-16,6.667978858189432,0.004908022232344711,-12.84500671903014
1,0,1,0
3.17603086687411e-16,10.23815725669967,0.0006878247323728326,-31.35048285425067
2.731941657024047e-16,9.337210158350583,0.001122735543923614,-11.67388476363596
9.555848176237971e-17,7.919407412534401,0.00244536444208987,-12.98587934962645
1.467924613730159,1.038207348866109,0.1541193809899489,-53.51460231370491
1,0,1,0
0.1699423534070698,6.214389917666317,0.006335800616103282,-16.80344773067985
0.5860301275200024,1.029671751702736,0.1551178881371104,-34.82008183480702
9.555848176237971e-17,11.77503392716397,0.0003001520925815515,-12.64849003827922
5.840566125974614e-16,10.2378523911436,0.0006879384234197428,-46.63759479415528
0.1676252110186311,6.34718252871113,0.005878393607594845,-21.4786866265985
0.5693955342076847,1.156382321984594,0.1411085402728898,-47.16514685262425
0.1951788848767818,4.970160447662991,0.01289412756572517,-27.3338264577181
9.682324783204268e-17,6.668302944606957,0.004907129810653277,-21.59789018708644
0.1896325950745247,5.214488897061386,0.01119971506277179,-64.45969807335172
0.1707702097893694,6.167581742235335,0.006505617268692476,-29.49339075427981
0.6608694952980673,0.9877806116768397,0.1601427090346264,-44.68680146696293
0.9329170137584976,0.02461288958008367,0.4376677580059231,-53.16263557072918
3.17603086687411e-16,11.19459845452621,0.0004101789419713175,-20.23445413049501
0.1905994323020312,5.174271358369495,0.01146189190548791,-42.2197673216895
2.287852447174094e-16,10.74443940905432,0.0005229655992878279,-16.67030736447158
0.2537495265091545,3.133735740618079,0.03834391151341793,-28.09636095237474
1.391087331991661,0.781631876538853,0.1883212591090138,-69.07310443257919
3.17603086687411e-16,7.868948192153066,0.002514544865556578,-11.4850829588651
9.555848176237971e-17,11.759205768072,0.0003027152727264615,-18.88751176701848
9.682324783204268e-17,11.7591368583609,0.0003027264800145035,-18.30570818109147
9.555848176237971e-17,9.078788883448194,0.001292956242039511,-12.87262630197068
9.682324783204268e-17,7.684451652711104,0.002784930060632351,-19.04672544795036
3.17603086687411e-16,9.078778546628453,0.001292963550406423,-12.37165656431366
2.287852447174094e-16,7.868948192179616,0.002514544865519663,-18.96297125128146
1,0,1,0
1,0,1,0
9.682324783204268e-17,7.684127843472361,0.002785429801794914,-21.72490815482372
0.5154902036687898,1.660256797545017,0.09878432760266959,-35.70923256449854
0.5106458547631018,1.713970633886191,0.09523550525645424,-36.61292407412226
9.555848176237971e-17,9.337242803140441,0.001122715543829811,-13.06050107636122
9.555848176237971e-17,9.673586016051537,0.0009346804172754575,-12.63485383291405
3.17603086687411e-16,9.078756691380661,0.00129297900270231,-11.2713185875123
2.449231293967717e-15,10.54301353985954,0.0005831405164568593,-100.491745560475
9.555848176237971e-17,9.078745273775972,0.001292987075355467,-24.54928375216045
5.840566125974614e-16,11.43333566191673,0.0003606903134570905,-43.31594293777693
3.17603086687411e-16,12.26551327142995,0.000230703145822464,-25.15232438404564
3.17603086687411e-16,10.74456044364609,0.0005229313967791138,-25.53521792330707
1,0,1,0
3.17603086687411e-16,11.56518490028488,0.0003359910385644094,-13.11564358949138
3.17603086687411e-16,12.27289594139637,0.0002297922647399586,-22.30536646180766
1.028145822447522e-15,7.12546049447613,0.003799844667320917,-44.85392535144708
4.730343101349462e-16,10.74459247461538,0.0005229223456998944,-11.96908524416217
1.028145822447522e-15,6.373171530004996,0.005792917564766464,-37.14719906976954
6.728744545674702e-16,10.49417877815841,0.0005987561371074146,-20.65406216346949
1,0,1,0
9.682324783204268e-17,10.54301354044617,0.0005831405162717851,-47.11713939008288
9.682324783204268e-17,7.684451625776838,0.00278493010219677,-18.50861732793723
9.555848176237971e-17,7.919346004946156,0.002445447443564397,-11.88541183095153
6.728744545674702e-16,10.74422316671303,0.0005230267116702603,-47.97079446283839
1.151536673915829,0.07585528663176433,0.3914974105669961,-64.91774889327124
0.1859518062488954,5.381883788814456,0.01017344829471062,-21.27352523649978
6.728744545674702e-16,5.225442667629245,0.01112939009768021,-22.48898960881561
0.1700677202983327,6.207176469913925,0.00636167057096082,-21.09666808705083
5.840566125974614e-16,7.868948192153063,0.002514544865556578,-11.48506939068094
1.14459626474456,0.06961871170852874,0.3959463730600079,-55.54533282646618
9.555848176237971e-17,11.92547390179307,0.0002768576995751948,-12.76411847597416
1.028145822447522e-15,11.77678968723434,0.0002998691220413296,-38.44126772775487
1,0,1,0
1,0,1,0
2.804502661847769e-15,9.07861451943873,0.001293079526976604,-103.4668352769897
3.17603086687411e-16,11.63907061556522,0.0003229043067561332,-17.14917344794366
9.555848176237971e-17,12.2700216948786,0.0002301464598868375,-13.81673037722849
0.4282552610479785,1.944433391831396,0.08159398543903651,-32.69550455934117
0.2524988735331176,3.164456218170976,0.03762874717041098,-29.81062823009954
9.555848176237971e-17,11.77455801625985,0.0003002288401409148,-24.52817440778116
3.17603086687411e-16,12.26557280354771,0.0002306957861382131,-18.61967997995128
5.840566125974614e-16,10.74450085967064,0.0005229482340087799,-17.36609779310412
1,0,1,0
5.840566125974614e-16,11.57307665273806,0.0003345680589864064,-28.88861009050972
0.1906008095947991,5.174207418535666,0.0114623137539861,-28.91057446097477
0.3726021535435059,2.780970472862158,0.04769517560082653,-30.12145139092425
9.682324783204268e-17,12.26526880876686,0.0002307333701109804,-56.4900709586331
0.3905422747384876,2.476059770512251,0.05779575402824344,-36.37987821429729
1.240671697868359,0.2593233780136472,0.3052926923136327,-75.49763835467945
3.17603086687411e-16,12.27369398568308,0.0002296940188611929,-16.08902985331985
0.1717049194870454,6.114203138738681,0.006704992771225327,-20.64551625776801
1,0,1,0
0.3257894215239893,3.785497125100719,0.02584927553373478,-34.87172594305283
1,0,1,0
0.3794241983257857,2.661643690902665,0.05139722965752164,-31.24679101457917
1.40509299033029,0.5169116994494516,0.236081022248134,-73.96973168743551
0.7800130367255682,0.2012040533130204,0.3268753596159075,-39.50218475533725
0.1859801519659205,5.380517002324446,0.01018142141577189,-19.05867703555801
3.17603086687411e-16,11.77375485631602,0.0003003584063132059,-17.83646005338915
1,0,1,0
6.728744545674702e-16,10.74434703940598,0.0005229917030478703,-16.67102668646286
9.555848176237971e-17,11.773116789589,0.0003004613798085476,-12.64417671223739
0.3792102772561545,2.665336237727644,0.0512780749551901,-29.60286968323164
3.17603086687411e-16,10.23817966754683,0.0006878163756273703,-18.68631700413907
2.731941657024047e-16,11.77455274555565,0.0003002296902296364,-27.68989209343754
4.730343101349462e-16,7.91937817594432,0.002445403959325021,-12.48286430308909
9.682324783204268e-17,6.672685035161749,0.004895079363221699,-30.60705958223568
0.252591299323549,3.16232578874309,0.0376778774455403,-16.77356643629762
0.1951614658643389,4.970935259116469,0.01288835281523759,-13.95859675502213
5.840566125974614e-16,7.868948192166847,0.002514544865537427,-24.35803857554984
0.3269596327735484,3.756109651022129,0.02630743075096942,-50.35407023275749
0.5584481699120952,1.245737227702257,0.132184104123172,-31.27040451382111
1,0,1,0
0.189591130030628,5.216358227721017,0.01118768115736235,-15.21911723483606
1,0,1,0
1,0,1,0
4.004733053112191e-17,12.27353262729192,0.00022971387999976,-13.8248209443596
9.682324783204268e-17,10.93688987434557,0.0004713413928750243,-18.28075097227346
0.2066249859879875,4.519051124459267,0.01675970836422513,-27.5984697987296
1,0,1,0
0.1717652300407944,6.110753538158932,0.00671809160059661,-32.82012185306426
1.072051579550409,0.02359391431184577,0.4389613437130802,-43.3882370457428
1.899116315479715,3.683385830338182,0.02747857133677151,-90.99452916739448
1,0,1,0
2.804502661847769e-15,10.94425736848444,0.0004694708625948563,-74.20174011070696
1.118497736623446,0.07231282284271856,0.393999302788624,-72.01170200732356
5.840566125974614e-16,12.27369335101088,0.0002296940969777617,-36.02434783393564
3.17603086687411e-16,7.919378160885891,0.00244540397967874,-12.4823720368961
4.730343101349462e-16,11.7592361383958,0.0003027103335125902,-19.58014850407507
1,0,1,0
3.17603086687411e-16,9.337178027239233,0.001122755229661043,-17.25939985047942
1,0,1,0
1,0,1,0
6.728744545674702e-16,10.49417876445122,0.0005987561415493614,-46.24073212887735
3.17603086687411e-16,10.74443783505156,0.0005229660440916328,-30.27427018363881
9.555848176237971e-17,11.77311675904637,0.0003004613847384374,-12.64436828604111
1,0,1,0
0.828439408131926,0.1506943512357708,0.3489363463169572,-54.68480222739994
1.471160100070659,1.181062082250349,0.1385699414101857,-86.48431434084922
0.413570264891904,2.136372379678207,0.0719208397360584,-23.38422998503762
9.555848176237971e-17,12.26560346530831,0.0002306919956570064,-12.0887464115959
0.1860406280791528,5.377522039731858,0.0101989150774906,-53.72951992156319
2.440982200131045,7.824790836043491,0.002576720517980691,-105.2240582499985
1.028145822447522e-15,7.919254011909018,0.002445571791185874,-31.19313106164042
1.198974353616652,0.1238517733449811,0.3624469524353581,-37.44848704919192
1.346154547225424,0.6398088309750705,0.2118900153786793,-62.03003328175866
0.1951691867501417,4.97055841613421,0.01289116112958966,-32.81824038998335
9.682324783204268e-17,6.940025624803411,0.004214395283774819,-12.85104920959952
0.1629582738029315,6.634893958121538,0.005000007417723884,-45.35319909275143
0.4288335306215256,1.936652906529119,0.08201620882895799,-63.88875869442089
0.7582799897915223,0.3359176013558169,0.2810975960963157,-36.10886841019679
0.8501671344115539,0.1388580136787141,0.3547094753894057,-59.02538758926131
0.8397153038578219,0.1614010866286719,0.3439349164725892,-49.79601276742416
0.7452528750212518,0.381437521652856,0.268417450756901,-45.70265535564918
0.1699483563923852,6.213203348873833,0.006340048627649419,-162.2978790122903
1,0,1,0
1.028145822447522e-15,6.671084028040418,0.0048994785030958,-20.58336264309506
9.682324783204268e-17,11.7735952808419,0.0003003841558329445,-19.6287461894312
5.840566125974614e-16,7.868948192113308,0.002514544865611867,-24.10858986681613
3.17603086687411e-16,11.63897562918907,0.0003229207960236957,-23.2324886304615
6.728744545674702e-16,12.27189699400424,0.0002299153032240264,-37.32027964913468
2.287852447174094e-16,11.63913219271354,0.0003228936176556396,-25.72881116821854
3.17603086687411e-16,7.919347550464547,0.002445445354531617,-11.7890550825954
2.804502661847769e-15,10.54301356274587,0.0005831405092360242,-120.597260949719
9.682324783204268e-17,6.940071988355342,0.004214286048461857,-20.41116931053973
3.17603086687411e-16,11.56512344792342,0.000336002143131009,-12.01477406508181
5.840566125974614e-16,10.49417836672756,0.0005987562704352078,-27.76469555719288
1,0,1,0
5.840566125974614e-16,5.222590386361325,0.01114765803144024,-22.41677953816353
4.004733053112191e-17,9.673586016051537,0.0009346804172754575,-12.63528810067327
9.555848176237971e-17,12.27321366140688,0.0002297531456886825,-13.8242566535805
0.3823657771460912,1.306375400797819,0.1265259794492909,-45.0667052433115
0.4895269380404673,1.967059577675514,0.0803801587322992,-72.52073208361371
3.17603086687411e-16,9.078778483863221,0.001292963594782981,-12.36973704032935
2.731941657024047e-16,11.91690537932114,0.000278134059522428,-20.91703000289182
9.555848176237971e-17,10.93688930829344,0.0004713415368788887,-10.89250840225001
4.004733053112191e-17,10.49417929594866,0.0005987559693129141,-14.05344816976356
3.17603086687411e-16,9.078788867262936,0.001292956253482802,-12.87178483864462
3.17603086687411e-16,7.919345519608981,0.002445448099581138,-18.81819374171096
1,0,1,0
0.3793753368461921,2.662492672248106,0.05136980710501343,-21.01326041403607
5.840566125974614e-16,11.75892301513301,0.0003027612615632558,-16.79392155188069
1.028145822447522e-15,5.225565354855803,0.01112860502195712,-41.92858145360393
2.731941657024047e-16,9.337242889256377,0.00112271549107068,-13.06195963075844
4.730343101349462e-16,10.93726891706409,0.0004712449742504954,-11.99306046595135
3.17603086687411e-16,12.27097717380121,0.0002300286545490193,-27.41258051667756
1.028145822447522e-15,6.38723635597367,0.005747192459833295,-35.33533198663667
0.3812360531458328,2.632427413947113,0.05235076549777506,-56.91429349201981
0.3905075918939912,2.476566864458803,0.05777711852617878,-33.72305440676765
1,0,1,0
0.7450346157852887,0.3822322394140798,0.2682054971186087,-52.53567071488474
1,0,1,0
0.6436536386198648,0.676698287871119,0.2053629903165521,-55.04990497668367
1,0,1,0
0.247785548647806,3.537020547137182,0.03000658591915861,-25.04442763664475
9.682324783204268e-17,11.6391608828005,0.0003228886375012396,-25.72337719023035
3.17603086687411e-16,12.27001957563974,0.0002301467212451058,-18.41146885230476
5.840566125974614e-16,11.63916106078035,0.0003228886066069525,-18.50180310234235
0.3437668314186121,3.358738163040172,0.03342463640264964,-37.79567412082812
0.3365979101503491,3.51785172421981,0.03035554613491093,-53.34595675587305
2.804502661847769e-15,7.682183957871104,0.002788431761558685,-41.11927745950688
9.682324783204268e-17,7.919316941627628,0.002445486727956026,-18.57079762275197
2.731941657024047e-16,9.078701711901807,0.001293017875621916,-10.28700520864165
3.17603086687411e-16,12.27369406376835,0.0002296940092503252,-18.30898028716704
0.3792574129581393,2.6645156606955,0.05130452799244839,-34.50627508016034
0.5589650321486439,1.241364567484524,0.132604115221036,-36.86299468047925
0.6886063330380396,0.6316178542525819,0.213381247368946,-39.72668829178939
0.3260050413261308,3.779965580116745,0.02593486382053306,-24.71863561339056
0.6199949419071084,0.8076437852138056,0.1844088922701194,-29.42233795974661
0.5689778149782739,1.15969838710221,0.1407640505639886,-43.97954900159702
0.9791076882392674,0.002687543516913138,0.4793274846868403,-53.83619392191444
1,0,1,0
2.804502661847769e-15,7.683594942284728,0.00278625243776931,-51.61664539376055
1,0,1,0
0.1905416173041419,5.176843643072807,0.01144493437723088,-29.94627361459947
9.555848176237971e-17,12.26560345817089,0.0002306919965393561,-12.08862989877963
1,0,1,0
1,0,1,0
0.1699423442985798,6.214439199593336,0.006335624246123495,-16.18359124027339
0.3604974237792924,1.505857687434059,0.1098861281257394,-18.77660904104293
5.840566125974614e-16,10.49417835400239,0.0005987562745589092,-31.07094086747621
9.682324783204268e-17,7.919317129959715,0.002445486473388658,-25.80024983667142
0.8294846782343065,0.1486179859523133,0.3499297871035738,-49.06076165184077
0.2140585378870474,4.253632910588919,0.01958323015853847,-33.4913789052943
1,0,1,0
0.3905193337787128,2.476430375180321,0.05778213380082292,-28.18251833970672