dN/dS,LRT,p-value,Log(L)
1,0,1,0
0.9280477693874467,0.01141136748600502,0.4574643026418999,-21.11087459057541
0.4747471007366227,0.7222697984569777,0.1977001909891759,-21.56716292494145
1,0,1,0
0.7118752069242403,0.1295928798071593,0.3594272645114071,-12.25854172236271
3.17603086687411e-16,4.108902239048415,0.02132902134539427,-11.30928893165624
0.4181093137351182,1.037725357702772,0.1541755421389681,-12.62173719853832
9.682324783204268e-17,4.778136338677818,0.01441164919435645,-11.7827457014367
0.5152898021188496,0.5544355077141176,0.2282554952106554,-13.63981236725801
3.17603086687411e-16,3.754316631232946,0.02633566093501416,-11.3341110118878
1.224155320366277,0.1146220043008199,0.367471093698509,-28.86105100615519
2.449231293967717e-15,2.865471730261753,0.04524958662011763,-20.88544274588553
9.555848176237971e-17,4.22780335971585,0.01988343792506925,-11.90997607619531
3.17603086687411e-16,3.65205780226265,0.02799999065016356,-15.62246191650385
0.9889371914093948,0.0003731139541969242,0.4922944471160742,-27.16358601576446
1.032086405488303,0.001970450813345792,0.4822968618798221,-35.80001478981795
1.065750468999191,0.007925392092083428,0.4645311515711938,-27.91689965614661
3.17603086687411e-16,4.703126223808582,0.01505390257440692,-11.52608663559493
0.32891467850423,1.854430418410224,0.08663449427263925,-12.67879891830797
2.804502661847769e-15,4.486539385481535,0.01708138329551756,-43.98845673246063
1,0,1,0
1.028145822447522e-15,2.060521049383279,0.07557923777297348,-11.49800138693231
1.676617137598192,0.9033945144660862,0.1709365724302315,-31.56870345209499
9.682324783204268e-17,2.060521049248898,0.07557923777963849,-11.49801568936028
1,0,1,0
1.067298004960709,0.008286688956687271,0.4637338790680749,-22.97956318978145
1.028145822447522e-15,4.703619700616173,0.01504958124227068,-20.49768742610804
0.9281878622868355,0.01136423838413947,0.4575518971072838,-25.21154284060635
0.4183302317090359,1.036258654232956,0.1543466046284111,-11.85397024599615
1.604259189994689,0.5740575984474106,0.2243255124869209,-43.52059537379323
0.7484763265925966,0.09253729309087788,0.3804879796206673,-12.75528664288717
1,0,1,0
1,0,1,0
1.379949600114291,0.2146138854267434,0.3215874373619053,-36.73165002468159
0.4277265847730286,0.9758616699971938,0.1616113166481456,-19.09434258427883
1,0,1,0
1.49623445315136,0.2846960374418686,0.2968198286034761,-18.04887415798485
1.067007252786245,0.008218245887924525,0.46388354624697,-21.84359164537499
0.7110191486055674,0.1305674778925514,0.3589221912918497,-14.61143691215011
1.519195047077827,0.4579606683808066,0.2492893014510693,-26.09983952043656
0.8160187233109703,0.08842592818350425,0.3830939405179666,-22.64143385341599
0.4621420493190518,0.7825941055135601,0.1881744712595295,-19.31930681328437
0.7119014181908332,0.1295628713283605,0.3594428500259819,-14.14091748419117
0.9265571439326,0.01191452672875215,0.4565402977790081,-18.42468857930708
6.728744545674702e-16,2.810880227253229,0.04681349527372641,-12.45367437250246
1.600432053694629,0.5693667710765666,0.2252553272436668,-24.81544849722225
0.4242385171834688,0.9979245003293862,0.1589066198937645,-12.63389821546116
0.51500104415236,0.5554954689658871,0.2280404509185859,-20.15412977402402
0.5477876132337087,0.4467024411539704,0.2519525432899074,-12.30567626475717
9.682324783204268e-17,4.319199863017275,0.01884231906735989,-10.21829852104591
9.682324783204268e-17,2.810822506744195,0.04681517958619158,-11.30098173829107
6.728744545674702e-16,4.674903068301287,0.01530321497654719,-11.30334350807883
0.4730823236797513,0.7296494913894023,0.1964984128070513,-19.98444796848965
1.066072011327051,0.007999548282619173,0.4643660406778716,-24.97241921266194
0.5161151266979297,0.5514346752322012,0.2288660392618449,-19.15752414585089
9.682324783204268e-17,3.165185115360295,0.03761195372830328,-9.329070612939608
0.4247746077726387,0.9945051224911872,0.1593218852361016,-12.33736154420953
1.028145822447522e-15,4.319210039763341,0.01884220637780498,-17.65792378369207
3.17603086687411e-16,4.319143744081309,0.01884294049850876,-9.723479170161285
2.287852447174094e-16,3.88175720597506,0.02440672134075983,-10.48868942788214
1,0,1,0
0.4728471017504444,0.730757629208707,0.1963188608109203,-12.02169044957136
5.840566125974614e-16,4.319232802048369,0.01884195432810865,-10.91099613582471
9.682324783204268e-17,2.810847450797169,0.04681445169853421,-11.75974335156248
9.682324783204268e-17,3.881757194509717,0.02440672150742312,-13.24307368908062
6.728744545674702e-16,3.16518511633528,0.03761195370584552,-10.42821227961072
9.682324783204268e-17,4.227803359715843,0.01988343792506936,-17.81345586403651
9.682324783204268e-17,4.319242962312654,0.01884184182334175,-11.1118715415462
0.5327010800754506,0.4940911394476508,0.2410539973219269,-13.25511329938825
0.856646076744874,0.05035903803899799,0.4112198472604852,-21.72366463850516
6.728744545674702e-16,4.319242972001398,0.01884184171605846,-11.1121655142555
0.5151845815278084,0.5548195846234023,0.2281775370257869,-20.08782387775987
0.4633083149026661,0.7767499644428,0.1890684814400176,-21.59474592123842
1.247110365769768,0.09058985329578206,0.3817143072088364,-19.04978517528813
0.4457900614079742,0.8695283553967172,0.1755429564688232,-21.81641604138294
0.8934977950015323,0.02630242142698336,0.4355819707041459,-21.56683739022258
1.705281189466009,0.9589563981716935,0.1637249763468093,-30.80852760418834
1.424696039344064,0.2230284957548534,0.3183709911513626,-30.2789963865885
0.748706902134713,0.09233094436500267,0.3806172484951136,-22.21318229753469
1.416300074493447,0.3240367911711104,0.2845958604988764,-33.62185740281573
0.9476854106779506,0.005869630379905288,0.4694655043534411,-43.9669504770889
0.6458924689179621,0.2219907710366869,0.3187636097001519,-26.75774616296791
2.841796499389598,4.744071649893201,0.01469970604958115,-51.57544410957664
0.4870575459654744,0.6663572792233623,0.2071622577368186,-21.66086968761049
0.9697418683947753,0.0009525245492767453,0.4876894002101749,-26.2649180839733
2.239831220186353,2.523097887045509,0.05609499512262106,-53.80291446674814
1,0,1,0
9.682324783204268e-17,4.319232820759701,0.0188419541209171,-10.9115640520824
1.028145822447522e-15,3.096242027464335,0.03923662365045144,-10.60956251047633
0.6459250946890935,0.221935075926794,0.3187847133844668,-20.69512859473314
1.028145822447522e-15,3.955187077234584,0.02336356200437961,-18.59489408661751
1,0,1,0
5.840566125974614e-16,4.213923218406038,0.02004675286985824,-12.73342591542214
1.028145822447522e-15,4.227803359715828,0.01988343792506947,-16.42436380230833
1.713773881083888,0.975353923846157,0.1616742728536995,-30.79980336584018
1,0,1,0
1,0,1,0
1.028145822447522e-15,4.486539385479148,0.01708138329554143,-25.19355277834515
0.4185566933461796,1.034139881930969,0.1545941540012539,-19.84669408771537
1,0,1,0
9.682324783204268e-17,4.674827072916578,0.01530389207012711,-24.44444385551065
9.682324783204268e-17,4.108878532132053,0.02132932033676155,-10.84220758918217
1,0,1,0
6.728744545674702e-16,4.319176868140818,0.01884257369775372,-10.01188345423757
0.4277828702224047,0.9755157024834702,0.1616542101647614,-12.58512652112583
1.304437884752942,0.193897200462807,0.3298463066414897,-24.9477390026122
3.17603086687411e-16,4.383364530259165,0.01814564666771279,-11.0746317843146
5.840566125974614e-16,3.754308480958255,0.02633578933012604,-10.84048475731686
1.028145822447522e-15,4.911142069319304,0.01334199607355063,-26.87187989288123
1,0,1,0
0.4938201008558989,0.6379668875398963,0.2122239884741607,-21.73246307419659
3.17603086687411e-16,4.910977336417016,0.01334326854998669,-11.99357414052687
1,0,1,0
1,0,1,0
1.251413791075252,0.09333442883564658,0.3799900809254091,-21.16082132859753
0.4730823247134033,0.7296494913724594,0.1964984128097983,-13.43947221820711
1,0,1,0
6.728744545674702e-16,4.586889662146696,0.01610871411327358,-17.83480090084188
1,0,1,0
9.682324783204268e-17,4.213922999633542,0.02004675545501994,-11.97135172422542
1,0,1,0
0.4181093137980701,1.037725357779205,0.1541755421300601,-12.62173707126453
1,0,1,0
2.287852447174094e-16,3.652132127925903,0.02799874123869756,-10.81958420949748
6.728744545674702e-16,3.096242064571346,0.03923662275595602,-11.3036629265417
1.426745583518519,0.337386658320554,0.2806707952534047,-29.70276897781622
0.8996414928308097,0.01157913981906233,0.457153955403434,-28.78043892394545
0.4242491960301917,0.9978384260194915,0.1589170557223182,-25.5264301494859
1,0,1,0
1,0,1,0
9.682324783204268e-17,3.881757205972171,0.0244067213408018,-26.91468336398048
9.682324783204268e-17,3.206049132874423,0.03668322067050456,-11.62614871324028
2.804502661847769e-15,3.206016150020218,0.03668396028121712,-18.17104658993098
6.728744545674702e-16,2.251186450741912,0.0667560011598235,-11.084763725483
2.287852447174094e-16,3.881757205972185,0.02440672134080157,-13.37332731212277
1,0,1,0
5.840566125974614e-16,4.909331952698018,0.01335598521308329,-23.40750280101692
0.4457900355511756,0.8695284849249703,0.1755429385302876,-33.56089788474846
1.028145822447522e-15,2.251446493618495,0.06674478511858295,-12.56388443129712
2.804502661847769e-15,2.1197304712665,0.07270606615517583,-27.31736467122678
5.840566125974614e-16,4.319232808385234,0.01884195425794022,-10.91119054985919
6.728744545674702e-16,4.92402514271377,0.01324287063719648,-11.42189600353934
0.4867103617054266,0.6678669948445695,0.2068981297941153,-12.18651740192879
1,0,1,0
6.728744545674702e-16,3.096242073825966,0.03923662253286558,-11.99871936255004
9.682324783204268e-17,4.31923281505744,0.01884195418405854,-10.91139094594118
0.8510996779934366,0.05480015367789548,0.4074558752136264,-18.61179870934405
9.682324783204268e-17,3.881757205896857,0.02440672134189659,-12.72201383271283
0.5331217676700766,0.4927080968490358,0.2413608825661865,-15.81663254054791
1.028145822447522e-15,4.108812888521918,0.02133014825624197,-17.14186355280863
1.028145822447522e-15,4.923959220776972,0.01324337590314945,-17.27405026743586
3.17603086687411e-16,4.59090177778155,0.01607104950216903,-11.541197922219
5.840566125974614e-16,4.674870102669733,0.01530350868551505,-10.61014924029544
0.476677576971719,0.7133289513223176,0.1991704455083804,-22.66501607632449
1,0,1,0
1.028145822447522e-15,2.54792999397349,0.05521943278185537,-20.76802060727223
1.028145822447522e-15,3.881757205975049,0.02440672134075994,-22.79594237026577
6.728744545674702e-16,2.116741087121191,0.07284813724035183,-12.93185523812204
1,0,1,0
1,0,1,0
9.682324783204268e-17,3.652116723159345,0.02799900018735663,-10.21266532228566
1,0,1,0
1.601599267715701,0.5709960854202478,0.2249316849590904,-25.62777359262159
3.17603086687411e-16,4.910977831853202,0.01334326472280933,-13.38242132054867
0.424220391611207,0.9980401267486094,0.1588926025211312,-14.9868405919009
1.028145822447522e-15,4.227803359713235,0.01988343792509989,-32.08953416491757
3.17603086687411e-16,4.213923217963742,0.02004675287508473,-14.27452576941301
9.682324783204268e-17,3.096242071883548,0.03923662257968918,-11.79756951734796
0.4749470381152587,0.7213388526969098,0.1978525460650581,-16.22434740662503
1,0,1,0
2.287852447174094e-16,4.319242985863177,0.01884184156256724,-11.11258608516288
1,0,1,0
6.728744545674702e-16,4.383035720737464,0.01814914715893196,-11.07438124106441
1,0,1,0
1,0,1,0
1,0,1,0
5.840566125974614e-16,4.22780335971585,0.01988343792506925,-17.76110824204342
1,0,1,0
1,0,1,0
1,0,1,0
1,0,1,0
1,0,1,0
1,0,1,0
9.682324783204268e-17,3.652140132847965,0.02799860667980159,-11.30894716071235
1,0,1,0
5.840566125974614e-16,4.923949208558295,0.0132434526446561,-10.12372029957627
9.682324783204268e-17,4.911142166831105,0.01334199532035973,-11.79738911178363
0.5335443679141243,0.4913241803087267,0.2416686059505678,-15.32938228353585
0.4629543183246361,0.7785183600856413,0.1887973306659725,-18.60898992745028
1,0,1,0
2.449231293967717e-15,2.118029606792419,0.07278686174862387,-27.10352530091299
1,0,1,0
1,0,1,0
1,0,1,0
1,0,1,0
1.028145822447522e-15,3.096059143825908,0.03924103248020561,-14.17434829763603
5.840566125974614e-16,4.911138884673491,0.01334202067209594,-19.17016670693629
1,0,1,0
0.4061431425815991,1.120678243369056,0.1448862287689333,-19.64703597822842
0.9274064744005766,0.0116261548326122,0.4570673950877484,-29.33181362717801
0.4073490981270539,1.112064008768044,0.1458168593143092,-25.33251782484961
9.682324783204268e-17,4.486539375979554,0.01708138339046839,-13.55395349116031
0.4728764263850415,0.730619402137286,0.196341244931768,-13.77588242152849
1,0,1,0
1,0,1,0
0.9839187546857866,0.0002645122659714616,0.4935119553786028,-21.01038359023814
0.4866995356833414,0.6678941425293274,0.2068933848069645,-25.35642690171066
1,0,1,0
1,0,1,0
5.840566125974614e-16,4.910972950704497,0.01334330242907067,-20.35024871868772
0.8387546767566526,0.06549794521220065,0.3990041189129644,-18.38326506997305
1,0,1,0
0.5156220831011972,0.553225213434537,0.2285014300363151,-23.61928432444738
1,0,1,0
0.5152630539189372,0.5545330207528778,0.2282356984824709,-19.98462824698007
1,0,1,0
0.4866458190301308,0.6681539103190346,0.206847989625462,-12.55296311936019
9.682324783204268e-17,4.674892939803396,0.01530330521628792,-11.10342042607757
1,0,1,0
3.17603086687411e-16,4.383431546799827,0.0181449332993715,-9.686456564272788
0.4633131189793246,0.7767353895707529,0.1890707185055576,-15.43612081188071
0.4629917292400154,0.7783013341169678,0.1888305780947246,-31.95017226463466
1,0,1,0
1,0,1,0
2.287852447174094e-16,4.383035778235765,0.01814914654674588,-11.07394432534837
1,0,1,0
1,0,1,0
9.682324783204268e-17,4.713610182952337,0.01496237292647457,-17.32801983637242
1,0,1,0
1,0,1,0
3.17603086687411e-16,3.652140274843632,0.02799860429292883,-11.31232322702798
1,0,1,0
3.17603086687411e-16,3.652128499566906,0.02799880222989592,-10.61818172022289
0.9464539952306135,0.006159866682956761,0.4687212031600342,-19.30542903046573
1,0,1,0
9.682324783204268e-17,4.911141347744532,0.01334200164706728,-12.87124729768353
0.6465959825664326,0.2208003293929011,0.3192153915308252,-21.35342330982249
2.804502661847769e-15,3.652120305988426,0.02799893996104452,-17.36200158186773
1,0,1,0
1.028145822447522e-15,3.881757205975063,0.02440672134075972,-17.28352113403573
1.900214339635511,1.342966053981243,0.1232557876349938,-44.1721301299987
1,0,1,0
3.17603086687411e-16,3.881757205975052,0.02440672134075988,-11.09424359721202
1,0,1,0
5.840566125974614e-16,4.703948257224589,0.01504670481842557,-10.83436263029902
9.682324783204268e-17,4.213923000780966,0.02004675544146123,-13.53785784605404
0.8564395056464518,0.05052019314695144,0.4110802793484397,-18.08843130013013
2.968341761838716,5.930811778246991,0.007439193208785333,-54.82618543102146
0.4251922405669283,0.9918668522899239,0.1596432636065335,-21.09345014484186
1,0,1,0
0.4464290110928264,0.865976624102359,0.1760357813147075,-23.95946654366733
1.028145822447522e-15,2.673722897911158,0.05100856708069201,-11.72724462491629
1,0,1,0
5.840566125974614e-16,4.108869202817473,0.0213294379991823,-17.70757822732284
1,0,1,0
5.840566125974614e-16,3.206049128886072,0.03668322075993885,-11.62602772424465
0.9137378235824127,0.01674376404304923,0.4485214848663205,-18.42317406624388
1,0,1,0
1,0,1,0
5.840566125974614e-16,4.108902214699288,0.0213290216524829,-11.30854932420024
6.728744545674702e-16,4.703126175705766,0.01505390299570197,-11.52637925713208
1.028145822447522e-15,4.108803470858732,0.02133026703777641,-23.4152226973329
0.4185448982966371,1.034832041740724,0.1545132279429176,-12.26069428159165
0.4731266889729766,0.7294420723965302,0.1965320471899596,-12.74517439449568
0.4867141327939782,0.6678420440844945,0.2069024909353288,-19.18366004944511
9.682324783204268e-17,2.6737229799188,0.05100856445293833,-11.72670147579572
6.728744545674702e-16,4.227803359715843,0.01988343792506936,-17.35528498829614
0.4242203921505341,0.9980401384961972,0.1588926010970554,-14.98671818024055
0.6589618828306867,0.4012123043329012,0.2632319178802048,-22.12668011877724
1.863173451230637,1.268670815126669,0.1300080911467781,-35.52695129416638
5.840566125974614e-16,4.486539385481549,0.01708138329551739,-12.09856757832956
1,0,1,0
9.682324783204268e-17,4.319199829737393,0.01884231943587722,-10.21763456073568
0.6304008909143333,0.2493769737377463,0.3087570557115438,-20.05392355584583
1.727963259594174,1.003611636333176,0.1582190864687836,-32.97428075141939
9.682324783204268e-17,3.165185116335241,0.03761195370584636,-10.42782458964588
3.17603086687411e-16,4.713642970523932,0.01496208758774115,-10.92522942767492
9.682324783204268e-17,4.713652077186065,0.01496200833666145,-11.15208449616325
9.682324783204268e-17,3.652143883560431,0.02799854363236215,-11.51263209471732
1.028145822447522e-15,3.096242073823614,0.03923662253292226,-11.99817769207661
3.17603086687411e-16,3.6521402692672,0.02799860438666574,-11.31210440063125
6.728744545674702e-16,3.165185116367887,0.0376119537050944,-11.12239997283457
1,0,1,0
1,0,1,0
1.028145822447522e-15,3.095908211558012,0.039244671450608,-19.68500544257478
0.4276373666449949,0.9764255099186236,0.1615414432024664,-12.79267041733197
5.840566125974614e-16,4.713652103485284,0.01496200810779208,-11.15288428367379
9.682324783204268e-17,3.754320252773418,0.02633560388339579,-11.53513727642972
1,0,1,0
1,0,1,0
1.028145822447522e-15,4.227803354007889,0.01988343799194181,-40.03088813010888
2.287852447174094e-16,3.652132123878886,0.02799874130672614,-10.8194123004026
1.028145822447522e-15,4.59017845689123,0.0160778330371289,-24.34659793323875
9.555848176237971e-17,4.923982033729782,0.01324320104849019,-10.52802909128927
1.028145822447522e-15,4.319176949743458,0.01884257279413248,-16.96211258145481
1,0,1,0
1,0,1,0
5.840566125974614e-16,4.910648594438875,0.01334580828877502,-12.73040274859738
2.449231293967717e-15,2.863569614055308,0.04530311306615986,-18.59537117190418
1,0,1,0
1.038263951005382e-15,2.566873642776969,0.05456160061197868,-35.90359769772766
1.028145822447522e-15,4.213923098145109,0.02004675429094155,-18.83901864687927
1,0,1,0
1.028145822447522e-15,4.227803354023507,0.01988343799175879,-26.1282786020702
6.728744545674702e-16,3.096242071876969,0.03923662257984778,-11.79651707619281
1,0,1,0
2.287852447174094e-16,4.319242978507052,0.01884184164402147,-11.1123628758626
1.422672307937666,0.2213223393619046,0.3190171020376616,-34.10956106363591
1,0,1,0
2.804502661847769e-15,2.117172184909556,0.07282762993521918,-13.29576877951715
9.682324783204268e-17,4.713652080242682,0.01496200831006117,-11.15237866583685
1,0,1,0
1.419982539521689,0.2190951022763272,0.3198651358350905,-34.18430080121761
9.682324783204268e-17,4.779864923280854,0.01439718962409475,-12.47720772033667
6.728744545674702e-16,4.703126327705,0.01505390166445919,-13.50308078483226
1,0,1,0
1,0,1,0
8.48884454792928e-15,3.651967378874815,0.02800151074349438,-88.49653614562233
1,0,1,0
3.17603086687411e-16,4.910648038255353,0.01334581258606876,-10.89317426440031
1,0,1,0
9.682324783204268e-17,3.206049139373505,0.03668322052477019,-11.62634590438044
9.682324783204268e-17,4.703126017381305,0.01505390438234261,-11.52734299016076
1,0,1,0
1,0,1,0
1,0,1,0
9.682324783204268e-17,4.638322171551124,0.01563277784258782,-21.80563468475325
0.4747095024585289,0.7224453026059265,0.1976714875853061,-21.01193685601655
0.4642618216772981,0.7720186363979629,0.1897966473050262,-14.79649803646161
1,0,1,0
0.4866742005097298,0.6680299092968731,0.2068696573304905,-13.26112321272694
0.5146776259894814,0.5566723729541678,0.2278020549339164,-26.11968738645346
1,0,1,0
0.4278160268344585,0.9752883757430695,0.1616824026203577,-17.99306261688678
1,0,1,0
1,0,1,0
1,0,1,0
0.9475681768030744,0.005896957161489524,0.4693946476339835,-22.3854542187244
1.398605324136914,0.2015522728713819,0.326735401406672,-27.03492458860756
0.6460580886013356,0.2217100184549921,0.3188700238917022,-19.27389414313291
1,0,1,0
9.682324783204268e-17,4.703454999473923,0.01505102337165065,-10.42778973419434
1,0,1,0
3.17603086687411e-16,4.319232868399233,0.01884195359340218,-10.91237198855664
1,0,1,0
0.473582149177199,0.7273047528109373,0.1968791102652048,-20.74361009411059
1.028145822447522e-15,4.108845787307075,0.02132973332137938,-17.83797190218266
1.028145822447522e-15,4.703784123263489,0.01504814169503943,-19.55486526352083
6.728744545674702e-16,3.206038974251879,0.03668344846673371,-11.42534766175055
6.728744545674702e-16,2.673905873680813,0.05100270439504045,-13.45356227483052
1,0,1,0
0.4866642629304576,0.6680696887952919,0.2068627059704433,-11.08648237080587
6.728744545674702e-16,3.165185116254364,0.03761195370770931,-10.22218554742591
3.17603086687411e-16,4.911142163338656,0.01334199534733577,-11.1038399076789
0.4629573269778699,0.7785115923369119,0.1887983673309611,-12.52160757468333
1,0,1,0
0.4731266586518905,0.7294422126865641,0.1965320244381934,-12.29380755758034
1,0,1,0
1,0,1,0
2.731941657024047e-16,4.910977308256129,0.01334326876752573,-11.99340278298918
1.028145822447522e-15,4.383299812697494,0.0181463355920668,-17.37499418514057
5.840566125974614e-16,3.88175720597506,0.02440672134075983,-10.89427501669625
1,0,1,0
1.028145822447522e-15,4.674837000593371,0.01530380361605815,-17.15194917929155
0.5327422446188398,0.4939547468525554,0.24108423313041,-13.08931933693182
0.856869702822815,0.0501797866996867,0.4113753631932041,-37.08700437530446
1,0,1,0
1.028145822447522e-15,4.385340722673455,0.01812462309544621,-23.276713225031
0.4629874671855158,0.7783350361798256,0.1888254145455293,-18.40230207272831
1,0,1,0
1,0,1,0
1,0,1,0
1,0,1,0
1,0,1,0
1,0,1,0
1,0,1,0
2.804502661847769e-15,4.213923098200127,0.0200467542902914,-33.96467029847607
2.804502661847769e-15,4.319210009672879,0.0188422067110029,-17.6570108850537
9.555848176237971e-17,4.703126168036327,0.01505390306287258,-11.52642592021217
1,0,1,0
1.031629448091812,0.001915871320981921,0.482543604363375,-27.98097294373219
2.455973746050204,3.65873181773928,0.02788803614015345,-52.36536658596338
0.5164937901994141,0.5500651968369361,0.2291455280057412,-13.40085333160484
1,0,1,0
1.028145822447522e-15,4.319133986057146,0.01884304855585262,-23.55967850442099
0.9328372738851733,0.009875869722264952,0.4604193088825904,-26.66788637597769
9.682324783204268e-17,3.206049137684506,0.03668322056264406,-11.62629465416731
0.7487479954923677,0.0922938884732929,0.3806404791736295,-12.75431591507453
0.8378914910340467,0.06629024139785145,0.3984084050283391,-19.95411703898393
9.682324783204268e-17,4.108836600067811,0.0213298491942831,-17.01747992797094
1,0,1,0
0.4062284809581942,1.120053606103284,0.1449534557570699,-25.14324699913416
2.449231293967717e-15,3.760708041278413,0.02623517774147938,-20.08248594200297
0.9460453111613599,0.006257831515497969,0.468473973895712,-19.40211837001562
0.8510903615070562,0.05480763323304672,0.4074496743865781,-25.90995850302158
1,0,1,0
0.4629231986318525,0.7786857319106311,0.1887716956633372,-11.40701982669626
0.4296473920244485,0.964088776585001,0.1630794294896006,-50.3749670633485
1,0,1,0
1,0,1,0
1,0,1,0
6.728744545674702e-16,3.165185116335241,0.03761195370584636,-10.42785581073341
9.682324783204268e-17,4.674837085082721,0.01530380286327337,-17.15412095002643
9.682324783204268e-17,4.910742992435573,0.01334507895338166,-19.59501836028325
6.728744545674702e-16,4.674860001677949,0.01530359868199038,-17.89923611309232
6.728744545674702e-16,3.206005988422305,0.03668418814909585,-10.73154286864075
1.028145822447522e-15,4.227803359715843,0.01988343792506936,-30.90878680723634
5.840566125974614e-16,2.810879656566282,0.04681351192632593,-12.4487745598576
1,0,1,0
2.804502661847769e-15,4.213923011408596,0.02004675531587802,-19.67017298161953
1,0,1,0
2.804502661847769e-15,2.116563029128638,0.0728566093516449,-12.92948365014264
1,0,1,0
1,0,1,0
5.840566125974614e-16,2.116825488261114,0.07284412176899063,-13.16642520537071
0.8132282795930953,0.09153536454438438,0.381117128538409,-32.38706045161958
3.17603086687411e-16,3.652140277162182,0.02799860425395523,-11.31252063065288
9.682324783204268e-17,4.776617581472699,0.01442436604165331,-12.72877672601551
2.287852447174094e-16,4.383299258080644,0.01814634149613215,-9.975055132017104
5.840566125974614e-16,4.213923218406038,0.02004675286985824,-12.73325548268179
9.682324783204268e-17,3.652120296068311,0.02799894012779852,-10.4125192487828
9.682324783204268e-17,3.206016130077991,0.0366839607284084,-10.9324175574317
1,0,1,0
0.9473468470889576,0.005948755987553511,0.4692607881059083,-17.47327728692879
3.17603086687411e-16,4.713619339992306,0.01496229323539738,-10.45883313842434
2.804502661847769e-15,2.116741105045712,0.072848136387548,-19.92810025887103
1,0,1,0
5.840566125974614e-16,4.383693495311768,0.01814214522793745,-11.07559580631934
1.028145822447522e-15,4.910742924277095,0.01334507947997099,-19.84513541585254
1.028145822447522e-15,2.543505556665828,0.0553743278522329,-13.99675201506449
0.474632802225371,0.7228028937583382,0.1976130227418557,-14.86717549651243
1,0,1,0
1,0,1,0
0.4627967330662896,0.7793189197463271,0.1886747596698739,-12.95824259869577
1,0,1,0
0.5326037659452897,0.4944090313525606,0.2409835505450289,-18.0071907468939
1,0,1,0
1,0,1,0
6.728744545674702e-16,4.674903071444977,0.01530321494853865,-11.30343886422898
5.840566125974614e-16,4.910812809854331,0.01334453955847659,-11.29963805364408
1.028145822447522e-15,4.674837094027694,0.01530380278357529,-17.15418386299474
9.682324783204268e-17,4.674903030276692,0.01530321531532586,-11.30282736663059
5.840566125974614e-16,4.7519608940108,0.01463246396483436,-29.60718052768717
1.028145822447522e-15,3.095908219681725,0.03924467125473574,-27.11950180037776
9.682324783204268e-17,3.206038961288669,0.0366834487574208,-11.42495419583781
1,0,1,0
5.840566125974614e-16,4.91114216260852,0.01334199535297542,-10.90315697461525
0.4728517258116612,0.7307395464616278,0.1963217888741177,-18.32364875500099
1.394575374567545,0.2971931511734738,0.2928237185677379,-32.6586424197366
0.4280109116040348,0.9740920914348692,0.1618308696139073,-15.80396396833533
0.406140916157562,1.120705892195801,0.1448832539643787,-13.10391146783258
0.5148042683361481,0.5562092719253187,0.2278958147503843,-13.09154789342209
0.9476927490594621,0.005867985183606095,0.4694697755391716,-26.15354208044909
0.8150108363834504,0.08954274684924002,0.3823796325162217,-26.06784868075257
1,0,1,0
2.804502661847769e-15,3.095875702123294,0.03924545529921958,-26.37730863609752
1,0,1,0
0.4747470898773149,0.7222698619845183,0.1977001805982685,-13.94675799173203
1,0,1,0
1,0,1,0
9.682324783204268e-17,4.486539385481546,0.01708138329551745,-11.20392210268385
1,0,1,0
1,0,1,0
5.840566125974614e-16,4.21392299946374,0.02004675545702644,-21.63705343902998
2.804502661847769e-15,3.206006176473757,0.03668418393213846,-18.22356596621767
0.5155647816289466,0.5534327271520425,0.2284592330611852,-22.05699356494649
2.287852447174094e-16,3.754304876615802,0.02633584611123985,-10.64012960740122
1,0,1,0
0.9741493500808285,0.001380987568836645,0.4851780617234167,-19.09951343590357