dN/dS,LRT,p-value,Log(L)
1,0,1,0
0.4056663084836599,2.247262929028238,0.06692548447353208,-23.67149418053883
0.2078952336828806,4.475818234042791,0.01718886896822441,-31.63991490553818
0.2028712403569133,4.660976991146306,0.01542781476609884,-16.04075488747051
0.9366639879156626,0.01310515083345365,0.4544295493210984,-32.45427689165446
0.426027603938828,1.972191521924344,0.08010771818524864,-33.4969392563563
0.1830687071414279,5.520739157635653,0.009396158386348441,-13.67602872834792
9.555848176237971e-17,10.91254034969137,0.0004775772620191354,-12.01539879100813
1.35693605343761,0.5049766529790674,0.2386607739764069,-58.15440904598857
9.555848176237971e-17,8.571555169635065,0.001707276874464592,-12.39103324159361
0.5351723556335216,1.457828277375825,0.1136379904536902,-40.54881222553953
0.3057845410157775,2.168393166930684,0.07043668120346397,-47.37920765555054
1.037441791050442,0.006660849024370918,0.4674768242128068,-61.0624984532475
5.840566125974614e-16,8.334194109034279,0.001945286636038157,-28.71425482432313
1.235320338492593,0.3446379024615851,0.2785821461584284,-68.86130558037877
0.9038247737526636,0.04223035372450568,0.4185906504776893,-52.4687962071274
0.7000721083019136,0.4301190011509135,0.2559652810067999,-44.98612051267405
0.1860243864826566,5.380222180595837,0.01018314209965987,-40.09315174108455
0.4334056787963486,2.823161260650728,0.04645662275795959,-29.40396738350358
0.7812508678587186,0.2646797062836583,0.3034616043285961,-86.37431474058182
5.840566125974614e-16,9.863247096576799,0.0008430662475599204,-23.56153388163583
6.728744545674702e-16,4.700656753643621,0.01507554693853974,-24.89041688935752
1.00752376438745,0.0002916914105242085,0.4931868057196318,-49.04050839487314
5.840566125974614e-16,4.700355350578583,0.01507819089017687,-20.38604162220465
3.17603086687411e-16,6.412865415905397,0.005664821949030285,-12.03206248913857
1.169148722579595,0.1157275808186142,0.3668576402386154,-46.81056734580235
5.840566125974614e-16,10.74465656546741,0.0005229042358469438,-21.46782450804027
0.2027589727806272,4.665245095146091,0.01538951504455527,-20.38346109173033
0.5501934093572919,1.316988417594416,0.1255666258158808,-33.47220137121557
0.9349384983941119,0.01847317416292071,0.4459438213782427,-69.13476143641115
0.3274236624459428,1.872929644250867,0.0855699603176604,-23.2744762491024
9.555848176237971e-17,10.9126450147129,0.0004775502797623177,-12.71066190090837
1,0,1,0
1.055219530787698,0.01205263575985782,0.4562901432029106,-59.65292080963541
0.9403892014336908,0.01923900383378907,0.4448417376870211,-53.45020128316911
0.3769838229133379,2.705290810387332,0.05000792135694465,-22.18014192849938
1.636234895867189,1.033368362772052,0.1546844235597033,-50.72298080019429
0.46671085919758,1.519800568500656,0.1088248378673501,-37.43376093296717
0.3146032782258198,2.042174659129678,0.07649539625719159,-23.85666200677209
1.33206833414752,0.448762578251646,0.2514615863637527,-52.71287797102953
0.8931757540124083,0.06615303969488195,0.3985112918659378,-73.73077913125134
0.8118184484369263,0.1861727244390039,0.333060650360664,-48.5581458049441
0.9301973313069781,0.01606390443956229,0.4495717238778572,-41.45261566140143
0.6083730574524703,0.8787461720107217,0.1742726614511586,-41.58528105612271
0.9353194619160737,0.0136934679396461,0.4534224620212144,-46.25566349457189
1.167843141148539,0.1141190406729322,0.3677512656387556,-52.44153349688743
0.1856382309195853,5.398297613782645,0.01007820151436201,-21.18962446617054
0.9042110504583097,0.04186828349187977,0.4189355269371677,-47.32415023765392
0.23988341325184,3.477815610221256,0.03109839532792702,-20.83201843415927
2.287852447174094e-16,9.863154910776494,0.0008431084918750775,-16.65876913101658
9.555848176237971e-17,6.412865871828778,0.005664820494543532,-12.03882695599056
5.840566125974614e-16,10.67295401612821,0.000543566829912967,-17.90419225198012
0.8308920663092845,0.1459009412502752,0.3512418763248836,-43.92126125411539
0.7001126223896654,0.4301290448689628,0.2559628173654302,-34.84473653067614
0.4515640573689247,1.675193947764399,0.09778214491565784,-42.72588821077122
0.2769701315256426,2.649235522616728,0.05179985366209222,-20.04190879920489
0.3716421173985903,2.799320439436798,0.04715213445136451,-21.51571220040102
0.405909027201312,2.243753690856153,0.0670774796430455,-40.26726140691644
0.2026583178058845,4.669145350497253,0.01535460288851137,-22.34775414135993
9.555848176237971e-17,8.866312771601944,0.001452406382847715,-11.62921173839315
1,0,1,0
0.6212896469956347,0.8002720764264097,0.1855060178241377,-33.21634583566014
2.287852447174094e-16,9.863352310759005,0.0008430180355850081,-18.60656203276306
0.6234757560330585,0.5250203191520342,0.2343539889784428,-43.79640557311664
3.17603086687411e-16,8.866312736861971,0.001452406410487994,-14.21864629340067
2.287852447174094e-16,7.22673201845712,0.003591291968500443,-16.73730819948713
3.17603086687411e-16,9.654881832953137,0.0009442452048015193,-31.13849731236197
3.17603086687411e-16,9.863411201574763,0.0008429910514448635,-12.2737050632773
0.2330867487363625,3.657147517090195,0.02791456923533508,-37.65144258923279
1.31486062563173,0.4785867478833978,0.2445315800416427,-56.35377807051099
3.17603086687411e-16,9.863411215895511,0.0008429910448831124,-12.27414185380233
0.6769634519978384,0.5213232725841834,0.2351388784317291,-36.74708087350881
0.2026941200646643,4.667611222834495,0.01536832538419791,-40.42847113682757
0.8198471113771219,0.1264359420660455,0.3610781908024095,-31.49757665796398
0.3902872089864448,2.481972935135424,0.05757885922525402,-31.75738623158731
0.783170559308059,0.2592248299297921,0.3053266038939998,-36.71507984545271
0.9317356378122497,0.02554268957005945,0.4365111175397051,-47.97092406635123
0.6238081896974079,0.5237445709046966,0.2346243554871881,-44.27453394231953
1.967775033116434,2.216275768783845,0.06828106552732455,-56.74278606152303
0.8277958927926595,0.1520371910664267,0.3482980490713929,-50.60364857475087
1.245007753922183,0.2676015036794297,0.3024726303508926,-84.29400352016333
1.132081733927847,0.05900027669653696,0.4040415390804484,-70.84837023617071
1.449167739768991,0.8526293568266112,0.177904784099071,-81.40338632405332
0.2130111834848992,4.289387294076946,0.01917549190943885,-23.22572137219087
0.4249717900667168,0.9935517425325031,0.1594379221522483,-41.58083012619399
1.370203752168337,0.6255651168425516,0.2144933700570659,-98.07843504909206
5.840566125974614e-16,11.21596823718961,0.0004054824360380516,-21.07578085694887
0.2024787048130393,4.676149293721075,0.01529211597709895,-21.02919777220627
0.2830651489468385,2.53862365175388,0.05554579329598974,-36.69242184694591
0.2828448472326388,2.542564984138167,0.05540731791063536,-29.16529509942506
3.17603086687411e-16,9.026109074613593,0.001330751967501098,-26.52582410392256
3.17603086687411e-16,8.334332004489347,0.001945138985786188,-11.98199648912526
9.682324783204268e-17,9.618829068578634,0.0009629624394887348,-28.5498986218517
0.4143542217631087,2.126302789224795,0.0723948119385564,-38.9535346850985
0.7498723094924891,0.3649287186030392,0.2728908059346318,-34.99263131802323
1,0,1,0
1,0,1,0
0.1950660853022583,4.978173209958527,0.01283453720760164,-68.4233237045411
1.103478563334619,0.05625328114588513,0.4062594516501678,-54.85484155943704
1,0,1,0
6.728744545674702e-16,10.6726003467936,0.0005436707679801756,-48.80768670743405
3.17603086687411e-16,9.385544414100252,0.001093515479394791,-11.57971270697893
9.555848176237971e-17,11.24470007502693,0.0003992534759399979,-12.58388160317189
3.17603086687411e-16,9.863345450615363,0.0008430211790026454,-11.17373435210341
0.37473120845964,2.743650864640244,0.04882072895133971,-32.89766518376019
0.7484222016153235,0.3700661844708009,0.2714840970912452,-34.87720904770673
9.555848176237971e-17,10.00999008836519,0.0007784668014226281,-11.86386100001463
9.682324783204268e-17,8.571405211437821,0.001707417495112273,-32.67755416520987
5.840566125974614e-16,11.21629735930239,0.0004054105303459843,-28.01955962005342
9.555848176237971e-17,7.065668413105527,0.003928749654043384,-13.63254350683835
0.4260871436980942,1.971368999226129,0.08015131272224463,-61.89572227099584
9.682324783204268e-17,11.21432642140536,0.0004058413279907636,-19.95830895331817
1,0,1,0
0.2070389717882583,4.504878191163904,0.01689915169163458,-22.48003681196128
0.8215032809424002,0.1237940917970661,0.3624776871106219,-30.47221966073619
0.4142992369820456,2.127051139297777,0.07235946660508591,-30.64597952619352
1,0,1,0
9.682324783204268e-17,10.47713532554849,0.0006043050757806312,-36.62359627913877
3.17603086687411e-16,10.76671328208395,0.0005167092936391171,-10.50297775593194
4.004733053112191e-17,9.618828399112449,0.0009629627905197724,-12.94249409810158
1,0,1,0
0.3663242736857332,2.897314117326488,0.04436364042069113,-20.92355077306911
2.287852447174094e-16,6.107130780201096,0.006731876275596405,-21.66789360544456
5.840566125974614e-16,8.334273607022396,0.001945201512928763,-30.21446999281633
9.682324783204268e-17,7.067676335432431,0.003924349061929011,-17.62812823261499
1.041105105442975,0.007996808501928854,0.4643721271206956,-64.21582070819454
0.7793104572669072,0.1351927348977,0.356553822082779,-51.69697306049853
0.3714265453354254,2.803181124179972,0.04703874186088924,-40.887419680185
1,0,1,0
5.840566125974614e-16,10.01025319182693,0.0007783555983827406,-18.16393844042722
0.2255623644969445,3.883091418150016,0.02438733500381363,-45.24767129549945
6.728744545674702e-16,7.312967751205058,0.003422938693732613,-19.32852034823509
6.728744545674702e-16,7.312902120298169,0.003423063707826191,-25.17562039539435
9.682324783204268e-17,5.133754912937185,0.01173245593684619,-26.03230894331411
9.682324783204268e-17,8.866312771599063,0.001452406382849991,-27.84937071449796
6.728744545674702e-16,6.412800556362313,0.005665028867853916,-18.62094179668537
6.728744545674702e-16,11.21415886670172,0.0004058779725810147,-45.79282963482288
0.1951075952254909,4.976421195732215,0.01284754233400248,-43.00369825252228
9.682324783204268e-17,5.133640398929089,0.01173322996233112,-21.46347696616161
0.413772421458979,1.067583770776977,0.1507459266223314,-54.404500040304
0.4053130339906237,2.252374783961663,0.06670476372989798,-26.37808496287943
3.17603086687411e-16,11.24456879302405,0.0003992817163664952,-24.56490672334638
0.2128959544472282,4.293384442281798,0.01913046531977297,-20.74165008393644
3.17603086687411e-16,10.61583486497576,0.0005606165940077457,-11.86203482751258
3.17603086687411e-16,7.067676372292595,0.003924348981191983,-18.54570227410333
3.17603086687411e-16,9.863385091446425,0.0008430030151609924,-11.8174406023788
0.5585912538519868,1.245036572249575,0.1322512934222509,-33.33343423036991
3.17603086687411e-16,8.866312771532542,0.001452406382902949,-14.52667343801429
0.2332745243368883,3.657188498781082,0.02791388255668498,-48.75289723018971
0.2129323654862871,4.292114089426136,0.01914476340988119,-26.3487514044892
3.17603086687411e-16,11.24463447663423,0.0003992675867352524,-18.43095887096667
5.840566125974614e-16,10.48074516430944,0.0006031254716038492,-23.77955394040611
3.17603086687411e-16,10.67301975125713,0.0005435475135682211,-11.77100124970378
0.4170358692013292,2.091388807847459,0.0740656772838898,-31.48092389795505
0.8312388775644232,0.1088917803922982,0.3707046862794715,-30.55470041491396
5.840566125974614e-16,5.811370093475396,0.007961442102564387,-21.49693583341605
9.682324783204268e-17,8.866312771593314,0.001452406382854599,-44.45477068908149
1.028145822447522e-15,4.827591579351136,0.01400386470680848,-39.12112763101079
1,0,1,0
3.17603086687411e-16,10.67305257383322,0.0005435378688756765,-12.46481684140134
5.840566125974614e-16,8.334310970755944,0.001945161506720028,-18.31144550467131
5.840566125974614e-16,9.618829068634241,0.0009629624394595915,-13.8745285894583
0.7003156140487442,0.4293920824491622,0.2561436974970007,-29.1525937508315
5.840566125974614e-16,11.21613318998433,0.0004054463959951571,-30.49141102517003
0.1856331576875175,5.398558456593875,0.01007669535289962,-16.55286278636808
0.2070512072045512,4.504420105650951,0.01690367883251426,-64.26052794276615
6.728744545674702e-16,9.61882906668238,0.0009629624404830506,-41.67366537489589
2.287852447174094e-16,7.067676379057488,0.003924348966374447,-31.22722444218451
0.2079337574252014,4.474406739610998,0.01720307258499898,-38.65317126367258
3.17603086687411e-16,7.226732018786173,0.003591291967842192,-11.79140907886164
3.17603086687411e-16,9.863312802512631,0.0008430361390011631,-24.66134548784263
1,0,1,0
0.1996894912084411,4.786408378643117,0.01434259043492747,-19.79861535970402
1,0,1,0
3.17603086687411e-16,10.76687267182391,0.0005166647979576444,-12.9622190175921
9.555848176237971e-17,6.107399544823188,0.006730852622029992,-12.70071278151971
0.2070511542260913,4.504426683868637,0.01690361381271921,-28.04527341572853
5.840566125974614e-16,10.2476016227436,0.0006843121272142594,-20.51549946883608
1,0,1,0
1,0,1,0
0.1951340585382103,4.975303260842317,0.01285584786993205,-25.87548510472834
1,0,1,0
3.17603086687411e-16,10.24760162281319,0.0006843121271884467,-11.9384108843608
5.840566125974614e-16,8.33427608437308,0.001945198860346498,-31.1989754050117
0.1884257478251507,5.271252367614018,0.01084020481440162,-22.05380155079409
3.17603086687411e-16,11.24447695508674,0.0003993014730733768,-16.42852390800597
9.555848176237971e-17,11.21629749435358,0.0004054105008430287,-13.19295162580129
0.7006312049773082,0.4282401593359211,0.2564268705382147,-31.94052772579223
0.2026236431055133,4.670519963442693,0.01534231807474984,-20.33548763049513
1,0,1,0
2.804502661847769e-15,4.829055939539472,0.01399197495952909,-49.30071023086151
3.17603086687411e-16,8.866312736894439,0.001452406410462181,-11.38914459170831
1,0,1,0
5.840566125974614e-16,10.74350614082205,0.0005232294024902773,-12.49635495110179
1,0,1,0
2.287852447174094e-16,7.066460210427394,0.003927013737109186,-27.12398479447425
3.17603086687411e-16,11.21629419265543,0.0004054112221248962,-20.56564023530428
0.207895240779484,4.475818011638694,0.01718887120527129,-22.73486568029275
0.355826952031862,3.103481855499453,0.03906251869155103,-27.90209132870738
0.6087871583825957,0.8761237259017776,0.174632781104143,-47.38102878795043
0.1782976178091064,5.761124977966659,0.008192289040709455,-33.41882984517517
4.004733053112191e-17,10.24760159401277,0.0006843121378723449,-14.52830367078269
0.2070115193551846,4.505894419231026,0.01688911309416452,-16.1798624710361
3.17603086687411e-16,10.24760162281319,0.0006843121271884467,-11.64967106564654
5.114956077737342e-17,9.654881815778225,0.0009442452136296797,-13.67816837166165
0.4278796795114764,0.9753269401045657,0.1616776195140742,-35.70855686947021
0.2129436721459894,4.29158458364995,0.01915072641659449,-44.62549546025965
3.17603086687411e-16,7.226732018786169,0.003591291967842192,-11.7913759173783
3.17603086687411e-16,9.863312631807077,0.0008430362172224815,-10.88634482993629
0.1782032616674843,5.766000881542183,0.008169587881981299,-30.89140854328701
0.1832264429844433,5.513071319112804,0.009437436981081071,-13.32085231572183
1,0,1,0
0.2255233354339094,3.884278322878025,0.02437010273364371,-25.42175152627992
4.730343101349462e-16,11.24453593528527,0.0003992887847993343,-23.87082966010001
0.2254542755246502,3.88637949379121,0.02433962805482454,-21.94576853183098
0.233171522521581,3.660164516885789,0.02786406502624067,-15.39253603725846
0.2129324634314613,4.292178509605829,0.01914403807758214,-14.72467212565731
5.840566125974614e-16,10.67292816787927,0.0005435744256414021,-24.89494650041124
1,0,1,0
1.000961350496879,4.604201748747982e-06,0.4991439740993621,-46.20478470681353
0.2026940170159278,4.667740397464598,0.01536716944755606,-29.40941802252997
0.4054754117459415,2.249997024900182,0.06680732974687481,-34.71567559322873
0.1832126452033201,5.511284678653617,0.00944708196249322,-31.78850279218654
5.840566125974614e-16,5.134485701975503,0.01172751761923929,-12.8913431779679
9.682324783204268e-17,10.00979330624943,0.0007785499836686083,-18.85586319177265
4.004733053112191e-17,8.866312736860404,0.001452406410489271,-12.48777143024929
1,0,1,0
6.728744545674702e-16,10.76670890870481,0.0005167105145783557,-37.84918763219798
5.840566125974614e-16,7.066673830631018,0.003926545535801351,-19.3170894141241
3.17603086687411e-16,10.7666478165447,0.0005167275703031882,-10.09566145930568
3.17603086687411e-16,8.334334386357636,0.001945136435523465,-12.21860095564143
0.5856909485510303,1.032963121522073,0.1547318651929301,-43.42085114318439
9.682324783204268e-17,8.334311041965442,0.001945161430475129,-18.31405286454062
1.037136812573233,0.006553669838368137,0.4677389735014825,-62.53018394067871
0.2026372474080439,4.670009194504587,0.01534688158194841,-16.79914814599538
9.555848176237971e-17,11.2162966689224,0.0004054106811648417,-14.01897625660218
0.2829875861178597,2.540009698387131,0.05549705235720093,-28.49875852193772
5.840566125974614e-16,8.334320243369561,0.001945151578448989,-18.5183314354163
9.682324783204268e-17,7.312711955459093,0.003423425961135595,-22.73026595740709
6.728744545674702e-16,8.866312771555684,0.001452406382884519,-28.49794832616267
1.037574982393828,0.006707205464223875,0.4673640992042181,-55.92631211820728
0.1438464843166322,8.01655005599288,0.002317589195258041,-15.81736213696755
5.840566125974614e-16,8.866312771601955,0.001452406382847715,-19.72484405685324
1,0,1,0
9.555848176237971e-17,10.74630164594995,0.0005224396101748408,-11.80876770910535
3.17603086687411e-16,9.618828400271571,0.0009629627899119808,-14.26232788959057
0.7501854635258188,0.3638171652885944,0.2731969422791427,-34.88441620301886
1.814517909313311,2.930745094966113,0.04345368735869592,-85.32786486027686
0.3722537658595811,2.788286564488061,0.04747785460695025,-29.40071497054816
5.840566125974614e-16,6.412965299765489,0.005664503308689783,-13.7991897640711
0.1951940371327703,4.972773761660136,0.01287466101250345,-47.15138946590316
5.840566125974614e-16,6.106795239612261,0.006733154485918214,-12.69921926695838
1,0,1,0
5.840566125974614e-16,9.385475480204192,0.001093556598756873,-31.14631239320008
9.555848176237971e-17,8.571529383519451,0.00170730105410033,-11.45916675072367
9.555848176237971e-17,7.31300054594206,0.00342287622789389,-12.7882241500944
1.201270367295152,0.1895091119905459,0.3316627468610391,-44.73218671376601
1,0,1,0
0.185633145906308,5.398558214825265,0.01007669674881478,-16.55262533753602
0.6393280926646999,0.6993102588028108,0.2015077772089779,-34.35310197750086
4.004733053112191e-17,10.74548096461418,0.0005226713457767707,-12.50077306170889
5.840566125974614e-16,9.385213923923899,0.001093712632454891,-40.75564021635228
0.1831912810771615,5.513547076194151,0.009434870374654347,-21.34261611634059
0.6218439603164426,0.7970275376758309,0.1859917877553622,-46.67775146047948
0.2129454656621453,4.291645821721886,0.01915003668711129,-27.1405725928488
2.287852447174094e-16,6.107129299216183,0.006731881916720861,-21.42162950816526
0.4142992683222232,2.127050699345787,0.07235948737875331,-62.61170450114263
0.1866624342048473,5.350708017831238,0.0103569288764806,-35.54369807334045
0.7215806576768032,0.5943398024762701,0.220372916904303,-44.24826894388652
1.016466360923219,0.001323280501821955,0.4854909075270957,-52.54347418690372
9.555848176237971e-17,10.2476016228132,0.0006843121271884467,-13.49434881497751
0.2079628889645828,4.473343311907129,0.01721378177209698,-34.75416096117935
5.840566125974614e-16,9.863221097042967,0.0008430781616777239,-16.52625062635011
0.2763028519511123,2.661825113844095,0.05139136825382579,-27.87604788027346
1.893643369607929,3.325427395235181,0.03410814098334014,-79.16861582328556
9.555848176237971e-17,7.226732018757428,0.003591291967899646,-11.33509848182346
2.287852447174094e-16,10.76680749114125,0.0005166829935092654,-18.66606716228305
9.682324783204268e-17,10.76674586385324,0.000516700197706943,-18.18962136173885
3.17603086687411e-16,8.334343673564707,0.001945126491757543,-12.67500398991905
5.840566125974614e-16,7.067676393896825,0.003924348933871002,-18.83265832479019
5.840566125974614e-16,8.33433445669862,0.001945136360209487,-12.22082748614185
5.840566125974614e-16,7.226732018785526,0.003591291967843468,-18.82034787043242
1,0,1,0
1,0,1,0
2.287852447174094e-16,7.067342619896792,0.003925080088415578,-21.51917291454411
0.3746703397789023,2.744801363488385,0.04878560080806271,-27.92562260925495
0.1857108135271058,5.394869214182201,0.01009801947393973,-20.89353040063307
3.17603086687411e-16,8.571564452639489,0.001707268169878318,-12.8472391231328
1,0,1,0
5.840566125974614e-16,8.334311033778253,0.001945161439241283,-11.120178080355
2.804502661847769e-15,9.654881815380264,0.0009442452138342383,-106.6744193415639
3.17603086687411e-16,8.334296957860865,0.001945176510550928,-24.3679342659495
5.840566125974614e-16,10.47844898166217,0.0006038755361651993,-43.12148319899881
5.840566125974614e-16,11.24464143090538,0.0003992660907860546,-18.91979433513381
2.287852447174094e-16,9.863345580895498,0.0008430211193062864,-25.3535234256623
1,0,1,0
9.555848176237971e-17,10.61590084020981,0.0005605965918502043,-12.96445836236709
9.555848176237971e-17,11.21547543816504,0.0004055901255090588,-22.01265149430499
2.449231293967717e-15,6.539284012941778,0.005275890420005702,-44.60367193316093
9.555848176237971e-17,9.863385107942552,0.000843003007602372,-11.81794387215911
2.804502661847769e-15,5.842094530901875,0.007823594649970234,-36.93022152223526
5.840566125974614e-16,9.618828700316584,0.000962962632584996,-20.40839222634907
1,0,1,0
9.682324783204268e-17,9.654881816031633,0.0009442452134993951,-41.12270376356702
5.840566125974614e-16,7.067676366779466,0.003924348993267712,-18.34059144085717
5.840566125974614e-16,7.312934745180403,0.003423001563197525,-11.68763967159755
6.728744545674702e-16,9.863214279445486,0.0008430812858258308,-37.04635429972151
0.9343489837223647,0.0141264000635033,0.4526953017977031,-56.3714150606833
0.2025853681498649,4.672003886957619,0.01532906786192301,-21.0438997979751
5.840566125974614e-16,4.830427286501326,0.01398084994933324,-22.03355138820154
0.1857818274127669,5.391523428601076,0.0101173987448559,-20.89333647343052
9.555848176237971e-17,7.226732018757414,0.003591291967899701,-11.33496969321513
0.9285211994077416,0.01688587545169185,0.4483047081691587,-50.27063951001146
3.17603086687411e-16,10.91427442428226,0.0004771304227075279,-12.70963858297171
6.728744545674702e-16,10.74498480190373,0.000522811497551845,-33.37439903174046
1,0,1,0
1,0,1,0
2.804502661847769e-15,8.334156869580738,0.001945326511785528,-103.380860909066
3.17603086687411e-16,10.67299365153788,0.0005435551829182095,-11.31440708667367
9.555848176237971e-17,11.21251539031039,0.0004062375818651986,-13.56238289724629
0.2331931455302527,3.659501679523267,0.02787515252934319,-25.77814559565527
0.2734615768196648,2.717553080029965,0.04962502957624754,-29.51065343229105
9.682324783204268e-17,10.7436725568209,0.0005231823524866619,-19.48566793225031
9.555848176237971e-17,11.24470007228433,0.0003992534765299705,-12.58379796155796
9.555848176237971e-17,9.863352519547504,0.0008430179399152582,-11.12630309273422
1,0,1,0
2.287852447174094e-16,10.58732064588689,0.0005693293873219041,-34.49077229721793
0.2079647399488402,4.473273195674714,0.01721448811841186,-22.97372783006812
0.4059674265725797,2.242934055679918,0.06711303596326867,-29.77472340640206
9.682324783204268e-17,11.24441198011471,0.0003993154514609354,-43.50138979685322
0.4260697258654461,1.971664894398842,0.08013562686607256,-35.99964125093116
0.9018735899417571,0.04408579794026934,0.4168470334396052,-60.42563816553697
9.555848176237971e-17,11.21629740422788,0.0004054105205316683,-15.82687171115157
0.1872776136010083,5.321524079393079,0.01053179036193314,-26.51028504082498
1,0,1,0
0.3565482170694353,3.088936300465335,0.03941316061855799,-28.44216700429892
1,0,1,0
0.4143747761617753,2.126016130145857,0.07240835628940856,-30.9009317312881
1.531031187535476,0.7894138522375442,0.1871387113052819,-73.35553167744486
0.5656681189295519,0.7912920986128853,0.186854854540778,-28.66297160084943
0.2026189026705803,4.670666627749434,0.01534100795187215,-18.82936777598648
5.840566125974614e-16,10.74416425884097,0.0005230433609124119,-17.69547997224116
1,0,1,0
9.555848176237971e-17,9.863385299618461,0.0008430029197754596,-11.8206054601298
9.555848176237971e-17,10.74350612006222,0.0005232294083598599,-12.4964813605983
0.4141218473578149,2.129470663621248,0.07224532296575914,-29.25474557085601
6.728744545674702e-16,9.385511841851176,0.001093534908684413,-18.57241162195072
5.840566125974614e-16,10.74432779443767,0.0005229971418621027,-27.51843068245366
9.555848176237971e-17,7.312974425031609,0.003422925981654223,-12.33170462827729
5.840566125974614e-16,6.11031081700758,0.006719774606432083,-30.3983847481552
1,0,1,0
0.2129251654320613,4.292390611701503,0.01914165013968899,-13.7487361706688
1.028145822447522e-15,7.226732018781441,0.003591291967851629,-18.33089064872026
0.1782109627850391,5.765594546874709,0.008171477209201694,-34.68046979048419
0.6084002819147083,0.8785895009297136,0.1742941474847227,-30.83950390001375
1,0,1,0
0.2070511488456943,4.504426798768826,0.016903612677036,-14.95450087767072
1,0,1,0
1,0,1,0
9.555848176237971e-17,11.21613183930587,0.0004054466910877186,-13.57040510490365
3.17603086687411e-16,10.00992586295985,0.0007784939493101217,-18.16056770721597
0.2254578249730001,3.886273126788524,0.02434116979902895,-27.34892073697891
1,0,1,0
0.1873485139820094,5.318215088858253,0.01055180879927936,-32.55838896111202
0.6995124650299898,0.4323391501418996,0.2554216947675613,-31.57863802517518
1.881917013397418,3.264133188703084,0.03540521819156178,-79.66672390622735
1,0,1,0
1.028145822447522e-15,10.01755430914199,0.0007752761252707852,-68.45177164260791
1.014213471764672,0.0009888584484230023,0.4874568805335924,-63.16204888205695
5.840566125974614e-16,11.2162967607259,0.000405410661109662,-29.69867992922356
9.555848176237971e-17,7.312974419670091,0.003422925991866665,-12.33154105791401
3.17603086687411e-16,10.76684005406759,0.000516673903305509,-19.35882558525288
1,0,1,0
5.840566125974614e-16,8.571496815271125,0.001707331593838068,-17.09875174467249
1,0,1,0
1,0,1,0
5.840566125974614e-16,9.618828698083988,0.0009629626337556152,-56.95005166321263
3.17603086687411e-16,9.863214184534769,0.0008430813293184847,-30.10015728634543
4.004733053112191e-17,10.74350613837751,0.0005232294031814466,-12.49636983547726
1,0,1,0
0.9040170345319176,0.04204985369533176,0.418762385628337,-54.08422953719015
1.430390468670622,0.9107651639345704,0.1699557398803523,-76.48181724744204
0.4512835797350929,1.678208388391219,0.09758134289792281,-23.0319525218306
3.17603086687411e-16,11.24466722621107,0.0003992605419482209,-11.88983910797072
0.202690843207889,4.667825295096122,0.0153664097789899,-41.31271216229801
2.455024381465899,7.306409830968875,0.003435453330878357,-100.1487199739784
3.17603086687411e-16,7.31293494080154,0.003423001190577368,-18.63546361548807
1.308992114904658,0.2651312984748131,0.303308298893344,-36.93471631617348
1.28597084164838,0.4067889418413273,0.261801913819754,-57.25212551344844
0.2129340312441262,4.292022986962337,0.01914578921775256,-32.52629709979361
9.555848176237971e-17,6.412898128724855,0.005664717589564661,-12.72883209536191
0.1777742152048198,5.787997800074422,0.008067978354163896,-45.15040847143455
0.4660051339852694,1.526162177533166,0.1083446742980445,-62.09490540290356
0.6216867884626512,0.7979384251820107,0.185855231089295,-28.99760509156575
0.9317228795705026,0.02555278471812983,0.4364986790135014,-58.4386687940573
0.9176765641212943,0.03787604811279266,0.422846123759463,-49.33524133624989
0.4055712462716682,2.248630447700357,0.06686635759784243,-27.07118646820235
0.1866699932770759,5.349611889179641,0.01036344194657807,-155.1640213381516
1,0,1,0
9.555848176237971e-17,6.107312624893588,0.006731183659604845,-13.73465070527402
9.555848176237971e-17,10.74399896342007,0.0005230900815289541,-19.48919709770217
9.682324783204268e-17,7.226732018715332,0.003591291967983912,-23.97377356529269
3.17603086687411e-16,10.6729869321519,0.0005435571574139986,-18.3109650598567
5.840566125974614e-16,11.21440752698693,0.0004058235912187125,-37.06186614779849
5.840566125974614e-16,10.67296121185566,0.0005435647154061751,-25.59106670624551
9.555848176237971e-17,7.312941612509981,0.003422988482296496,-11.6380323638111
1.028145822447522e-15,9.654881832950508,0.0009442452048028516,-109.1346420809217
2.287852447174094e-16,6.412899707930258,0.005664712551680329,-19.49728687314114
9.555848176237971e-17,10.61583497108331,0.0005606165618378123,-11.86326525313499
5.840566125974614e-16,9.618828412441943,0.0009629627835305299,-27.63405014553517
1,0,1,0
1.028145822447522e-15,4.827661383983184,0.01400329769551245,-22.07053988557102
4.004733053112191e-17,8.866312736860401,0.001452406410489271,-12.48819862109096
9.555848176237971e-17,11.21613187186106,0.0004054466839751303,-13.570603354156
0.4136366540820994,1.068523868078572,0.1506395536267955,-44.51837621927348
0.5340587403696778,1.468588650684922,0.1127842524796249,-65.34635882554251
3.17603086687411e-16,8.334334390144107,0.001945136431469263,-12.21892561200976
5.840566125974614e-16,10.90580368141434,0.0004793171968484611,-20.83018941305085
9.555848176237971e-17,10.00992529743509,0.0007784941883600127,-10.76393248515947
9.555848176237971e-17,9.618829068634248,0.0009629624394595915,-13.87675843700761
3.17603086687411e-16,8.334343656382011,0.001945126510154938,-12.67416914573682
3.17603086687411e-16,7.312934221167687,0.003423002561339927,-18.62822947564078
1,0,1,0
0.4143163514592812,2.126819384616354,0.07237041053559817,-20.66808142674673
9.555848176237971e-17,10.76681096240982,0.0005166820244689174,-11.88940696543778
2.804502661847769e-15,4.830424155127943,0.01398087534201697,-41.56461303936911
9.555848176237971e-17,8.571564454631247,0.001707268168010645,-12.84740994596161
3.17603086687411e-16,10.01031888234806,0.0007783278362044066,-11.86460824950888
3.17603086687411e-16,11.21349967428356,0.0004060221719034418,-27.13492978724033
1.028145822447522e-15,5.811725139243556,0.007959834950462041,-28.14277859841945
0.4159628476141114,2.105818791152231,0.07336988897396818,-47.10884981300956
0.4260297340185693,1.972129744191676,0.08011099152927853,-33.44993194349837
1,0,1,0
0.8116725394185933,0.1865059664954742,0.3329203610543678,-46.11065651855819
1,0,1,0
0.466532595235166,1.521291942927533,0.1087120442419137,-42.26376950454644
1,0,1,0
0.2741236482847228,2.940449803459721,0.04319333693303673,-24.69512716901119
9.682324783204268e-17,10.67295400918431,0.0005435668319534459,-32.08193751148946
9.555848176237971e-17,11.21530836794437,0.000405626641280632,-17.88320313298826
5.840566125974614e-16,10.67301958036542,0.0005435475637840526,-19.00176194123408
0.1873251603892183,5.319359172472041,0.0105448829730776,-30.58955902789253
0.3674954215959081,2.870557375185598,0.04510681094458097,-69.98685214993431
1.028145822447522e-15,7.065338902073762,0.003929472297112713,-40.89378715453638
9.682324783204268e-17,7.312908820347708,0.003423050945323136,-18.42710391816232
1,0,1,0
3.17603086687411e-16,11.21629748404764,0.0004054105030944499,-18.13900543611877
0.4141776073100412,2.12870266735348,0.07228153202333226,-34.20644459063934
0.6090096832808731,0.8747372007204177,0.1748235905001529,-36.30742665130818
0.7511042305070359,0.3605733555008612,0.274093990452328,-39.20997665353736
0.355651637476339,3.107083420832012,0.0389762173876616,-24.31524768996637
0.6764705500402363,0.5234088592743618,0.2346955855068407,-28.998965152685
0.6213496915023332,0.7999181003311833,0.1855589286774733,-43.45334033422508
1.071721604847038,0.02807396597786749,0.4334675235662649,-53.57042966149027
1,0,1,0
1.028145822447522e-15,7.066788260778864,0.003926294757417792,-45.24197383410556
1,0,1,0
0.2078952322806499,4.475818324389778,0.01718886805947129,-29.72937543173673
3.17603086687411e-16,11.2446672232422,0.0003992605425868767,-11.88979388063488
1,0,1,0
1,0,1,0
0.1856333873622728,5.398588711057688,0.01007652067230597,-15.86513271283672
0.3894439490109098,1.248243173296096,0.1319441435807636,-18.34961622318638
3.17603086687411e-16,9.618828399462551,0.000962962790336197,-30.86274128671049
9.682324783204268e-17,7.312909032931358,0.003423050540386718,-25.66484211896773
0.9036347342488795,0.04240910438988976,0.4184209563027439,-47.34950188009292
0.2332009264761948,3.659281896867469,0.0278788299406118,-33.25958250062867
1,0,1,0
0.4260425442738418,1.972012116112715,0.08011722457119691,-27.79494026953505