dN/dS,LRT,p-value,Log(L)
1,0,1,0
0.5525754026865188,1.296399787965697,0.1274359462296342,-33.08479572791392
0.1883459616373819,5.275977693205263,0.01081082109330239,-31.95860333614781
0.1840326532019611,5.473190329198644,0.009655172036545201,-28.77125440323223
0.8546784312006172,0.07785622787041291,0.3901119413664318,-39.90527548627076
0.3860462433039895,2.548906461722709,0.05518531186869557,-33.92573911961314
0.1656394180018237,6.467541615219965,0.005493120140382945,-13.79784598675163
3.17603086687411e-16,12.0593183015848,0.0002576706670647799,-12.07167418414716
1.22932220462475,0.2384081461743648,0.3126791034104357,-58.98508150688881
3.17603086687411e-16,9.446653214135313,0.001057673705370243,-12.58161518816595
0.4835454357734935,2.044924908115064,0.07635725978288621,-41.0966293077696
0.5551425036183486,0.8499754627725338,0.1782796396870685,-53.58933033255164
1.317339815114384,0.4849651252666831,0.2430909424575453,-72.37783258878646
2.287852447174094e-16,9.185886642013237,0.001219441804670263,-28.8609063311578
1.261909652036334,0.4693104134375972,0.2466522908969465,-75.89265177480701
0.8188023078226738,0.1707034052768535,0.3397437121829473,-53.05709417450019
0.6351483698972439,0.7214983876892376,0.1978264251558102,-45.50358991824973
0.1678694929540246,6.335171460602837,0.005918333655410779,-40.32988530715647
0.3923522602957676,3.672958206455995,0.02765097455679361,-29.70928717864653
0.8841082212962361,0.07892582686537253,0.3893792043247057,-97.3146210026735
3.17603086687411e-16,10.87054545467738,0.0004885287472246036,-23.7664144463487
6.728744545674702e-16,5.151623595646605,0.0116123238965114,-25.10189049462834
1.080259761328795,0.0361985911595184,0.4245529828621429,-56.59486800185435
5.840566125974614e-16,5.151324896526312,0.0116143215484838,-20.60554883261288
2.731941657024047e-16,7.027268764585848,0.004013884884037977,-12.16952981363477
1.060655051989987,0.01696184409452428,0.4481892060277795,-47.52424548974195
3.17603086687411e-16,11.90491605477762,0.0002799299575593772,-21.66346159808512
0.1839383404082085,5.477714571320675,0.009630212492574841,-20.694339842348
0.4977711688611013,1.863154832578573,0.08613056429097016,-33.8048485387547
0.8481580948097942,0.1144179207392142,0.3675846940954924,-69.80808973400296
0.296442596321213,2.311731141279019,0.06420048862628946,-23.56752786461333
9.555848176237971e-17,12.05941910761932,0.0002576567340315528,-12.76657260627234
1,0,1,0
0.9517689225795258,0.01050788001069236,0.4591767510734275,-60.33387821052127
0.8519943339990447,0.1351022615722854,0.3565997048622421,-54.91975681935215
0.3419547063260368,3.401266012645898,0.03257320031510513,-22.58788808515156
1.77892979595198,1.65392204433185,0.0992129797478114,-57.46303615802488
0.4234235389505022,2.005550961548678,0.07836217139244156,-37.82898090575139
0.2854768898305986,2.495185361446929,0.05709746527250015,-23.41313724286405
1.207275306143561,0.1998563866948757,0.3274183957702721,-53.52473044813538
0.9687887220142462,0.006083174440931316,0.4689161313793989,-81.74686694312452
0.5516427421860814,1.304591846349709,0.1266880852750323,-42.71081086039585
0.8491954148360406,0.08455204083477952,0.3856104274807177,-41.93936764791088
0.7365309990496448,0.414299067026235,0.2598977472712405,-50.95655420088987
0.8535695546600304,0.07918298338586283,0.3892038371606113,-52.10717867025043
1.059548126319089,0.01637132976448186,0.4490940741782591,-48.08231436479871
0.5044608605105373,1.784805371256823,0.09078018000214438,-35.10866587875802
1.024230545475062,0.002836777127939172,0.4787618159447311,-54.06845446924417
0.2176233119172033,4.134697893883214,0.02100628293426909,-21.14178299977863
3.17603086687411e-16,10.87045349697962,0.0004885530046352948,-16.82082135889323
2.731941657024047e-16,7.027269180194363,0.004013883952460162,-12.17606524078744
3.17603086687411e-16,11.7745807238278,0.0003002251777649567,-18.11603246847381
0.75204499867231,0.3573058490466963,0.2750031592728325,-44.54060723596602
1.060116546930122,0.0166731497819228,0.4486295477039778,-46.69522494160087
0.8193500275537408,0.1695241040423667,0.340267549107756,-57.84348764025675
0.5025253844228869,1.205027461260975,0.1361595806368094,-27.68736050935526
0.336363518867832,3.527617619625275,0.03017722581365523,-21.844879534241
0.3682267846449322,2.8611429011371,0.04537150169871468,-40.72650237918251
0.1838551829400574,5.481722367758081,0.009608157802388106,-22.69195766459903
9.555848176237971e-17,9.785096795349364,0.0008796598384981369,-11.83126489281991
1,0,1,0
0.5625173520734313,1.212213613624797,0.135447082076304,-35.04897776874331
3.17603086687411e-16,10.8706395149039,0.0004885039364503352,-18.76814519329771
0.568941469804477,0.7733622493814352,0.1895894596074773,-44.26993663524176
3.17603086687411e-16,9.785096749286367,0.0008796598605346206,-14.4215367117188
6.728744545674702e-16,7.961943085482723,0.002388555124158587,-21.4777670436825
9.682324783204268e-17,10.66428065256409,0.0005461216077886633,-36.71059013738299
3.17603086687411e-16,10.8707001331109,0.000488487947533478,-12.49531519924436
0.2114740618149625,4.337720453866794,0.01863840014294882,-38.06832721084433
1.191641460843662,0.2026228930711937,0.3263060000969193,-57.2796370143417
3.17603086687411e-16,10.87070014666739,0.0004884879439578382,-12.49575385173568
0.6133326344928881,0.8478727648470681,0.1785774098253881,-37.27317784809633
0.1838851586679932,5.480132867396591,0.009616898485481307,-40.74634494579271
0.7477282785856738,0.2795914037246021,0.2984845751628797,-31.9608704791495
0.353200683523954,3.157705854595449,0.03778465567034639,-32.1756249643016
0.8860644685261233,0.07608192689428961,0.3913395026852848,-43.57982072477439
0.8408116995614076,0.159038789338652,0.3450215130068629,-48.60915787371822
0.5692287843749643,0.7718295823493975,0.1898258254421136,-50.03482305308584
1.780802790239173,1.65948928823866,0.0988361466520451,-56.8418275638039
0.7494773218137984,0.3663757321730401,0.2724932314858222,-51.24800772594997
1.318718261418626,0.488498233361355,0.2422989870099873,-103.4592492657458
1.028949820017046,0.00322166163601878,0.4773683151449128,-66.01535274748697
1.312130034517226,0.4717142969043948,0.2460997836276347,-94.01155950191256
0.1930054292140951,5.063061230538054,0.0122205148164497,-23.48699973855264
0.3877813217131144,1.26133697568352,0.1306990855266006,-41.89946247918454
1.239807519980039,0.3007749963437618,0.2916984875919941,-104.7580908493112
5.840566125974614e-16,12.41180198075633,0.0002133144956977251,-27.19338861761822
0.1837061130310064,5.488946154158832,0.009568537429141044,-21.28775854136001
0.2572257255075838,3.056120236822267,0.04021675550885817,-43.61605844221191
0.2570424385803137,3.060233998514875,0.04011505729852682,-35.16169945901279
9.682324783204268e-17,9.957945033157003,0.0008007836070426655,-32.60084448379423
5.840566125974614e-16,9.185963192405211,0.001219390804950204,-17.12317340526345
3.17603086687411e-16,10.61649269926065,0.0005604171862285123,-28.76890777491939
0.3750998389105475,2.737442358820402,0.04901076973035734,-33.93095364878678
0.8503687818810356,0.1384333987956552,0.3549217097404522,-44.04131781551289
1,0,1,0
1,0,1,0
0.1765263557842946,5.853666275815158,0.007772316841997862,-68.72949314085845
0.9982771467982144,1.779801438317463e-05,0.4983169595486807,-55.46741133879019
9.555848176237971e-17,7.961943088592268,0.002388555120055091,-11.09047333874523
9.682324783204268e-17,11.77424242912083,0.0003002797440866956,-48.93107502073368
3.17603086687411e-16,10.35640577614276,0.0006451308599484951,-11.71695400239428
9.555848176237971e-17,12.40843137961137,0.0002136998648658017,-12.80630395459016
3.17603086687411e-16,10.87063816686255,0.0004885042920215188,-11.39566199503528
0.3396292701848028,3.451869451785981,0.03159013579966391,-33.2395788782084
0.5068145374354808,1.757309349943235,0.0924802388183083,-29.14157466323684
3.17603086687411e-16,11.06148707791295,0.0004406971177330909,-12.00842782588094
6.728744545674702e-16,9.446488283455594,0.001057768820072691,-38.76737434226897
6.728744545674702e-16,12.41212313911019,0.0002132778134752433,-33.4133566949932
9.555848176237971e-17,7.774662347130651,0.002649205949324551,-13.91913084981693
0.3860973436713665,2.547954404279182,0.05521857952480863,-67.61067037737615
3.17603086687411e-16,12.41019934153636,0.0002134976418926571,-20.23814790010218
1,0,1,0
0.1874246609216719,5.315225053508534,0.01056993152263608,-22.86078866291121
0.7491293029910411,0.2758221021291689,0.2997263633107474,-30.934475489825
0.3750543164542614,2.738249127330867,0.04898602920724326,-31.11651572127979
1,0,1,0
5.840566125974614e-16,11.5638765965967,0.0003362275317833618,-55.32517196665231
9.555848176237971e-17,11.89401961892933,0.0002815723040844875,-10.64116498794774
9.555848176237971e-17,10.61649175499604,0.0005604174724098132,-13.11154700246784
1,0,1,0
0.3314480585577455,3.644063654846114,0.02813471788111871,-21.13777129601212
5.840566125974614e-16,6.744741093214557,0.004701221025243008,-21.86123769366006
9.682324783204268e-17,9.185863444690497,0.001219457259714285,-34.73911271110517
9.682324783204268e-17,7.776619844581077,0.002646336793179493,-17.8728485088232
0.943146864504194,0.01744938587418687,0.4474541309803787,-72.51306603561251
0.7156439097666176,0.2507700451397881,0.3082666931217699,-51.50065566102798
0.3361832590867045,3.531781617569223,0.03010153253611475,-41.19062883877436
1,0,1,0
3.17603086687411e-16,11.06291703935463,0.0004403573696938334,-23.08435491803064
0.2043564528854775,4.604336065288734,0.01594559991208899,-45.63250763841064
3.17603086687411e-16,8.018323322873535,0.002315321043206975,-19.54116995018113
6.728744545674702e-16,8.018261470009975,0.002315400119966671,-25.38011192788808
9.682324783204268e-17,5.61682520949158,0.008894422200974028,-26.36423328112
5.840566125974614e-16,9.785096795346696,0.0008796598384994136,-28.06740070441156
9.682324783204268e-17,7.027207653274552,0.004014021866177941,-18.74928099518304
9.682324783204268e-17,12.41003514303659,0.0002135164151050861,-46.07185231797517
0.1765607237699138,5.851854106692258,0.00778032417196306,-56.41607710096228
2.804502661847769e-15,5.617040683008085,0.008893328690724178,-34.92419948285563
0.3777264391183836,1.34625660925083,0.1229668045395112,-54.95811499533013
0.3677323508010988,2.870382154464849,0.04511172199570079,-26.72698103951804
3.17603086687411e-16,12.40830762405146,0.0002137140275061955,-24.77018636504977
0.1929092865143147,5.067226385693466,0.01219118337004893,-20.96872094381087
3.17603086687411e-16,11.70200335600121,0.0003121642205005659,-12.0320350052083
6.728744545674702e-16,7.776619878448166,0.002646336743567013,-18.78999243814193
3.17603086687411e-16,10.87067042795545,0.0004884957826258862,-11.98717258332231
0.5040337351585966,1.789850192889816,0.09047220828226971,-40.07526170991318
9.555848176237971e-17,9.785096795285011,0.0008796598385288901,-14.81426065931314
0.2116395606618626,4.337592149291751,0.01863980484606576,-49.72736818016766
0.3863744883931345,2.543507155407937,0.05537427179564197,-33.73441860521208
3.17603086687411e-16,12.40830714677427,0.000213714082127836,-24.47787710266188
5.840566125974614e-16,11.56534614940502,0.0003359619022831883,-28.32535202946403
9.555848176237971e-17,11.77464283893851,0.0003002151597985003,-11.9936430081186
0.3777318603913651,2.692974351216662,0.05039575556937292,-31.86285602855658
0.753927289203447,0.2629998927163655,0.3040333193139291,-37.12157517296118
3.17603086687411e-16,6.415709451726585,0.005655756357329178,-21.71335682057201
1.028145822447522e-15,9.785096795341161,0.0008796598385020227,-49.0286824598307
2.449231293967717e-15,5.288572602615162,0.01073290373842833,-39.48863660099236
1,0,1,0
3.17603086687411e-16,11.77467377949869,0.0003002101698102444,-12.68734303934375
9.682324783204268e-17,9.185996777603926,0.001219368430362799,-18.47286128174479
5.840566125974614e-16,10.61649269931558,0.000560417186211859,-20.85868358855882
0.8475667059880875,0.1154396883418372,0.3670170678856202,-36.13581955891372
3.17603086687411e-16,12.41196290807198,0.000213296114026984,-30.74360584039551
0.1680145138202523,6.326493955939661,0.005947361990340572,-16.82524761108206
0.1874348499055802,5.314747275772163,0.01057283033649942,-64.57262743370791
9.682324783204268e-17,10.61649269738687,0.0005604171867963914,-46.40625727171673
2.287852447174094e-16,7.776619882267916,0.002646336737971378,-31.40503252374446
0.1883780462910543,5.274509951528941,0.01081993918174884,-38.96383539351412
3.17603086687411e-16,7.961943089122581,0.002388555119355262,-12.01222503158283
3.17603086687411e-16,10.87060738469594,0.0004885124114656358,-24.86611160920081
1,0,1,0
0.1806842967675184,5.637882487539223,0.008788211387177836,-20.03432209598717
1,0,1,0
5.840566125974614e-16,11.89384195769356,0.0002815991622156511,-23.09845311738607
3.17603086687411e-16,6.745002730387252,0.004700531639435235,-12.8681818623365
0.1874348049140106,5.314754002518093,0.01057278951770152,-28.38239237697435
5.840566125974614e-16,11.32282801827478,0.0003828001238403989,-20.74342775697507
1,0,1,0
1,0,1,0
0.1765824301244101,5.850708381992433,0.00778539110645593,-26.20316569900307
0.1697177281446859,6.227205277795033,0.006290106544906138,-14.7920684094569
5.840566125974614e-16,11.32282801833925,0.0003828001238270762,-12.14124769714486
1.028145822447522e-15,9.18594189282534,0.001219404995027429,-37.43288478182958
0.1709082220232374,6.162303946611736,0.00652505600189307,-22.34728676295097
2.509897052099161e-16,12.408402464633,0.0002137031738237982,-12.30208412990728
5.840566125974614e-16,12.41212327446184,0.000213277798016942,-18.36484667942462
0.6356342473647481,0.7191196118513261,0.1982164221869202,-32.49222922583853
0.1838458646429672,5.482182721870487,0.009605627842750097,-21.28746785844793
1,0,1,0
2.804502661847769e-15,5.290051812331612,0.01072379096270043,-60.94860975521283
9.555848176237971e-17,9.785096749316459,0.0008796598605202433,-11.55815489703099
1,0,1,0
9.555848176237971e-17,11.90379350207024,0.0002800987045717407,-12.66583637154414
1,0,1,0
2.287852447174094e-16,7.77611484186734,0.002647076685784011,-30.24786312187865
5.840566125974614e-16,12.41212005233202,0.0002132781660120764,-20.8453443239043
0.1883459626718265,5.275977784151969,0.01081082052855847,-22.99290978317932
0.3224054631307339,3.87262801310542,0.02453980745142603,-28.3054406821117
0.5522828834835652,1.298949178551723,0.1272026287594493,-47.87615849655852
0.1610930394451019,6.75413864067653,0.004676524319294606,-33.78298302289763
5.840566125974614e-16,11.32282798015768,0.0003828001316981688,-14.73199462526549
0.1874021639155025,5.316266424163786,0.0105636160800357,-16.56872884874253
9.555848176237971e-17,11.32282801833925,0.0003828001238270762,-11.85269407058112
2.731941657024047e-16,10.66428062977585,0.0005461216145169479,-13.96555848705641
0.3901127882554606,1.242629069952642,0.1324824844778806,-36.04142735244604
0.1929502993434865,5.065213838190061,0.01220534680170365,-49.70911880948428
9.555848176237971e-17,7.961943089122588,0.002388555119355262,-12.01227691781765
3.17603086687411e-16,10.87045201687708,0.0004885533950797494,-16.02600294713259
0.1610177255904334,6.759005613578964,0.004663786210906296,-35.71201634927561
0.1657693264225333,6.459662312906048,0.005517530691617312,-13.44396954764196
1,0,1,0
0.2043237165933545,4.60558245951416,0.0159340129812528,-25.74748426151153
3.17603086687411e-16,12.40830744874167,0.0002137140475693688,-24.47958256274402
0.2042667520647724,4.60775189748091,0.01591386605234507,-22.23780259680963
0.2115545467260619,4.340617996710179,0.01860670679791121,-20.65316414742369
0.1929403079400754,5.065950537425071,0.01220016025355714,-15.08037559859218
5.840566125974614e-16,11.77455141119776,0.000300229905442706,-25.04981518477856
1,0,1,0
0.9056520481575974,0.05063972675392847,0.4109769086063744,-53.09498233262386
0.1838852853645784,5.48025050130758,0.009616251333585624,-29.74594417497916
0.3678712169392963,2.86769326137447,0.0451871585637425,-40.22624462499875
0.1657565340838237,6.457852456674807,0.005523153435947836,-31.99658638874148
3.17603086687411e-16,5.617529803814399,0.00889084695816833,-13.23895603397327
5.840566125974614e-16,11.06129616125301,0.0004407424981355268,-18.991569863703
3.17603086687411e-16,9.785096749284904,0.0008796598605353423,-12.65671922422426
1,0,1,0
5.840566125974614e-16,11.89402753329485,0.0002815711076818439,-38.07105247334849
5.840566125974614e-16,7.775642531035068,0.002647768871505862,-19.54340891948184
3.17603086687411e-16,11.89395796995882,0.0002815816236418356,-10.23393667983356
3.17603086687411e-16,9.186018854178059,0.001219353723091898,-12.38796238154556
0.7069614134245256,0.5408501028608015,0.2310403148596012,-50.39886071817898
6.728744545674702e-16,9.185996846398019,0.001219368384532349,-18.47555864543216
0.9388224379837411,0.02030618636582915,0.4433426278653148,-63.17160170492453
0.1838383276530179,5.482577856941745,0.00960345685527908,-17.0989275666259
9.555848176237971e-17,12.4121224880886,0.0002132778878275454,-14.25462187773627
0.2571620267970054,3.057548234086553,0.04018142186728807,-34.90206964467057
3.17603086687411e-16,9.185974095353039,0.001219383541319119,-31.0938092510028
9.682324783204268e-17,8.018077137627181,0.002315635798894933,-22.88446048359634
1.028145822447522e-15,9.785096795306458,0.0008796598385186205,-34.84206840686225
1.313001972280266,0.4739225360204102,0.2455940659051528,-72.93727703976845
0.1302603484308951,9.265405334275584,0.001167613959948854,-15.94061114247398
3.17603086687411e-16,9.785096795349375,0.0008796598384980814,-19.96989489250343
1,0,1,0
3.17603086687411e-16,11.90652159774799,0.0002796887837118733,-11.97830662406743
3.17603086687411e-16,10.6164917561396,0.0005604174720632016,-14.46571769354455
0.6799025580165899,0.6784855970240073,0.2050543458012828,-35.42116725925371
1.642049851659268,2.092899419978494,0.07399249028397004,-85.60487644660667
0.3359307331540409,3.537862094726194,0.02999136403155389,-29.79296976303943
2.287852447174094e-16,7.027285696049574,0.004013846932693244,-19.34374920386043
0.176632190456292,5.848086949001456,0.007796997111027992,-47.57146673691862
5.840566125974614e-16,6.744413840877439,0.004702083445731697,-12.86666786801365
1,0,1,0
9.682324783204268e-17,10.35635289635915,0.0006451493401441466,-31.37631031371919
9.555848176237971e-17,9.446630734753722,0.001057686668607227,-11.70234845296288
2.731941657024047e-16,8.018354243093317,0.002315281513800116,-13.00954680832089
1.451308250688196,0.9810473546637439,0.1609701839774079,-53.61936624575442
1,0,1,0
0.1680145177195064,6.326493725434794,0.005947362763373432,-16.82501332786155
0.5793321599066654,1.078975644654903,0.1494634121873361,-34.88041928463337
9.555848176237971e-17,11.90572075663131,0.0002798090544351983,-12.67016681202525
5.840566125974614e-16,10.35604501585338,0.0006452569475196568,-46.6621397273337
0.1657080102738574,6.462100654025789,0.005509964695843972,-20.39530220980074
0.5629104579774252,1.208975630868082,0.1357675452817123,-47.22293397946843
0.1929508964145415,5.065402457105904,0.01220401865915399,-27.3589295305442
6.728744545674702e-16,6.744739668484023,0.004701224779538216,-21.61425321491301
0.1874753325636034,5.312880274185318,0.0105841658608774,-64.48408470490351
0.1688279652359829,6.279330787089712,0.006107711042471653,-29.51364489538091
0.6533154619442324,1.047683274241464,0.1530206268039002,-44.73641639020359
0.9220538691144207,0.0337504674268132,0.4271193038601276,-53.22730682589214
5.840566125974614e-16,11.32282801718259,0.0003828001240655521,-20.26021425334201
0.1884023993938973,5.273400877806509,0.01082683439019622,-41.84616172237334
3.17603086687411e-16,10.87051588317863,0.0004885365477219072,-16.68872596561402
0.2507873065424574,3.203267936488849,0.03674564273872383,-28.12585849119291
1.374713947876926,0.7292945224413643,0.1965559784407636,-69.1873388066783
3.17603086687411e-16,7.961943089069134,0.002388555119425817,-11.50355266732181
5.840566125974614e-16,11.89412041586026,0.0002815570671483858,-18.91451959847714
3.17603086687411e-16,11.89405037307662,0.0002815676550553259,-18.32000177622382
3.17603086687411e-16,9.18602942444161,0.001219346681314404,-12.89628854978748
5.840566125974614e-16,7.776619898301981,0.002646336714482833,-19.07699145875883
9.555848176237971e-17,9.186018919768468,0.00121935367939624,-12.39008338666337
2.287852447174094e-16,7.961943089096003,0.002388555119390345,-18.98077056589096
1,0,1,0
1,0,1,0
9.682324783204268e-17,7.776294347105093,0.002646813663839842,-21.7448361202081
0.5095535545982034,1.726257248302787,0.09444479410349177,-35.76089930963903
0.5048423085018645,1.780357226347206,0.09105273364298111,-36.6558310785314
4.730343101349462e-16,9.446663693024007,0.001057667662540285,-13.08860962424612
5.840566125974614e-16,9.785096749284907,0.0008796598605353423,-12.65645225138874
5.840566125974614e-16,9.185996841379815,0.001219368387875452,-11.28913832605522
1.028145822447522e-15,10.66428062942401,0.0005461216146208647,-100.5108230889349
3.17603086687411e-16,9.185985385499158,0.001219376019779728,-24.57227926977854
1.028145822447522e-15,11.56521282950618,0.0003359859918198871,-38.05314665433588
9.682324783204268e-17,12.4083709957611,0.0002137067751017407,-19.0822005929213
3.17603086687411e-16,10.87063826044871,0.000488504267336376,-25.55769254903255
1,0,1,0
3.17603086687411e-16,11.70206553223219,0.0003121537899007376,-13.13412844944337
5.840566125974614e-16,12.41132113916108,0.0002133694285993415,-22.32639871339833
1.028145822447522e-15,7.209010790487966,0.003626923160185813,-44.88141540189864
3.17603086687411e-16,10.87067043871529,0.0004884957797878231,-11.98752078947411
2.449231293967717e-15,6.446655414778476,0.005558070626384859,-37.1624662407977
9.555848176237971e-17,10.61649218040603,0.0005604173434793913,-20.68782562549769
1,0,1,0
2.287852447174094e-16,10.66428063001965,0.0005461216144450054,-47.13982181458378
9.682324783204268e-17,7.776619871003966,0.002646336754472178,-18.53364574056366
3.17603086687411e-16,8.01829224720651,0.002315360772035147,-11.90946425673267
2.287852447174094e-16,10.87029767886665,0.0004885941104886826,-47.9924000786548
1.137248739213379,0.06326628079418128,0.4007029999892371,-64.97819165035897
0.1837952221126643,5.48464033210842,0.0095921332428337,-21.30305349492722
9.682324783204268e-17,5.291328035833722,0.01071593513508812,-22.54788965161108
0.1681371040623941,6.319260260292062,0.005971672157343177,-21.1223239418305
9.555848176237971e-17,7.961943089069177,0.002388555119425761,-11.50391831079891
1.709384336483699,1.450694810576493,0.1142082485315559,-71.14002084304933
3.17603086687411e-16,12.06107024267794,0.0002574286285258465,-12.76553425507086
5.840566125974614e-16,11.90748548097432,0.0002795440964526996,-38.45643069587585
1,0,1,0
1,0,1,0
1.028145822447522e-15,9.185853312028541,0.001219464010587423,-103.4828384591942
5.840566125974614e-16,11.77452037139145,0.0003002349117694481,-17.16709018452857
9.682324783204268e-17,12.40891257932445,0.0002136448051589523,-19.14070201257251
0.423290929232731,2.007245673888676,0.07827465615789397,-32.7405317819287
0.2493816679922166,3.238561493882862,0.03596188126361388,-29.84100234747378
5.840566125974614e-16,11.90524172057817,0.0002798810212681913,-24.5494386713011
5.840566125974614e-16,12.40836946420985,0.0002137069503730382,-18.64308370063259
2.287852447174094e-16,10.87057792665315,0.0004885201817720342,-17.38439946536324
1,0,1,0
3.17603086687411e-16,11.70558865048074,0.0003115633310362131,-28.91360136955364
0.1884038051215576,5.273334010109743,0.01082725025793085,-29.35270125960497
0.3682727312548726,2.860310483007481,0.04539498637155737,-30.15768416396553
6.728744545674702e-16,12.40806224838923,0.0002137421112047289,-56.50517363369123
0.3860811959362902,2.548336760526425,0.0552052162358041,-36.42851084695059
1.226500489220274,0.2332946707596761,0.3145457840530581,-75.56479551815414
3.17603086687411e-16,12.41212321242146,0.0002132778051024964,-16.11487399604176
0.1697296816722816,6.226455748550968,0.006292769697599121,-26.76265954154425
1,0,1,0
0.322162526365042,3.879062826569736,0.02444592076962854,-34.91797095063527
1,0,1,0
0.3751163693866957,2.737142039703023,0.04901998285658243,-31.28575888413978
1.388760858203261,0.4837695238173296,0.2433599101838552,-74.05727762445466
0.7707692651394336,0.221897305955153,0.3187990268153771,-39.56217294904593
0.183822942874963,5.48326790428473,0.009599666749624924,-19.08858913890862
3.17603086687411e-16,11.90443486130395,0.0002800022800859558,-17.85779759625363
1,0,1,0
3.17603086687411e-16,10.87042265165557,0.0004885611415590962,-16.68935912580361
9.555848176237971e-17,11.90379350048291,0.0002800987048104386,-12.66584627340834
0.3749072148354975,2.740861478774157,0.04890601173512271,-29.64178448844151
5.840566125974614e-16,10.3563750788237,0.0006451415878481748,-18.70050537624317
3.17603086687411e-16,11.90523693647398,0.0002798817400908038,-27.70590024211901
3.17603086687411e-16,8.018324531972823,0.002315319497442514,-12.50131493590714
9.682324783204268e-17,6.749144388951713,0.004689632597127624,-30.61801188975186
0.2494718548548801,3.236421461723559,0.03600889055994155,-16.80517352839082
0.1929339147983092,5.066179017287922,0.01219855216248172,-13.98482113734716
6.728744545674702e-16,7.961943089082233,0.002388555119408498,-24.38107276350271
0.3233075273037296,3.8494977824746,0.02488044428000236,-50.39576014865364
0.5519622391058837,1.301791942362158,0.1269430820292156,-31.31808275037896
1,0,1,0
0.1874348046212412,5.314754124079453,0.01057278878005236,-15.25591757761949
1,0,1,0
1,0,1,0
3.17603086687411e-16,12.41196098955502,0.000213296333157198,-13.85928068684587
3.17603086687411e-16,11.06142656201791,0.0004407115016954455,-18.29669770021871
0.2042696985280517,4.607640952512483,0.01591489572027455,-27.63416139413821
1,0,1,0
0.169788353853209,6.223054558260117,0.006304869033398552,-32.85349025949738
1.059601906317579,0.01639993597805756,0.4490498610968667,-43.4630290393029
1.87711487254508,3.563281996755592,0.0295354183362983,-91.137382302436
3.17603086687411e-16,6.745007662900324,0.004700518643788398,-11.76372603647054
2.804502661847769e-15,11.06889179138363,0.000438940675609456,-68.51794716430697
1.105684790225278,0.05841967873388398,0.404505682599829,-72.07942125187628
6.728744545674702e-16,12.41212257420497,0.0002132778779923017,-36.0392407146769
3.17603086687411e-16,8.018324517302233,0.002315319516198011,-12.50084016622214
3.17603086687411e-16,11.89415109306151,0.0002815524300042727,-19.60714945352055
1,0,1,0
5.840566125974614e-16,9.446598215481849,0.00105770542185607,-17.28196656495882
1,0,1,0
1,0,1,0
9.682324783204268e-17,10.61649216761965,0.0005604173473546248,-51.265122786466
5.840566125974614e-16,10.87051443671785,0.0004885369292788044,-30.29656192857797
3.17603086687411e-16,11.90379346975003,0.000280098709431742,-12.66603800639207
1,0,1,0
0.8189688250903165,0.1703440887490757,0.3399030930324753,-54.73937039244881
1.454731542081082,1.117177342257008,0.1452635290141884,-87.01811147701488
0.4088515489179967,2.202009149113607,0.06891549364566191,-23.42403919476654
3.17603086687411e-16,12.40840043818005,0.0002137034057279052,-12.11275877909402
0.1838822416444308,5.480252872774372,0.009616238287646961,-53.75656328832864
2.412348278281561,7.645788113163377,0.002845251464817511,-105.3628138185147
6.728744545674702e-16,8.018199319383605,0.002315479580176416,-31.21558799445116
1.18537144144607,0.1091705305405242,0.3705452290732499,-37.50935139939187
1.330697949296338,0.5933178208241543,0.2205694991578044,-62.12692979911527
0.1929414144939191,5.06580262778121,0.01220120139116954,-32.85578940990397
3.17603086687411e-16,7.027299567795037,0.004013815839884471,-12.86593187437334
0.1610821785978482,6.754629021592393,0.00467523925472324,-39.73710162324694
0.4238553664882378,1.999398186644271,0.07868083776260437,-63.92792789387613
0.7493426541913434,0.3668436623867137,0.2723648947680067,-36.17146800589786
0.84081035209708,0.1590424391176271,0.3450198270075922,-59.09471656598298
0.9970034095500976,5.451067697492817e-05,0.4970545821936382,-55.7518135206504
0.9235463423772684,0.03240163913500282,0.428574496872438,-53.8384056592075
0.168020226216554,6.325324650175219,0.005951284761170961,-163.0116740010309
1,0,1,0
1.028145822447522e-15,6.747534268877565,0.004693866653425638,-20.59552564259562
3.17603086687411e-16,11.90427457232799,0.0002800263754234034,-19.64976962023125
3.17603086687411e-16,7.961943089028956,0.00238855511947883,-24.12643189815002
3.17603086687411e-16,11.77445668000838,0.0003002451846450538,-23.44258827313385
5.840566125974614e-16,12.41024288898345,0.0002134926632869072,-37.35233854210166
5.840566125974614e-16,11.77452073109894,0.0003002348537527455,-31.83377407416621
3.17603086687411e-16,8.018293611873645,0.002315359027355635,-11.80777186184823
1.028145822447522e-15,10.66428065256167,0.0005461216077893849,-120.3612644498099
1.028145822447522e-15,7.02728541667274,0.00401384755890466,-26.13458058685416
3.17603086687411e-16,11.70200346972452,0.0003121642014221604,-12.03341827321018
6.728744545674702e-16,10.61649176814003,0.000560417468426222,-27.78510995246848
1,0,1,0
6.728744545674702e-16,5.288460944307509,0.0107335919426656,-22.46252052870486
9.555848176237971e-17,9.785096749284904,0.0008796598605353423,-12.65689323748365
9.555848176237971e-17,12.41164031142361,0.0002133329637336034,-13.85873315602923
0.3776174909506689,1.347217654563821,0.1228825598987562,-45.1313107737853
0.4838845066180011,2.040302047624095,0.07658961377618989,-71.91563393891845
5.840566125974614e-16,9.186018856322701,0.001219353721663152,-12.3881574079715
3.17603086687411e-16,12.05250124832698,0.0002586146615716767,-20.91328869822569
3.17603086687411e-16,11.06142599592797,0.0004407116362510344,-10.90897878893485
5.840566125974614e-16,10.61649269931543,0.0005604171862119145,-19.47184729933872
3.17603086687411e-16,9.186029407898687,0.001219346692335033,-12.89542973449364
6.728744545674702e-16,8.018198466355791,0.002315480670800507,-24.2694855441421
1,0,1,0
0.3750685721292546,2.737997847453556,0.04899373354486114,-21.06082816183558
3.17603086687411e-16,11.89383512650544,0.0002816001949796365,-16.81174275392429
2.804502661847769e-15,5.291436469236402,0.01071526794508348,-41.96874025242757
4.730343101349462e-16,9.446663779602279,0.001057667612613611,-13.09003461039502
9.555848176237971e-17,11.06180783252554,0.0004406208858146465,-12.00934240007617
9.682324783204268e-17,12.40939289864422,0.000213589860462049,-27.84932053077103
9.682324783204268e-17,6.47344248048249,0.00547491148669027,-35.37208888129575
0.3768120647745319,2.70887188837483,0.0498957690853773,-56.26218916959052
0.3860473283470697,2.548846140028417,0.05518741902991853,-33.75980490111703
1,0,1,0
0.7363844584804238,0.4148622195499172,0.2597559471556677,-58.02156550478945
1,0,1,0
0.6361758558310588,0.7160797835533543,0.1987164148223757,-55.105260805169
1,0,1,0
0.2445373834698582,3.621067170488999,0.02852613290576622,-25.07405142751732
5.840566125974614e-16,11.77461170915763,0.000300220180388111,-25.74561267890867
3.17603086687411e-16,12.40842988141168,0.0002137000363147679,-18.4458154548183
9.555848176237971e-17,11.77461191788584,0.0003002201467243171,-18.5251966157657
0.3398072461285098,3.447870893919912,0.03166665182854789,-37.83595698591821
0.3327733419434322,3.607498440219004,0.02875978956312419,-61.65591243570474
9.682324783204268e-17,7.77434051059744,0.002649677977152987,-41.14294434572359
5.840566125974614e-16,8.018262676009371,0.002315398578111638,-18.58857477971357
5.840566125974614e-16,9.185941343134591,0.001219405361241266,-10.3058252113495
9.555848176237971e-17,12.412123290891,0.0002132777961406096,-18.33429138941769
0.37495337220978,2.740033602164928,0.04893135451900987,-34.54951046677861
0.5524674902576799,1.297352115832425,0.1273487285904064,-36.90637890439356
0.6806603454613619,0.6743101694343494,0.2057764548744812,-39.78499394059946
0.3222600296104784,3.87645564657857,0.02448391485529011,-24.76029385166795
0.6129233560527433,0.8503974786999606,0.178219958675307,-29.48102053799832
0.5625018690070247,1.212344079834423,0.1354341896741129,-44.04169752369604
0.968311938699321,0.006274609431599742,0.4684318280611462,-54.33077386951619
1,0,1,0
6.728744545674702e-16,7.775758724414587,0.002647598569505083,-51.62525307067093
1,0,1,0
0.1883459627195132,5.275977783139282,0.01081082053484689,-29.97821385593618
3.17603086687411e-16,12.40840041512002,0.0002137034083669054,-12.11238607667435
1,0,1,0
2.731941657024047e-16,11.32282801833925,0.0003828001238270762,-12.55382201880898
0.1680145214463297,6.326542732813429,0.005947198412058485,-16.2227236724087
0.3559472460997886,1.551339783813276,0.1064688807597369,-18.82199603506891
9.555848176237971e-17,10.61649175533233,0.0005604174723078947,-31.08285553037328
1.028145822447522e-15,8.018262884495726,0.00231539831156452,-25.8180285150783
0.8199901610077064,0.1681530470012831,0.3408792483284743,-49.12526972342625
0.211578499961274,4.339753691687434,0.01861615466049704,-33.52430099731525
1,0,1,0
0.3860587660428734,2.548710336228147,0.05519216326069049,-28.23231627782259