dN/dS,LRT,p-value,Log(L)
1,0,1,0
0.5887760702903073,1.010271970477831,0.1574188460902664,-32.71235506787077
0.2008297833573904,4.744879248421064,0.01469280791381139,-31.72046468800274
0.1960913444633797,4.933307219636262,0.01317192676903295,-16.13805415408181
0.9043463814352486,0.03131231009076885,0.4297727137907714,-38.48175514806018
0.41195531582159,2.158141869757088,0.0709080463050073,-33.64113797323552
0.1770128753985419,5.826599993403175,0.007892801916045245,-13.72531911919808
2.731941657024047e-16,11.28566790955076,0.0003905386356701235,-12.0248827702834
1.311877654794253,0.403766684677791,0.262575183731981,-58.43417369844249
9.555848176237971e-17,8.867242542914095,0.001451666816734698,-12.45505570762572
0.5173087525120892,1.640932116997817,0.1000988130027414,-40.70537322467504
0.295542891510937,2.326562804701453,0.0635912157602741,-47.49800890860553
1.002862911276186,4.028215842311056e-05,0.4974680010768494,-61.30571396825088
5.840566125974614e-16,8.628520195211451,0.001654701493979227,-28.76609080649911
1.25607138982665,0.4332218724237578,0.255206122299522,-69.7473993928013
0.8738412480670833,0.07597473533489563,0.3914141550581255,-52.64663731942432
0.6766993207141391,0.5221870915144251,0.2349551096412042,-45.13737273394037
0.1798695255998419,5.680279420063087,0.008578317638246014,-40.18331550093504
0.4189258161282364,3.09731354867214,0.03921080288710749,-29.49588890118455
0.94450081433749,0.01658635412326248,0.4487626925797287,-92.3625360010379
9.682324783204268e-17,10.20355921005793,0.0007008493035218222,-23.62852090265473
9.682324783204268e-17,4.86807350134351,0.01367901285490097,-24.95862847395217
0.9718208120513714,0.004303837319781678,0.4738466963244472,-49.23081607218757
6.728744545674702e-16,4.867771636426802,0.01368140597738132,-20.45545577082562
3.17603086687411e-16,6.641859986753889,0.004980494175910621,-12.07480479437974
1.130101464991841,0.07167263008776104,0.3944584105334771,-47.0298903138441
3.17603086687411e-16,11.11200197627838,0.0004288542887899149,-21.52274642677649
0.195986393223902,4.937612357398095,0.01313915635211999,-20.4857186000625
0.531964885770091,1.488078443679669,0.1112574198536473,-33.58147774300826
0.9036876718752649,0.04234482990423771,0.4184819312923334,-69.32861604800065
0.3165877998811373,2.014594575154256,0.07789644008212387,-23.36086575735695
3.17603086687411e-16,11.28577377092846,0.0003905163672289214,-12.72027609072151
1,0,1,0
1.017897542716839,0.001326721059967895,0.4854720661224732,-59.84820902855554
0.9085975279614855,0.04733949647206259,0.41387958109083,-53.67104823162067
0.3641166399708918,2.941228017798799,0.04317253284749362,-22.31692314171821
1.582098024959955,0.9063657338072488,0.1705402694746387,-50.93540688387932
0.4511290162624462,1.679687919212313,0.09748296296613546,-37.55875260151317
0.3036720041861463,2.200062931063407,0.0690025517345631,-23.92825098188386
1.286626717005891,0.35049510668766,0.2769164979801748,-52.9709700431486
0.8633999610439071,0.113116087765917,0.3683120130483538,-74.66542245177385
0.7846979085316151,0.254774986721813,0.3068663755791863,-48.74612806752442
0.8983020519595114,0.03570902971236478,0.4250588193167412,-41.57974327733401
0.5880594924533024,1.015357233106258,0.1568114118429942,-41.73875913120516
0.9030649721722021,0.03221803080829488,0.4287749854013973,-46.42402442486549
1.128875189355752,0.07041056841013926,0.3953699643026214,-52.67393560614085
0.1794852294752007,5.699667075710266,0.008484065606873925,-21.26619312190497
0.87520039065915,0.07419483321965004,0.3926621240362433,-48.18696149019839
0.2316940942039535,3.702674778109596,0.02716265739295304,-20.93385680971795
5.840566125974614e-16,10.20346422020204,0.0007008854044234236,-16.71084989103784
9.682324783204268e-17,6.641860456625604,0.004980492862341646,-12.08169300433844
5.840566125974614e-16,11.04486016768712,0.0004446670534795083,-17.97086102033814
0.8031666173178886,0.206653626249178,0.3247014985972315,-44.14199965385073
0.90274825989116,0.0432430501770682,0.4176341470236398,-40.77709603242606
0.6552209037128106,0.6193716087321519,0.2156404479934916,-49.20098540798104
0.5351066571270245,0.9722115119521959,0.162064626459991,-27.41853513846593
0.359315330024567,3.03318944375809,0.04078875603120891,-21.6265118152211
0.3923416996077908,2.448100706547805,0.05883358308329562,-40.38970329663219
0.195892403079721,4.941543612325127,0.01310930591260828,-22.44334383332602
3.17603086687411e-16,9.169860967719845,0.001230166298974988,-11.69925792649028
1,0,1,0
0.6006884694527842,0.9289226108311226,0.1675715203004032,-34.76667365025902
2.287852447174094e-16,10.20366429466681,0.0007008093683019689,-18.65864336664754
0.6019708095835302,0.6136588809677619,0.2167067467337872,-43.92928060121642
5.840566125974614e-16,9.169860928178434,0.001230166325554116,-14.27305169197999
2.287852447174094e-16,7.477456945959254,0.003123812549720939,-16.78735892501666
9.682324783204268e-17,9.987075344753606,0.0007882139158691404,-36.60926528489545
4.730343101349462e-16,10.20372554407053,0.0007007860928028298,-12.34258551250647
0.2253077431541673,3.884980452150359,0.02435991480711919,-37.74557449087798
1.270716615494337,0.3705787907132674,0.2713444732938717,-56.64186221738579
9.555848176237971e-17,10.20372555866951,0.0007007860872551008,-12.34302484926689
0.6545281388056438,0.6227096618567032,0.2150210687462749,-36.93451691342665
0.1959256541045196,4.940001846795894,0.0131210042949928,-40.5207459131872
0.7915599310190914,0.1772201859460125,0.3368865666727376,-31.64781605747045
0.3773237073736319,2.698818028125942,0.05021133532324507,-31.8875339280741
0.9466987242608129,0.01525167937312233,0.4508565018051162,-43.10803398224567
0.9008858285278768,0.05629836620698825,0.4062225936581362,-48.19420276830887
0.6022925758545857,0.612243186498489,0.2169722294179015,-49.70185116816112
1.902642855952032,2.021369938065774,0.07754957926081779,-56.98859417725167
0.8002692823630499,0.213793228856531,0.3219052086840304,-50.83070771834921
1.20353102305042,0.1933771025536544,0.3300603112736898,-89.9334749094719
1.093846965026664,0.031194049086821,0.4299040813662354,-65.21035094937201
1.400989903297191,0.7118067423015759,0.1994223345131113,-76.4246333181304
0.2059734678941783,4.542464636605999,0.01653197662035605,-23.29554185939064
0.4103602494210709,1.091021734138238,0.1481224682660663,-41.6747053352953
1.324541850305535,0.5036081372936394,0.2389595068936424,-104.0848357939012
3.17603086687411e-16,11.60272006158231,0.0003292771478309864,-27.00137523650644
0.1957235268131916,4.948650822358687,0.013055518836668,-21.11491989241268
0.2734717100851418,2.717290794017927,0.04963318592873345,-36.7983975043696
0.2732658091187853,2.721290084128775,0.04950897811422383,-29.26096398383967
5.840566125974614e-16,9.344454409145257,0.001118306141919045,-26.61082593370228
9.555848176237971e-17,8.62866052638492,0.001654574029342937,-12.05067972425218
9.682324783204268e-17,9.957045139900394,0.0008011751265782352,-28.61305226618624
0.4005559410503077,2.323042038314512,0.06373526134758439,-33.69066847497387
0.9066675988983688,0.04949842581261521,0.411969179808907,-43.59407810792361
1,0,1,0
1,0,1,0
0.1885902299357639,5.262635781998995,0.01089399884056225,-63.1111622942487
1.066263361994717,0.02411111100450114,0.4383012650140883,-55.06984835527825
1,0,1,0
1.028145822447522e-15,11.04450031669334,0.0004447533720743357,-48.8593223527547
3.17603086687411e-16,9.705810786012734,0.0009184313173197789,-11.62271073333991
3.17603086687411e-16,11.63353045541968,0.0003238674802751307,-12.65340872943597
9.555848176237971e-17,10.20365889714551,0.0007008114194615445,-11.24256597440794
0.3620993305638247,2.978408952325651,0.04219109221052175,-33.01675915332581
0.7233851268287438,0.4676058135609793,0.2470453365543773,-35.34393165740362
9.555848176237971e-17,10.35448167287593,0.0006458036322105065,-11.91110628637512
9.682324783204268e-17,8.867068076611389,0.001451805562954545,-38.59423660266573
5.840566125974614e-16,11.60305183387297,0.000329218412083554,-28.08742249801806
3.17603086687411e-16,7.31328151506434,0.00342234109913242,-13.71167145464456
0.4120111946022185,2.157293632992179,0.0709472076317525,-62.02987497988832
9.682324783204268e-17,11.60106500553963,0.0003295703110059445,-20.0541307931192
1,0,1,0
0.2001474390889731,4.769371510483417,0.01448519984326591,-22.60783524963506
0.793103323621056,0.1741615984626463,0.338219720297386,-30.62085180827946
0.4005045343114075,2.323808371807516,0.06370387735716404,-30.79361251434787
1,0,1,0
6.728744545674702e-16,10.8410001789259,0.0004963854695829717,-36.70312920485091
3.17603086687411e-16,11.13549279255501,0.0004234571377541574,-10.54640691116651
3.17603086687411e-16,9.957044386616918,0.000801175454392955,-13.00307940810936
1,0,1,0
0.3542035228812195,3.135880253801957,0.03829351639726297,-21.00663777024998
5.840566125974614e-16,6.316153329997569,0.005982144872891615,-21.72059970465131
5.840566125974614e-16,8.628601335298839,0.001654627792161911,-30.28061259686742
5.840566125974614e-16,7.315304195369215,0.003418491259359446,-17.71277198044073
1.005702687404415,0.0001602715807109689,0.4949495889654885,-64.45018516387393
0.7522372283203212,0.1784354683795186,0.3363606180488362,-51.86326380872643
0.3591135292200209,3.037129669961587,0.04068984742603554,-40.99492080506899
1,0,1,0
3.17603086687411e-16,10.35474644963269,0.0006457110095832164,-18.21027344518889
0.2180802981322315,4.119230714236181,0.02119917693864404,-45.35128799985603
9.682324783204268e-17,7.574393662614156,0.00296016460103965,-19.39619917545961
9.555848176237971e-17,7.574327141441429,0.002960273849549222,-25.24235748799448
9.682324783204268e-17,5.318394363625835,0.01055072323028228,-26.13704186947247
5.840566125974614e-16,9.169860967716907,0.001230166298976987,-27.91137129518114
1.028145822447522e-15,6.64179427587333,0.004980677880132289,-18.66243695118802
1.028145822447522e-15,11.60089579981477,0.0003296002975827217,-45.87890999549965
0.1886291256131316,5.260865223244849,0.01090508677640484,-43.11518418376547
1.028145822447522e-15,5.318281408395038,0.01055140719871211,-21.56863770705823
0.3994648530498846,1.170206592525133,0.1396793977189739,-54.54896341126578
0.3917843457005529,2.456926250573645,0.05850377588164418,-26.49784335112781
5.840566125974614e-16,11.63339738945378,0.0003238906498435057,-24.63254277758285
0.2058654014379549,4.546509242953633,0.01649296524909016,-20.81743902713484
3.17603086687411e-16,10.99081418756969,0.000457822884518011,-11.91411292835727
5.840566125974614e-16,7.315304233011553,0.003418491187754613,-18.63040131764435
3.17603086687411e-16,10.2036975253305,0.0007007967401588822,-11.86982892065464
0.5401018063903845,1.410454102756404,0.1174905121490417,-33.49115466074315
3.17603086687411e-16,9.169860967648916,0.001230166299022672,-14.60728156648986
0.2254866306836993,3.884983688999938,0.02435986785070327,-49.53581703844616
0.2058996677830282,4.54521941013946,0.01650539559952369,-26.42348816943586
5.840566125974614e-16,11.63346398433066,0.0003238790540730507,-18.49980904620964
5.840566125974614e-16,10.84463914392609,0.0004954109321393396,-23.86090166182063
5.840566125974614e-16,11.04492697074967,0.0004446510310817109,-11.84098679771252
0.4028394433356128,2.290847749261452,0.06506941232042779,-31.60118433465486
0.8028052897796105,0.1556138958415616,0.3466136139372978,-30.70255148280972
5.840566125974614e-16,6.015738621222326,0.007089421357223291,-21.56258535677421
5.840566125974614e-16,9.169860967710989,0.001230166298980928,-44.53159315900579
1.028145822447522e-15,5.000574799819944,0.01266945109673823,-39.24810117262768
1,0,1,0
4.730343101349462e-16,11.04496022983018,0.000444643054266558,-12.53468275106985
5.840566125974614e-16,8.628638648162401,0.001654593900961288,-18.36329307106377
3.17603086687411e-16,9.957045139956598,0.0008011751265537548,-20.7348294764604
0.9030132327633423,0.04299165509651459,0.4178704931353938,-35.77844867835232
9.682324783204268e-17,11.60288632918958,0.0003292477111017655,-30.54749126526093
0.1794803999554064,5.699933731548228,0.008482776747865628,-16.62482769936076
0.2001588809329682,4.76890913813105,0.01448909070874022,-64.34958664846194
9.682324783204268e-17,9.95704513798367,0.0008011751274123458,-41.74424949040367
3.17603086687411e-16,7.315304239218243,0.003418491175947946,-31.29631279318705
0.2008657465523865,4.743454564867051,0.01470497918001373,-38.73367447034255
9.555848176237971e-17,7.477456946300684,0.00312381254912858,-11.85904465288202
9.682324783204268e-17,10.20362581804742,0.0007008239902734914,-24.72858105248217
1,0,1,0
0.1930314035869714,5.063159227373994,0.01221982387218573,-19.87833190112244
1,0,1,0
3.17603086687411e-16,11.13565778823514,0.0004234194728502394,-13.04155833763216
3.17603086687411e-16,6.316423576366169,0.005981233188857626,-12.75973622407443
0.2001588281549536,4.768915731581991,0.0144890352171721,-28.16481161806995
9.682324783204268e-17,10.59966585572087,0.0005655404976811496,-20.57794935034902
1,0,1,0
1,0,1,0
0.188653821901361,5.259739876992555,0.01091214021192372,-25.95623505886161
1,0,1,0
3.17603086687411e-16,10.59966585579221,0.0005655404976593337,-12.00910011243467
1.028145822447522e-15,8.628567756111266,0.001654658292675193,-36.93998559638698
0.1819900915886228,5.576721753353354,0.00910038067236113,-22.13439672228135
3.17603086687411e-16,11.63303605028647,0.000323953574997482,-21.18784887721104
3.17603086687411e-16,11.60305197235691,0.0003292183875690524,-13.28027920803591
0.6772271595229634,0.5201528593689204,0.2353882419336591,-32.11562939802963
0.1958597813748246,4.94293907211469,0.01309872699184916,-20.42135789671881
1,0,1,0
1.028145822447522e-15,5.002041952150947,0.01265871631642335,-49.420591499016
9.555848176237971e-17,9.169860928211609,0.001230166325531801,-11.44942146422049
1,0,1,0
3.17603086687411e-16,11.11084240375327,0.0004291225009709909,-12.55735809343701
1,0,1,0
5.840566125974614e-16,7.314782654284826,0.003419483503735277,-30.05144293687176
3.17603086687411e-16,11.60304864005698,0.0003292189774545262,-20.64551751720565
0.2008297815580724,4.744879338619391,0.01469280714356702,-22.82815865492167
0.3439169573700472,3.356139244216656,0.03347743352400295,-28.03896761265911
0.5884465664874065,1.012597279526645,0.1571407071794664,-47.51932529213595
0.1723475134864584,6.079952482314326,0.006836222415738447,-33.54687030647001
3.17603086687411e-16,10.59966582302047,0.0005655405076834263,-14.58335820668983
0.200121738022308,4.770398506361069,0.0144765615597473,-16.31094709363386
9.555848176237971e-17,10.59966585579221,0.0005655404976593337,-11.7205627120132
9.555848176237971e-17,9.987075325183991,0.0007882139242459396,-13.77350910985442
0.4130765775775115,1.072294442962473,0.1502138800516501,-35.80664457727561
0.2059101949965693,4.544686120910384,0.01651053786204199,-44.73232989076428
9.555848176237971e-17,7.477456946300716,0.003123812549128524,-11.85933084443719
4.730343101349462e-16,10.20362565615997,0.0007008240517950015,-10.95535862962114
0.1722586348807626,6.084903517104408,0.006817090641044243,-31.00071512865747
0.1771603625400154,5.818874066633942,0.007927545624729471,-13.37128757216482
1,0,1,0
0.2180438479255189,4.1204279684247,0.02118417949432694,-25.50175247925296
9.682324783204268e-17,11.63339718313173,0.0003238906857698232,-24.34150361992986
0.2179884005095263,4.122550889896573,0.02115761406246952,-22.04903493817817
0.2253905280459435,3.887980895475753,0.02431642887773838,-15.5081210613905
0.2058997246058681,4.545289377636937,0.01650472105928458,-14.83753412756102
9.682324783204268e-17,11.04483259073449,0.0004446736678510033,-24.94805535054396
1,0,1,0
0.9676057922152368,0.005468959823303976,0.4705241240552203,-52.7127397860925
0.1959256148269425,4.940132558746541,0.01312001207728303,-29.50488444921979
0.391936214674136,2.454491108373432,0.05859457166337162,-34.83453745941961
0.1771468685530363,5.817083770110109,0.007935619107404257,-31.81858407827181
6.728744545674702e-16,5.319130331886416,0.01054626790623225,-12.9970542139638
5.840566125974614e-16,10.35428305135317,0.0006458731216352764,-18.90207263480085
3.17603086687411e-16,9.169860928176817,0.001230166325555226,-12.54834157418599
1,0,1,0
9.682324783204268e-17,11.13549190025837,0.0004234573414551579,-37.92476057809718
2.287852447174094e-16,7.314294328722639,0.003420412821444452,-19.37858049945719
3.17603086687411e-16,11.13542645595354,0.0004234722819033698,-10.13898888993002
5.840566125974614e-16,8.628662383084084,0.001654572342945748,-12.27060320724333
0.7552495323610621,0.3462906327741564,0.2781102306194843,-50.02436904400638
6.728744545674702e-16,8.628638711997468,0.001654593842980612,-18.36554669982399
1.002590701670088,3.296584257839186e-05,0.4977094500342883,-62.74789640050622
0.1958725702079533,4.942420926930843,0.0131026539924331,-16.87804005681639
3.17603086687411e-16,11.60305113923954,0.0003292185350478039,-14.08246169380395
0.2733991006451205,2.718699530005665,0.04958939539801921,-28.59563271961443
5.840566125974614e-16,8.628636778398374,0.001654595599247466,-25.12542843598492
1.028145822447522e-15,7.574132868317349,0.002960592930150663,-22.78223099806633
5.840566125974614e-16,9.169860967672562,0.001230166299006796,-34.24266863419627
1.203907446593296,0.1940127580761413,0.3297988046974307,-61.26554154913907
0.1390532760275351,8.426909212094088,0.001848541217115973,-15.84310710075056
3.17603086687411e-16,9.169860967719835,0.001230166298974988,-19.8106968057307
1,0,1,0
3.17603086687411e-16,11.11366053413929,0.0004284709544676857,-11.86978413433631
5.840566125974614e-16,9.957044389316785,0.000801175453218006,-22.18008635919392
0.7248868044158355,0.4613469965480448,0.2484975622963128,-35.07062714106164
1.753425024145692,2.630368664431529,0.05241868422280593,-85.41048147712243
0.3599337998758439,3.021021463268163,0.04109584098219454,-29.52173055806765
9.555848176237971e-17,6.641965279897228,0.004980199828256593,-13.87788571796617
0.1887098909873084,5.257189810508549,0.01092814098615341,-47.24920145384544
5.840566125974614e-16,6.315815340484331,0.005983285291255747,-12.75824758203309
1,0,1,0
2.287852447174094e-16,9.705744486258901,0.0009184644528544283,-31.22215978973605
3.17603086687411e-16,8.86721696935215,0.001451687153544823,-11.54008374919801
9.555848176237971e-17,7.574426900796364,0.002960110015120587,-12.85679522165852
1.355637112671007,0.5854356114857211,0.2220947935800835,-49.08322351547812
1,0,1,0
0.1794803957670299,5.699933485863447,0.008482777935269803,-16.6245893167691
0.6182076899234847,0.8180945921528462,0.1828689259752619,-34.53121772485343
3.17603086687411e-16,11.11283342251949,0.0004286620773971683,-12.56166725201553
5.840566125974614e-16,9.705413353942291,0.0009186299655192798,-46.53020465839148
0.1771272151756223,5.819357385935682,0.007925367509813264,-21.38602838927452
0.6011312427892753,0.9260027032898961,0.1679518894213303,-46.85728771027213
0.2059119676730853,4.54474488381085,0.01650997115643321,-27.21524367480009
2.287852447174094e-16,6.316151835412661,0.005982149915314317,-21.47354003033284
0.2002041816774675,4.767105729959468,0.01450427679998872,-64.18490334250536
0.1804485037057977,5.651423304749613,0.008720605156337546,-35.61311564045596
0.6975059632706118,0.7330882208468097,0.1959420019210122,-44.40810751301461
0.9824665179399354,0.001569932987138145,0.4841970924439125,-52.75225656901193
3.17603086687411e-16,10.59966585451578,0.0005655404980497436,-20.06037561763716
0.2008927985114371,4.74238718698561,0.01471410481629232,-41.64053129448801
5.840566125974614e-16,10.20353134035285,0.0007008598952101264,-16.57872882082747
0.2670388910050553,2.844382558485641,0.04584690611481074,-27.9603114746609
1.4641152096748,1.026226963720205,0.1555232479132517,-68.59239041030536
3.17603086687411e-16,7.477456946264496,0.003123812549191363,-11.38612730134902
2.287852447174094e-16,11.13559176629442,0.000423434543808443,-18.74454172616385
9.682324783204268e-17,11.13552590242362,0.0004234495792239668,-18.23344306517888
9.555848176237971e-17,8.628672351998915,0.001654563288439326,-12.74355750461693
6.728744545674702e-16,7.315304255059189,0.003418491145814662,-18.91728037342035
5.840566125974614e-16,8.628662453106912,0.001654572279345623,-12.27270866078981
9.682324783204268e-17,7.47745694629306,0.003123812549141791,-18.87118433278011
1,0,1,0
1,0,1,0
3.17603086687411e-16,7.314968045551474,0.003419130758726852,-21.58102037031542
0.5432624187762903,1.380810365218792,0.1199815804789633,-35.47431895427507
0.3592298571782369,3.03487151548368,0.04074650052693191,-29.91552999537215
3.17603086687411e-16,8.867252512098677,0.001451658889039253,-12.92828639913749
5.840566125974614e-16,9.169860928176814,0.001230166325555226,-12.54809814793901
9.555848176237971e-17,8.628638714622237,0.001654593840596574,-11.17219559063614
2.804502661847769e-15,9.987075324796649,0.0007882139244116959,-106.7461555619328
3.17603086687411e-16,8.628624997166618,0.001654606300052097,-24.43464259271011
9.682324783204268e-17,10.84232436278982,0.0004960306207473786,-43.20016771339267
3.17603086687411e-16,11.63346945632933,0.0003238781012850356,-18.97251608380095
5.840566125974614e-16,10.20365903429494,0.0007008113673421246,-25.4205668956699
1,0,1,0
3.17603086687411e-16,10.99088107003771,0.0004578063632061924,-13.01666981896461
3.17603086687411e-16,11.60222330277866,0.0003293651119730678,-22.08671890130536
1.028145822447522e-15,6.765519758366381,0.004646792624848128,-44.68753902746855
3.17603086687411e-16,10.20369753591195,0.0007007967361378209,-11.87014747472513
1.028145822447522e-15,6.046502509073619,0.006966935160908183,-36.98735016933181
6.728744545674702e-16,9.95704472556131,0.0008011753068907224,-20.5037852249933
1,0,1,0
6.728744545674702e-16,9.987075325452793,0.000788213924130865,-46.90627861812235
2.287852447174094e-16,7.315304226690415,0.003418491199778939,-18.40946555110372
3.17603086687411e-16,7.574360202770677,0.002960219552022636,-11.75615540923287
5.840566125974614e-16,10.20352597829923,0.0007008619330400312,-37.11192389181785
0.9021580600605447,0.03286626154516625,0.4280697637113541,-56.53784853386899
0.195823951769932,4.94443781559221,0.01308737496160833,-21.13007711699121
2.287852447174094e-16,5.003427353905117,0.01264858835460958,-22.2004107924347
0.1796194135617687,5.692843608173852,0.008517115088203298,-20.96983399284235
5.840566125974614e-16,7.477456946264478,0.003123812549191363,-11.38599537282173
1.196743306961462,0.1214026433930684,0.363759080433206,-56.31962816408459
9.555848176237971e-17,11.28740386072031,0.0003901736320847116,-12.71925281108633
5.840566125974614e-16,11.11233302996096,0.0004287777462992359,-33.42674073622494
1,0,1,0
1,0,1,0
1.028145822447522e-15,8.628482995293439,0.001654735284823738,-103.4376405782299
4.730343101349462e-16,11.04489895642295,0.0004446577501140969,-11.3677113139796
5.840566125974614e-16,11.5992390649658,0.0003298940491536784,-13.65920409306381
0.2254107247986969,3.88730947970717,0.02432615269689598,-25.87303606159918
0.2640154691430953,2.908672318823562,0.04405218861431781,-29.60649549571006
9.555848176237971e-17,11.11233889007891,0.0004287763915133969,-24.45580758172133
5.840566125974614e-16,11.63346386873757,0.0003238790742002284,-18.49754200932887
2.287852447174094e-16,10.20359806125091,0.0007008345386655956,-17.27446545933248
1,0,1,0
9.682324783204268e-17,10.9602255222883,0.0004654424341545282,-34.56842380384037
0.2008947962254644,4.742305675710703,0.01471480194613556,-23.0764950177461
0.3923968569544635,2.447252948039775,0.0588653715021461,-29.88865606955108
5.840566125974614e-16,11.63323708383332,0.0003239185646288778,-43.55510177101387
0.4119950545295195,2.157597734500115,0.0709331651026755,-36.14442671885399
1.309101182425013,0.3977442328329062,0.2641282671708679,-74.9675605885232
2.731941657024047e-16,11.60305188142125,0.0003292184036665091,-15.90774018408411
0.1809660382832637,5.624865532624952,0.008853712106123512,-26.59646669136571
1,0,1,0
0.3446520369633626,3.339976413500906,0.0338077891467804,-34.67424742551812
1,0,1,0
0.4005750911148361,2.322749456519567,0.06374724811583715,-31.02096005276716
1.479748997733758,0.6753541415258155,0.2055955571157526,-73.61425761279595
0.8193468705220267,0.1272372803412054,0.360656948466659,-39.27675340323606
0.195855321005305,4.943087697594329,0.01309760079131833,-18.91487620743941
3.17603086687411e-16,11.11150588482784,0.0004289690153040926,-17.75524855191635
1,0,1,0
3.17603086687411e-16,10.2034309984261,0.0007008980308061408,-16.5791526760831
3.17603086687411e-16,11.11084240730449,0.0004291225001493149,-12.55733664328679
0.4003387095814733,2.326285542993205,0.06360254625633138,-29.377253724528
3.17603086687411e-16,9.705777784863727,0.0009184478106038507,-18.61409046394414
3.17603086687411e-16,11.11233339876735,0.0004287776610357175,-27.57280540414391
5.840566125974614e-16,7.57439887528416,0.002960156040383743,-12.38391784488626
2.287852447174094e-16,6.320701663243028,0.005966819929603406,-30.44501865425314
0.264115777258817,2.906592527443919,0.04410904061780302,-16.55492532907586
0.2058928776129505,4.545500989217132,0.01650268113685172,-13.82572461072305
6.728744545674702e-16,7.477456946257767,0.00312381254920302,-24.24334715807635
0.1722732340410818,6.084079119259485,0.006820272451334486,-42.26151652977784
0.5880850978592542,1.015192353291532,0.1568310586346423,-30.98576161146667
1,0,1,0
0.2001588252095607,4.768915847448287,0.0144890342420243,-15.05853564014708
1,0,1,0
1,0,1,0
9.555848176237971e-17,11.60288480944434,0.0003292479801519366,-13.66724157845639
3.17603086687411e-16,10.35441651370012,0.0006458264278669246,-18.20683184558564
0.2179917053881215,4.122443602102365,0.02115895578062599,-27.45307180650046
1,0,1,0
0.181032267953198,5.621529562999811,0.008870579528781952,-32.65954205352206
0.6761822178120929,0.5245694927955284,0.2344494743431827,-31.73617807355933
2.001167943269941,4.24321483819142,0.01970373952461879,-84.72444474806537
1,0,1,0
2.804502661847769e-15,10.36197081766505,0.0006431890057003731,-80.48833402710513
0.9803552897692347,0.001976387032257776,0.4822702330590463,-63.37644357538308
3.17603086687411e-16,11.60305123171554,0.0003292185186776764,-29.75455741701014
9.682324783204268e-17,7.574398859183297,0.002960156066825814,-12.38343312421
3.17603086687411e-16,11.13562474436389,0.0004234270157719155,-19.43714537433815
1,0,1,0
5.840566125974614e-16,8.867183399875742,0.001451713849368597,-17.16290738448313
1,0,1,0
1,0,1,0
9.682324783204268e-17,9.957044721668936,0.0008011753085846451,-52.02376340637561
5.840566125974614e-16,10.20352586586679,0.0007008619757696288,-30.16632335431538
9.555848176237971e-17,11.11084236979815,0.0004291225088273731,-12.55756321263615
1,0,1,0
0.8740203624419487,0.0757385678373339,0.3915788314866693,-54.26556149765627
1.382622950974194,0.7540437971856022,0.1925994765008263,-76.83263187904517
0.4363188432557018,1.847004000467663,0.08706612467489566,-23.15309232044647
5.840566125974614e-16,11.63349716976661,0.0003238732758466534,-11.95949025508133
0.1959240495567142,4.940071367452077,0.01312047656287069,-46.79229807480013
2.372645724398308,6.828509423714422,0.004485705176854926,-100.572772387511
3.17603086687411e-16,7.574327176875684,0.002960273791354051,-25.24263884637869
1.265720182531347,0.2052202196084778,0.3252699122425889,-37.12167811642014
1.243355561441501,0.3083810041501209,0.2893376846190983,-57.50159944319154
0.2059011627904042,4.545131296013594,0.016506245128112,-32.63657137773122
3.17603086687411e-16,6.641893126870499,0.004980401530580436,-12.77159337155955
0.1718195341318867,6.108868312197544,0.006725261301423147,-39.58570529499067
0.4504663801003494,1.686253277901145,0.09704780346023684,-62.22451496594136
0.6009839902134615,0.926965423370369,0.1678263507020739,-29.15952298404583
0.9008731204064095,0.0563140580667465,0.4062097688878593,-58.65417431201449
0.8872637152393079,0.07426647799830732,0.3926115818529388,-49.51132502523545
0.3920257391186728,2.453094148601124,0.05864672844231783,-27.19062847498756
0.1804556427524297,5.650301214703973,0.008726187046399381,-155.2356921364895
1,0,1,0
2.287852447174094e-16,6.31903975329768,0.005972414812358773,-20.4139051425999
3.17603086687411e-16,11.1113392187244,0.000429007565604822,-19.54914087082571
1.028145822447522e-15,7.477456946221722,0.003123812549265581,-24.02401476661253
5.840566125974614e-16,11.04489370626329,0.0004446590093380998,-18.38002064613111
6.728744545674702e-16,11.60110688595765,0.0003295628893990044,-37.15162242235856
9.682324783204268e-17,11.0446988541938,0.0004447057461623438,-37.42281902090322
5.840566125974614e-16,7.574365611245405,0.002960210669633145,-11.68998055373953
1.028145822447522e-15,9.987075344750934,0.0007882139158702506,-120.0706488858432
5.840566125974614e-16,6.641865873720917,0.004980477718386167,-25.97237945014417
3.17603086687411e-16,10.99081432507679,0.0004578228505504045,-11.91563998310615
2.287852447174094e-16,9.957044400085614,0.0008011754485316436,-27.69219203474895
1,0,1,0
9.682324783204268e-17,5.000645700096733,0.01266893212013576,-22.20153955650912
4.730343101349462e-16,9.169860928176817,0.001230166325555226,-12.54852525191066
3.17603086687411e-16,11.60255365421936,0.0003293066119647303,-13.66668394215849
0.399337715156888,1.171174576657677,0.1395800140476436,-44.71172871894414
0.5161733498926853,1.653144131352761,0.09926576887773803,-59.40397162673435
3.17603086687411e-16,8.628662385445871,0.001654572340800575,-12.27080299018327
9.555848176237971e-17,11.27892789661911,0.0003919590740686374,-20.83434201835045
3.17603086687411e-16,10.35441597728824,0.0006458266155316417,-10.81128990872834
2.509897052099161e-16,9.957045139956605,0.0008011751265537548,-13.94686500569304
3.17603086687411e-16,8.628672334591368,0.001654563304250123,-12.74272583674657
9.682324783204268e-17,7.574359705702591,0.002960220368363631,-18.69650105404856
1,0,1,0
0.4005205564837495,2.323570668234169,0.0637136102953107,-20.80536365196871
9.555848176237971e-17,11.1355917413784,0.0004234345494961711,-11.93279769063854
1.028145822447522e-15,5.003411608377164,0.01264870341480417,-41.68656967313009
9.555848176237971e-17,8.86725251004032,0.001451658890676111,-12.92811221629618
3.17603086687411e-16,10.35481303290565,0.0006456877199351729,-11.91201545244691
3.17603086687411e-16,11.60023119517701,0.0003297181052455689,-27.224861419811
5.840566125974614e-16,6.016095866835045,0.007087986342962815,-28.20113496267112
0.4017896213450231,2.306171166233639,0.06443056048808177,-46.55457610738291
0.4119576101786165,2.158071935810597,0.07091127409053866,-33.55847017529003
1,0,1,0
0.7845705713504808,0.2551281958579921,0.3067435408616058,-52.14606820708453
1,0,1,0
0.4509610375728799,1.681230380160954,0.09738052210160081,-42.40469482494665
1,0,1,0
0.2636123052634752,3.16230022041286,0.03767846750050108,-24.79104474190709
9.682324783204268e-17,11.04486027552079,0.0004446670276156417,-32.14806049241476
9.682324783204268e-17,11.59923677560565,0.0003298944552573846,-18.26116170462848
4.730343101349462e-16,11.0449267890508,0.0004446510746605181,-19.07070031915622
0.181010437578541,5.622684597187465,0.008864735661818279,-30.6863912088951
0.3557127534146303,3.100841381540192,0.03912592083990885,-61.36133013044616
1.028145822447522e-15,7.312949794219222,0.003422972897829446,-40.96685379816336
1.028145822447522e-15,7.574332383529544,0.002960265240256554,-18.47905268027365
1,0,1,0
5.840566125974614e-16,11.60305196156424,0.0003292183894795797,-18.20965200302371
0.4003380430716411,2.326286255173684,0.06360251714969467,-34.33325034578634
0.5886551833222382,1.011135139931881,0.1573155240988731,-36.45857163016478
0.7257445720421165,0.4577742382725063,0.2493330135422996,-39.39451988955665
0.3437528825404232,3.359815067266751,0.03340278513536166,-24.44592859278108
0.6540664272839906,0.6249444197044483,0.2146079105320509,-29.16967460252121
0.6006683452577068,0.9290576449628389,0.1675539576347216,-43.64319348778888
1.035927409485724,0.007372294196699158,0.4657880339484211,-53.84089367070242
1,0,1,0
1.028145822447522e-15,7.314409300873791,0.003420193998182053,-45.28815574062661
1,0,1,0
0.2008297804118862,4.744879340093057,0.01469280713098275,-29.82128385617074
9.555848176237971e-17,11.63349717090407,0.0003238732756485896,-11.95950735382509
1,0,1,0
1,0,1,0
0.1794806267624083,5.699967477699445,0.008482613653024162,-15.97872588201933
0.375928995204641,1.362200552764058,0.1215782352393551,-18.48557252655553
3.17603086687411e-16,9.957044386969962,0.0008011754542393001,-30.91023679342369
5.840566125974614e-16,7.574332577761702,0.002960264921261779,-25.71541308117995
0.8751111718081125,0.07431068054852119,0.3925804119955734,-48.64962446414955
0.2254180308310917,3.887086715202344,0.02432937980403155,-33.3571947804923
1,0,1,0
0.4119693970582071,2.157956940152978,0.07091658204828838,-27.93978788702725