dN/dS,LRT,p-value,Log(L)
1,0,1,0
0.6197176646158264,0.2698442971186346,0.3017181191192584,-12.05771887961333
0.6356293776043673,0.2400248470626778,0.3120940847588027,-13.48569740105643
1,0,1,0
0.951266513504215,0.002534588846593522,0.479923851619555,-11.84522035170371
5.840566125974614e-16,3.069424823252163,0.03988884672319487,-11.06617848915077
0.5600443792485174,0.4110022359830943,0.2607306239406403,-12.30757408688097
1.028145822447522e-15,3.567175327287156,0.02946623871075899,-11.75054333184802
0.6899872152869356,0.1562077451403958,0.3463361140544719,-13.09456519609369
1.028145822447522e-15,2.805469992716841,0.04697165535137793,-11.14764453111568
1.641600786770822,0.6276903315569626,0.2141018916235784,-27.81532482851863
1.028145822447522e-15,2.140778407770821,0.07171454909262714,-11.90562576112592
1.028145822447522e-15,3.157253369286465,0.03779513120726341,-11.65630054323379
1.028145822447522e-15,2.729026662434251,0.04926966137354161,-10.46194855208925
1.32559154951043,0.2170705943895825,0.3206405505835448,-26.34464521305844
1.382644511375943,0.1886237901761092,0.332032250806341,-35.10598425715984
1.426639552231652,0.2246358503669654,0.3177650550999832,-27.18376206233416
6.728744545674702e-16,3.508731074180044,0.03052309748206383,-11.35676455493655
0.4406266799403531,0.898793189593885,0.1715527538131558,-12.40969023739141
1.028145822447522e-15,3.350331585340001,0.03359573866380394,-37.33351726464089
1,0,1,0
2.804502661847769e-15,1.54237472887522,0.1071323387214546,-11.28241896742296
1.121258775779765,0.02517668605948842,0.4369637956130549,-17.77206803631483
2.804502661847769e-15,1.542374728758769,0.1071323387301044,-11.28243295020881
1,0,1,0
1.429349020977488,0.2269050851435068,0.3169141089044999,-22.22201889964641
2.804502661847769e-15,3.509218007301158,0.03051412742636933,-20.34169792681145
0.6210302807283952,0.267245353709292,0.3025928133466391,-17.92390836564147
0.5604321200036344,0.4099177819977484,0.2610056194751179,-11.53977000395691
2.153254205588985,1.382660756434021,0.1198242216343714,-41.37556935140677
1,0,1,0
1,0,1,0
1,0,1,0
1.9052533107955,0.7979639205233298,0.1858514109443064,-35.8190275646314
0.572739326483427,0.3767706516158071,0.2696683081868004,-18.61762899176634
1,0,1,0
2.003495111159128,0.774712752833949,0.1893815307673737,-17.31965064634786
0.7130672081543799,0.1282252269011579,0.3601396641250717,-12.32508182946442
1,0,1,0
2.034409062457975,1.209012676225861,0.1357638735408856,-25.06783309392974
1.094298956046423,0.01573345808061077,0.4500903496098078,-21.77908483001992
1.864821512822352,0.9541241556136271,0.164335873014479,-30.47738932633927
0.9513097024867672,0.002529937570617591,0.4799422656106115,-13.71768365752093
0.6197176601103244,0.2698442971176505,0.3017181191195886,-12.057718889955
5.840566125974614e-16,2.10425653071189,0.0734448612127227,-11.51759404404539
1,0,1,0
0.5682383740590465,0.3886454986873566,0.2665061228587513,-12.21827659205273
5.840566125974614e-16,2.899657100300693,0.04429919893765544,-13.06401680236031
0.7333292371386586,0.1068202903159836,0.3718968213008725,-11.80673710353235
9.682324783204268e-17,3.227707205166478,0.03620099491734063,-10.06176297554362
5.840566125974614e-16,2.104239354799589,0.07344568595791673,-11.1769427794625
5.840566125974614e-16,3.492131296360792,0.0308305760595603,-11.0951975804356
0.633669414329125,0.2434400870384223,0.310866234338176,-19.461567792009
0.7126966797818527,0.1286433643244216,0.3599214064078071,-12.32619915819241
0.6914796537545171,0.1542761229119201,0.3472409914100211,-13.64529872827075
1,0,1,0
0.5691773026115498,0.3861448994291585,0.2671663995893392,-11.92130836317219
1.028145822447522e-15,3.227747204425857,0.03620011063377904,-10.90495029470149
1,0,1,0
1,0,1,0
1,0,1,0
1,0,1,0
1,0,1,0
1,0,1,0
1.028145822447522e-15,2.899657100300693,0.04429919893765544,-13.06375775864179
6.728744545674702e-16,2.365763415596312,0.06201161394216248,-10.2715480042987
1.028145822447522e-15,3.157253369286458,0.03779513120726358,-17.63308973628674
5.840566125974614e-16,3.227747188521263,0.03620011098538523,-10.9044661545578
0.7130662809352905,0.1282264823272712,0.3601390082221941,-12.72652166224171
0.5727331673004111,0.3767926798589052,0.2696623789615324,-12.05019391522762
5.840566125974614e-16,3.227747197957587,0.03620011077677443,-10.90475341648345
1.028145822447522e-15,2.899657107286856,0.04429919874565913,-11.53546133132103
0.6202971596214374,0.2686964178877034,0.3021037847843723,-21.1088449487407
1.666261141789915,0.4422437488457049,0.2530207384074007,-18.33636745959713
0.5971266781814102,0.3177299815518921,0.2864875235356938,-12.7398299805931
0.5978400386594503,0.3161222523595875,0.2869737009233208,-14.31621586700996
1.714173335784686,0.7322687032691988,0.1960744002647957,-23.77414024146435
1.9040461681582,0.6754177152451462,0.2055845487336477,-29.48272276790537
1,0,1,0
1.264224453578746,0.1016468109903244,0.37493113781159,-26.63150008997306
1.269957227060755,0.105453645370801,0.3726903406105111,-37.53151954801134
0.8639446027733173,0.02244399581720558,0.4404559961903983,-20.38565848528723
1.896256729696417,1.001476142847885,0.1584767939982879,-31.24140053485656
0.6523551574558013,0.2111053657425543,0.3229512029460029,-21.25854832640917
1.295430337716913,0.06147925503525897,0.402086505581163,-25.79536693335377
2.40085392879311,2.333876342816183,0.06329315211514841,-41.0908395324324
1,0,1,0
1,0,1,0
1,0,1,0
0.864006217701031,0.02242148243771425,0.4404856450788147,-20.21514610049975
1.028145822447522e-15,2.955014477562408,0.04280576985937823,-18.36395666041022
1,0,1,0
5.840566125974614e-16,3.148092792836181,0.0380078813588553,-12.53071437072915
3.17603086687411e-16,3.157253369286451,0.0377951312072638,-10.11904939513603
2.295680670205699,2.127725362621412,0.07232763899856753,-29.54518459585846
1,0,1,0
1,0,1,0
1.028145822447522e-15,3.350331585339994,0.03359573866380405,-11.00166849039361
0.5609090359603808,0.4082431600296488,0.2614312787364911,-19.54584368997717
1,0,1,0
6.728744545674702e-16,3.49199279862448,0.03083315528991115,-30.45913631175123
9.682324783204268e-17,3.069408210060647,0.03988925437549862,-10.71853376128749
1,0,1,0
1,0,1,0
0.5728352683034472,0.3765248912904866,0.269734474376452,-12.13610005227249
1.173389887969161,0.04842210500230948,0.4129160165842721,-18.87176700828218
1.028145822447522e-15,3.272445618913995,0.03522626131372469,-10.93967483884718
1,0,1,0
6.728744545674702e-16,3.665315994062816,0.02777805381550463,-17.5198999583281
1,0,1,0
0.6517533345161084,0.2120907539130172,0.3225668024148213,-21.2244358348267
1,0,1,0
1,0,1,0
1,0,1,0
0.8362136599358688,0.03395255668592867,0.4269038848638184,-13.14910811889322
0.633669412842531,0.243440087039513,0.3108662343377856,-12.89378575846695
1,0,1,0
3.17603086687411e-16,3.425308653888735,0.03210212026201231,-11.27955416955248
1,0,1,0
1.028145822447522e-15,3.148092662010406,0.03800788440639924,-11.80194140453772
1,0,1,0
0.5600443767404779,0.4110022359861105,0.260730623939876,-12.30757408010526
1,0,1,0
9.682324783204268e-17,2.72902919670533,0.04926958318767355,-10.61151998937786
6.728744545674702e-16,2.31516288082857,0.06405893985450917,-11.04999952670085
1.91114625058744,1.024552284839856,0.1557208114080681,-28.6094123636609
1.206598401727472,0.03313540634655965,0.4277790680892601,-20.68792626716098
0.5682611933928062,0.3885744661717041,0.2665248380687569,-25.15705794553369
1,0,1,0
1,0,1,0
2.804502661847769e-15,2.899657107286856,0.04429919874565913,-18.10324319486493
1.028145822447522e-15,2.399574452897287,0.06068413092335118,-11.41798360216677
2.804502661847769e-15,2.399541620782287,0.06068540459034349,-17.98654444026442
1.028145822447522e-15,1.685838910225467,0.09707520096194944,-10.74640708676021
1,0,1,0
1,0,1,0
1.028145822447522e-15,3.663529888101095,0.02780784345089488,-23.16619265892901
0.5971266587159977,0.3177300154292269,0.2864875133082758,-19.70942168925686
2.804502661847769e-15,1.686097413734469,0.09705810795400199,-12.2284074200842
1.028145822447522e-15,1.58753908895396,0.1038390410221876,-21.0303850412744
1.028145822447522e-15,3.227740042646303,0.0362002689611064,-10.75467049690257
9.682324783204268e-17,3.678421666810301,0.02756050285874412,-11.21436459784234
1,0,1,0
1,0,1,0
6.728744545674702e-16,2.315162889936101,0.0640589394793129,-11.7451882637583
1,0,1,0
1.14165137108476,0.03353022040491282,0.4273548389344213,-17.87854405145375
1,0,1,0
0.7138026068682698,0.1273982376365552,0.3605725179267255,-15.3276899347637
1.028145822447522e-15,3.069342755862174,0.0398908605256823,-17.04112313573362
1.028145822447522e-15,3.678355957217427,0.02756158910438933,-17.0893489688028
3.17603086687411e-16,3.428878473816919,0.0320327969037601,-11.28749191691536
1.028145822447522e-15,3.492098431643861,0.03083118807530966,-10.40198982950571
5.840566125974614e-16,3.148092661732626,0.03800788441287001,-14.20969940678816
1,0,1,0
9.682324783204268e-17,1.901011265931071,0.08398258497317496,-14.25597563051005
2.804502661847769e-15,2.899657107286842,0.04429919874565941,-22.58878851305223
2.804502661847769e-15,1.584617434582,0.1040484205503155,-12.52849118538488
1,0,1,0
1,0,1,0
1,0,1,0
1,0,1,0
2.145070478450958,1.372880886968048,0.1206587618098487,-24.61149681502934
6.728744545674702e-16,3.665153817979714,0.02778075727783869,-13.16947986112947
0.5682056864841528,0.3887326818189827,0.2664831556299532,-14.56156868544897
5.840566125974614e-16,3.157253369286458,0.03779513120726358,-23.35208578607194
1,0,1,0
6.728744545674702e-16,2.315162888748908,0.06405893952822084,-11.59493242271897
0.6359789676978875,0.2393953007863452,0.3123216009537713,-15.7531628221661
1,0,1,0
1,0,1,0
1,0,1,0
1,0,1,0
1,0,1,0
1,0,1,0
1,0,1,0
3.17603086687411e-16,3.157253369286465,0.03779513120726341,-11.65630042246264
1,0,1,0
1,0,1,0
1,0,1,0
1,0,1,0
1,0,1,0
1,0,1,0
1.028145822447522e-15,2.729038247394069,0.04926930396215579,-11.15208056100017
1,0,1,0
5.840566125974614e-16,3.678348950351911,0.02756170493760035,-9.967005508048436
2.287852447174094e-16,3.66531599908414,0.02777805373180386,-11.54380777803514
0.7143042346783754,0.1268370353335548,0.3608671592486428,-14.09881981291127
0.6196772130967168,0.2699201523438362,0.3016926699123768,-18.18339293092307
1,0,1,0
4.0479524494288e-15,1.585874305464479,0.1039582861283585,-26.73640190985438
1,0,1,0
1,0,1,0
1,0,1,0
1,0,1,0
9.682324783204268e-17,2.31498244603921,0.06406637357782485,-13.96137624258976
1,0,1,0
1,0,1,0
0.5438191906061846,0.458772441036789,0.2490991169797424,-12.60445590968992
1.241916366666333,0.08725363735793934,0.3838490296305599,-28.62812808896119
0.5457736720358689,0.452789807767374,0.2505065439896732,-19.06849023686565
1,0,1,0
0.6333081574202603,0.2440995371221888,0.3106303830721042,-13.19474066824824
1,0,1,0
1,0,1,0
1.320245500584514,0.07043776190097617,0.395350231363906,-20.5127003715446
0.6517417478628567,0.2120979455144933,0.3225640009483394,-17.74868048886056
1,0,1,0
1,0,1,0
1.028145822447522e-15,3.665148965839727,0.02778083816692323,-20.10717958087202
1.123927869347633,0.02621286419189062,0.4356907763083905,-17.7976825545826
1,0,1,0
0.6906167680463718,0.1553905425646818,0.3467181430481594,-23.16106551810487
1,0,1,0
0.6899872121398041,0.1562077370179011,0.3463361178458592,-18.41294435891399
1,0,1,0
0.6516310812162018,0.2122956642989706,0.3224870027355735,-12.01758343291411
3.17603086687411e-16,3.492124182376845,0.03083070853701847,-10.94636379309045
1,0,1,0
9.682324783204268e-17,3.272834989010722,0.03521790242167649,-9.552562548766049
0.6203035904481813,0.2686884356760224,0.3021064703129535,-14.92719366635142
0.6197176436530757,0.2698443158394994,0.3017181128379025,-12.05752209494872
1,0,1,0
1,0,1,0
5.840566125974614e-16,3.272445618910822,0.03522626131379281,-10.93967486333193
1,0,1,0
1,0,1,0
2.804502661847769e-15,3.520027831560256,0.03031571465508148,-17.10848434593574
1,0,1,0
1,0,1,0
1.028145822447522e-15,2.729038383196546,0.0492692997724859,-11.1551563140695
1,0,1,0
1.028145822447522e-15,2.729026645612134,0.04926966189252835,-10.46123147344549
1.267797470252265,0.1040139984787132,0.3735324192877448,-18.57516338485098
1,0,1,0
1,0,1,0
0.8651751778891243,0.02199855380841598,0.4410454733795528,-20.87286902930476
1.028145822447522e-15,2.729017484744055,0.04926994451947314,-17.17951511641328
1,0,1,0
1.028145822447522e-15,2.899657107286842,0.04429919874565941,-17.10442537110094
1.909691403344004,1.02153703739161,0.1560773484409732,-38.0808914742396
1,0,1,0
1,0,1,0
1,0,1,0
1,0,1,0
5.840566125974614e-16,3.14809266309333,0.03800788438117286,-13.35876370888925
1.14715148013692,0.03594949370791056,0.424809915474685,-17.37095173640882
3.439082687441211,6.292779436232962,0.006061539832248608,-47.30393882736801
0.5700800913651753,0.3837596440623443,0.2677989874669071,-20.64495682560003
1,0,1,0
1.028145822447522e-15,3.350331585321562,0.03359573866418025,-13.17565124858424
1.028145822447522e-15,1.997071604688823,0.07880172042849398,-11.55797279658024
1,0,1,0
2.804502661847769e-15,3.069391991768569,0.03988965234214265,-17.48971826233337
1,0,1,0
1.028145822447522e-15,2.399574449120692,0.06068413106985621,-11.41786861498472
0.6115172078509332,0.286465440818759,0.2962472567039853,-11.86548052600211
1,0,1,0
1,0,1,0
5.840566125974614e-16,3.069424799575433,0.0398888473041682,-11.06545694893967
5.840566125974614e-16,3.508731074178016,0.03052309748210119,-11.35676456746102
9.682324783204268e-17,3.069326372120173,0.03989126256962505,-23.21962964188065
1,0,1,0
1,0,1,0
0.6517535756593855,0.2120884853180698,0.3225676861510277,-18.79134779594773
1,0,1,0
1.028145822447522e-15,3.157253369286465,0.03779513120726341,-17.12440368527954
0.5682056924586603,0.3887327063760821,0.266483149161218,-14.56122318257819
0.4410118025905535,0.8965799557694396,0.1718502045135617,-14.71861460484318
2.498139938542926,2.519733717744273,0.05621478422472403,-34.2482008005118
9.682324783204268e-17,3.350331585340012,0.03359573866380372,-11.84481789371025
1,0,1,0
9.682324783204268e-17,3.227707172294853,0.0362009956440596,-10.06110684486605
0.8430429191797297,0.0308328508098441,0.4303069079233417,-19.62996371253804
1.153887973223277,0.03904045926087463,0.4216842650743142,-20.31325094018998
9.682324783204268e-17,2.365763415596298,0.06201161394216298,-10.27138972446084
5.840566125974614e-16,3.520060516244719,0.03031511681857746,-10.68199329857161
9.682324783204268e-17,3.520076621583474,0.03031482223997684,-11.02828426760726
5.840566125974614e-16,2.729040922766867,0.04926922142375623,-11.30480976286045
1,0,1,0
1.738688558207614e-15,2.72903838041529,0.04926929985829076,-11.15517147408323
9.682324783204268e-17,2.365763415627388,0.06201161394092763,-10.96541764133849
1,0,1,0
1,0,1,0
1.028145822447522e-15,2.314833483055679,0.06407251141962206,-19.49619463454095
0.5725839289494916,0.3771791484757827,0.2695583940543049,-12.34348636454761
9.682324783204268e-17,3.520076627207469,0.03031482213711029,-11.02845659384925
9.682324783204268e-17,2.805472540734254,0.04697158072726126,-11.2975543822522
1,0,1,0
1,0,1,0
1.028145822447522e-15,3.157253365803442,0.03779513128791129,-33.40092685794284
9.682324783204268e-17,2.729029198796219,0.04926958312316665,-10.61160906557929
2.449231293967717e-15,3.428359023061411,0.03204287433295211,-17.71354901981614
9.682324783204268e-17,3.678381674050982,0.02756116397386488,-10.37137454972723
1.028145822447522e-15,3.227747161339305,0.03620011158630249,-10.90389022472961
1,0,1,0
1,0,1,0
1,0,1,0
6.728744545674702e-16,2.13988422424789,0.07175636092488874,-11.90346141734489
1,0,1,0
2.093959926088373e-15,1.916691315136859,0.08311093354580323,-35.75060342370944
2.804502661847769e-15,3.148092720774621,0.03800788303750591,-18.57331420460957
1,0,1,0
1.028145822447522e-15,3.157253365857095,0.037795131286669,-20.55067060859954
9.682324783204268e-17,2.315162888742581,0.06405893952848152,-11.59390973507951
1,0,1,0
1,0,1,0
1.900348076139967,0.6717560020720228,0.2062200270022731,-27.61435714126335
1,0,1,0
1,0,1,0
9.682324783204268e-17,3.520043980323347,0.0303154192760231,-10.33505995705847
1,0,1,0
0.9494429124824924,0.002734747032889118,0.4791468947992082,-19.90720807497712
1.028145822447522e-15,3.568863069389398,0.02943630317316187,-12.44478435260464
5.840566125974614e-16,3.508731211151517,0.03052309495844441,-13.32397500310513
1,0,1,0
1,0,1,0
4.936130869128893e-15,2.728923551981481,0.04927284259249942,-55.72626076429079
1,0,1,0
9.682324783204268e-17,3.664828631968412,0.02778617894339336,-10.60442332320737
1,0,1,0
1.028145822447522e-15,2.39957445935935,0.06068413067266909,-11.4181802763959
1,0,1,0
1,0,1,0
1,0,1,0
1,0,1,0
1.028145822447522e-15,3.462876152356827,0.03138052862010482,-21.56483839368788
3.17603086687411e-16,3.148092792836181,0.0380078813588553,-12.52914660977641
0.6202854940553713,0.2687230877988611,0.3020948123489122,-14.33766991534502
1,0,1,0
1,0,1,0
0.6894058244334359,0.1569650076785294,0.3459831360777962,-25.29883502698229
1,0,1,0
1.028145822447522e-15,3.492091287264593,0.03083132112160658,-10.25182784337664
1,0,1,0
1,0,1,0
1,0,1,0
1.269751348419897,0.1053163612679597,0.3727703658302438,-21.64444416684146
0.9343298435731564,0.004714177190820124,0.4726301825613175,-20.46468192964141
0.8642330102726717,0.02233908989519406,0.4405942815191045,-12.67773591273353
1,0,1,0
9.682324783204268e-17,3.509056447779244,0.0305171032897319,-10.25680290482025
1,0,1,0
1,0,1,0
1,0,1,0
0.6334287675730955,0.243879519029818,0.3107090280929183,-19.60156619230948
5.840566125974614e-16,3.069408210060722,0.03988925437549679,-10.71853376357312
1.028145822447522e-15,3.50938019926727,0.03051114022432322,-19.39850006328072
9.682324783204268e-17,2.399567310174618,0.06068440801081015,-11.26829693182499
1.028145822447522e-15,1.997252135022748,0.07879233302612448,-13.27411350811226
1,0,1,0
0.6516638637686579,0.2122407104201294,0.322508399224642,-10.67130171189506
1,0,1,0
2.287852447174094e-16,3.665315995650253,0.02777805378904352,-10.85025757981205
0.6196801938635448,0.2699184287015761,0.301693248138905,-12.07296523474674
1,0,1,0
0.6337467033242965,0.2432998170921046,0.310916452881874,-11.79859543368794
1,0,1,0
1,0,1,0
2.287852447174094e-16,3.665153476545175,0.02778076296981946,-11.70441754398638
1.028145822447522e-15,3.272705519882784,0.03522068159416736,-17.26372147814153
1,0,1,0
1,0,1,0
1.028145822447522e-15,3.492065447877927,0.03083180232102922,-16.96686646770205
0.7131383500408879,0.1281449911623724,0.3601815911551874,-12.6109891771388
1.722968295739516,0.7449647218822335,0.1940375636753984,-30.28975436524815
1,0,1,0
3.17603086687411e-16,3.272445596582795,0.03522626179318578,-10.93984720480882
1,0,1,0
1,0,1,0
1,0,1,0
1,0,1,0
1,0,1,0
1,0,1,0
1,0,1,0
1,0,1,0
1.028145822447522e-15,3.148092720826639,0.0380078830362941,-33.73555639885902
5.840566125974614e-16,3.227747200655017,0.0362001107171418,-10.90483562539101
9.682324783204268e-17,3.508731010334532,0.03052309865838021,-11.3571582122425
1,0,1,0
0.6899872045765602,0.1562076951683906,0.346336137380217,-21.87875604711431
2.743956229965608,3.729107664365216,0.02673597651137222,-45.09707408681115
1,0,1,0
1,0,1,0
6.728744545674702e-16,3.227674362328976,0.03620172100763625,-16.88081790184222
0.619506111741544,0.270265775607978,0.3015767717668255,-11.37504248180928
1.028145822447522e-15,2.399574465032032,0.06068413045260945,-11.41835295771599
1.002961770837649,8.629518763569877e-06,0.4988280671449145,-12.29286892316555
0.5603175606372395,0.4102372231377061,0.26092456243185,-12.2330148830956
2.804502661847769e-15,3.069359420952914,0.03989045158214577,-16.79902112422239
1,0,1,0
0.5439749997060508,0.4582797335231064,0.2492145206383817,-24.74181603910641
1.028145822447522e-15,2.806957127954782,0.04692812334702823,-19.86125666041014
0.6333384741700328,0.2440438127110518,0.3106502974790341,-12.25447622060628
1.141350198780417,0.03339954177932469,0.4274949664396904,-25.20131918964823
1,0,1,0
0.6198221009884781,0.269639516124446,0.3017868452358287,-10.95723297890404
0.5780156148766236,0.363408403550423,0.2733096810366925,-28.08017322098784
1,0,1,0
1,0,1,0
1,0,1,0
5.840566125974614e-16,2.365763415596277,0.06201161394216381,-10.271192783632
1.028145822447522e-15,3.492065538289928,0.03083180063729873,-16.96922125177822
2.287852447174094e-16,3.665314947938516,0.02777807125341891,-12.90824349297981
6.728744545674702e-16,3.492124172153339,0.03083070872740223,-10.94605224972139
5.840566125974614e-16,2.399534432718145,0.06068568344322284,-10.57448486847732
1.028145822447522e-15,3.157253369286458,0.03779513120726358,-18.07736939003006
6.728744545674702e-16,2.10428905646036,0.07344329943466188,-12.20871782311317
1,0,1,0
2.449231293967717e-15,3.14809266262241,0.03800788439214275,-19.51534345251298
1,0,1,0
2.804502661847769e-15,1.584617451003062,0.1040484193721027,-12.52868792551107
1,0,1,0
1,0,1,0
2.804502661847769e-15,1.584701034863556,0.1040424224256666,-12.64307631539458
1.089075106274854,0.01418963061978218,0.4525900494521912,-31.02246917014055
1.028145822447522e-15,2.729038385504353,0.04926929970128702,-11.15535334651326
5.840566125974614e-16,3.565693723267504,0.02949254464260892,-12.6971360572704
5.840566125974614e-16,3.272704980219583,0.03522069317901999,-9.84076003765486
5.840566125974614e-16,3.148092792836181,0.0380078813588553,-12.53032125783989
1,0,1,0
1.028145822447522e-15,2.399541554466921,0.06068540716296694,-10.72429147527557
1,0,1,0
0.6338233481163584,0.2431612268349532,0.3109660877535338,-11.39253354507553
1.028145822447522e-15,3.520043992264426,0.03031541905760848,-10.33524291539833
1.028145822447522e-15,1.584617452050551,0.1040484192969451,-19.54764727616898
1,0,1,0
5.840566125974614e-16,3.273094570486268,0.03521233097690435,-10.94129028419643
1.028145822447522e-15,3.664946229639106,0.02778421816606802,-19.56702022651042
6.728744545674702e-16,1.899530730812501,0.08406542732842626,-13.78583593075837
0.6354285331571327,0.240387269550947,0.3119632740848638,-14.32203050361086
1,0,1,0
1,0,1,0
0.6196186738786154,0.2700427699304733,0.3016515416713045,-11.3592434731269
1,0,1,0
0.7128979661279282,0.1284153486573558,0.3600403754167092,-17.50144594716363
1,0,1,0
1,0,1,0
5.840566125974614e-16,3.492131306598793,0.03083057586890747,-11.09550923981971
6.728744545674702e-16,3.6649911329975,0.02778346950383948,-11.01065210904031
9.682324783204268e-17,3.492131306599024,0.0308305758689032,-11.09550924678544
5.840566125974614e-16,3.492131300129465,0.03083057598937983,-11.09531232187029
5.840566125974614e-16,3.543211105189883,0.02989480309867798,-29.60077178190515
2.804502661847769e-15,2.314833493372269,0.06407251099451639,-20.33612207770244
1,0,1,0
1,0,1,0
5.840566125974614e-16,3.665315995207205,0.02777805379642873,-10.70064797110151
5.840566125974614e-16,3.157253362987518,0.03779513135311269,-11.46997181938859
1.244283391846472,0.0887421966916051,0.3828911616835111,-23.43281636718519
0.5732351481524492,0.375486182930981,0.2700144551094313,-15.34436308839026
0.5438191639489431,0.458772523191854,0.2490990977446376,-12.6048252773376
0.6896278209816535,0.1566758514537234,0.34611780215962,-12.59649376777599
0.6327402779860767,0.2451390199818348,0.3102594172058502,-17.82727667593337
1.092515346486285,0.01518031726332225,0.4509710250685731,-25.32616242370365
1,0,1,0
2.804502661847769e-15,2.314801511027291,0.06407382887419438,-20.08675831502617
1,0,1,0
0.6356293705736533,0.2400248869148065,0.3120940703680756,-13.48578642143467
1,0,1,0
1,0,1,0
1,0,1,0
1,0,1,0
1,0,1,0
1.028145822447522e-15,3.148092661803183,0.03800788441122638,-21.4800799932334
1.028145822447522e-15,2.399567406312766,0.06068440428131616,-11.26934785095396
0.690516427185047,0.1555201925332312,0.3466574564307384,-20.83084828786181
1.738688558207614e-15,2.805458267400486,0.04697199875390234,-10.45342893362669
1,0,1,0
0.6517054282812965,0.2121733335297087,0.3225346372405213,-12.71081770922598