num_codon
1
3
3
5
4
5
4
4
4
3
3
2
4
5
7
5
5
3
3
4
4
5
3
3
3
3
4
4
3
3
2
4
4
4
3
3
5
5
5
5
5
5
4
4
5
4
5
3
5
4
4
2
1
1
2
3
3
3
3
3
2
3
3
3
2
2
2
3
3
3
4
4
4
4
4
3
3
2
3
3
3
2
2
2
2
3
3
5
4
4
3
3
3
3
4
4
5
5
5
5
4
4
3
6
6
6
4
4
5
5
5
4
3
4
4
5
4
3
2
1
2
2
3
2
2
2
4
4
3
2
2
2
2
3
3
4
4
5
5
5
5
5
7
6
5
3
3
4
3
4
3
5
6
7
6
4
5
5
5
3
4
5
7
6
6
6
5
4
4
6
5
5
4
4
4
6
7
5
5
4
5
4
6
7
6
4
3
4
5
5
5
5
4
3
2
2
3
2
3
2
2
2
3
3
3
3
4
4
5
5
4
3
1
2
3
3
3
3
3
3
2
2
2
3
3
5
4
4
1
1
1
2
4
4
4
2
2
3
3
4
4
4
3
1
2
2
4
3
3
2
2
3
4
6
6
5
5
5
5
4
5
6
6
5
4
7
8
9
6
6
7
7
6
5
4
3
2
2
2
4
3
3
2
2
2
2
2
2
2
2
2
2
3
4
3
3
3
5
5
8
6
6
2
2
2
3
4
3
2
1
1
1
2
2
2
3
3
3
2
2
2
2
2
2
1
1
1
3
6
6
5
3
3
2
3
5
6
7
5
6
4
5
3
2
1
2
2
2
2
3
4
5
4
4
3
3
4
4
4
3
3
6
5
5
2
2
2
2
2
2
3
3
3
2
2
3
4
5
4
4
3
2
2
2
2
1
3
6
6
3
1
1
1
2
2
2
3
3
3
2
3
3
4
4
5
5
5
5
3
3
4
5
5
3
3
3
3
3
5
5
7
6
5
5
5
4
4
4
3
5
5
7
7
6
7
8
7
5
3
3
2
3
4
5
4
3
2
3
4
6
6
4
3
1
1
1
2
5
7
6
5
4
5
5
5
4
2
2
3
5
6
5
3
2
3
4
4
4
3
2
2
2
3
3
4
3
4
4
3
1
3
3
4
2
2
4
4
4
1
2
2
3
4
4
4
5
5
5
5
7
9
7
7
5
8
8
10
8
6
4
4
3
2
2
2
1
3
4
7
6
5
3
2
4
5
6
5
5
4
4
3
3
2
2
3
3
4
3
3
2
3
3
3
2
3
3
4
4
4
3
2
2
3
3
3
4
4
