dN/dS,LRT,p-value,Log(L)
1,0,1,0
1.792605867115735,0.8469785423793184,0.1787042505542128,-38.61409361528745
1.553416751984901,0.5043647256671733,0.2387942760609431,-33.78347206798522
0.4415355278273225,0.8933517248264806,0.1722853178577953,-12.69930807780517
0.996959464038878,9.372362399062695e-06,0.4987786674720178,-14.51414845699504
1.648031793863616,0.637012008647929,0.2123974338939084,-26.68293918198766
1.650049297216275,0.6398940335954038,0.2118745858920845,-29.85061264197595
3.87527748648397,4.89159692338032,0.01349385630310646,-60.0581399108092
1,0,1,0
0.7897813386307232,0.06025328304924216,0.4030480316649465,-18.98239403976046
0.5485554823747991,0.4444538391574291,0.2524902867425214,-13.03314155078212
0.6295625970981601,0.251111113277954,0.3081468964512645,-13.08471975052962
1.55375090457461,0.5048261042807951,0.238693607376359,-32.66886621173986
1.098506079623959,0.01702363176637789,0.4480954583589756,-19.83361411584296
1,0,1,0
1,0,1,0
1.035074923791291,0.002346483138936151,0.4806825869028413,-40.78257663764885
1,0,1,0
2.287852447174094e-16,3.645676669385765,0.02810747808563502,-11.61609099423261
1.028145822447522e-15,1.89124949525354,0.0845305291774715,-11.0995260551383
1,0,1,0
1,0,1,0
1,0,1,0
1,0,1,0
0.5279168176324498,0.5103595779604682,0.2374916195015268,-14.40918434077574
3.17603086687411e-16,3.869703834990375,0.02458259821795061,-12.27524345968115
1,0,1,0
9.682324783204268e-17,3.674196567173873,0.02763044046688895,-11.29763856021309
9.682324783204268e-17,2.513879587862373,0.05642390646757989,-12.89046001179631
9.682324783204268e-17,3.645676669396753,0.0281074780854495,-10.51607692922525
1,0,1,0
1,0,1,0
9.682324783204268e-17,3.650236795619591,0.02803062018402397,-10.87428464660659
1,0,1,0
9.682324783204268e-17,3.64567666938726,0.02810747808560971,-10.92231121037147
1,0,1,0
2.804502661847769e-15,2.006151421156801,0.07833115084443609,-29.34559690264492
9.682324783204268e-17,3.564203724247257,0.02951902480522017,-10.90897445541533
1.797831825375911,0.854746879495778,0.177606463905683,-32.39153873063124
0.5444335616435242,0.4568553007179901,0.249548665741565,-11.39569768137359
1,0,1,0
0.5485554451645498,0.4444539448908067,0.2524902614106728,-13.03269568966883
1,0,1,0
1,0,1,0
2.804502661847769e-15,3.79040877300384,0.0257735291913902,-24.01624150536446
1,0,1,0
0.5479701344194924,0.4462117345577958,0.2520697264491865,-12.51782099723223
1.636866613833003,0.6208737098988735,0.215361397592188,-33.42808649631175
3.424441423974711,6.264831674525837,0.006157893490904731,-60.37077600878377
1.028145822447522e-15,2.004592466397973,0.07841171746744546,-19.34353991940327
0.561031195982857,0.408289210860346,0.2614195569998994,-11.87987578389787
1.027087762806227,0.00141371688426517,0.4850035325355469,-18.9411849495402
1,0,1,0
0.5285050868103235,0.5083454381373755,0.2379279908953129,-28.12979110662816
1.090477625757416,0.01455323255812857,0.4519893678936692,-35.47855751388168
0.4326865375811218,0.9457882059880305,0.1653968477021744,-20.97724294816959
1,0,1,0
1.028145822447522e-15,2.006150806558296,0.07833118258828403,-22.08599192571306
9.682324783204268e-17,3.854320661359001,0.02480900828054522,-11.6646796297668
1.200359662310743,0.06269101193151982,0.4011460776142165,-21.47612084312355
1,0,1,0
0.9109981178867714,0.01790533315422493,0.4467760890541613,-29.42437774296108
9.555848176237971e-17,4.62161104100505,0.01578578596444813,-12.3623677192357
9.682324783204268e-17,3.650236795616113,0.02803062018408253,-11.56839561566089
0.5168923814649448,0.5488060840785174,0.2294029691470417,-13.12736935631734
1,0,1,0
4.936130869128893e-15,2.029131983881094,0.07715435833501161,-17.52070149954551
1,0,1,0
2.804502661847769e-15,2.02895677807588,0.07716325406106195,-19.30759894764459
0.4327543633304285,0.9453775629817898,0.1654493482687102,-20.83799416318703
1,0,1,0
1.028145822447522e-15,3.854317235752305,0.02480905894332541,-19.53844421707197
1.089740952908814,0.01433086671634953,0.452355806249494,-27.07944416328269
1,0,1,0
1,0,1,0
1,0,1,0
1,0,1,0
6.728744545674702e-16,3.577235855025947,0.02928827197134432,-17.37010444450364
0.9963856477688642,1.323160491040198e-05,0.4985488397613708,-22.70835866748948
2.804502661847769e-15,4.412863505172069,0.01783445943850109,-20.21593754925974
0.5442672038756663,0.4573650356345667,0.2494290044119981,-12.93570809702613
1,0,1,0
9.682324783204268e-17,3.564232319377695,0.02951851637669139,-11.43743602348331
1.028145822447522e-15,3.854330336594831,0.0248088651898849,-12.21993198133395
1.028145822447522e-15,3.564119577315935,0.02952052101258312,-16.78196694926694
1,0,1,0
0.5648895656584745,0.3979519107575911,0.2640744376926185,-23.39823716221462
1.358024350721255,0.1693440903478063,0.3403476971797247,-35.88547748970772
0.5486170906729554,0.4442693091699041,0.2525345034995957,-12.86360824496052
1.555805193349201,0.5076496736595431,0.2380790341305927,-28.93802156732588
0.4127829347512733,1.074395982143741,0.1499773022414781,-14.48006025176142
0.7961030658755814,0.05611629021589692,0.406371540453441,-21.89041822841329
1,0,1,0
1,0,1,0
9.682324783204268e-17,2.532068829591253,0.05577693554907431,-10.89638878169647
1,0,1,0
9.682324783204268e-17,3.650236799754634,0.0280306201144318,-12.0974656049406
1,0,1,0
0.5486170967588805,0.4442692996243913,0.2525345057872179,-12.86378765070439
1.354953807405016,0.1669687263424677,0.3414099841807221,-20.09108184104699
0.8274128285855642,0.07644472016932014,0.3910872583700779,-24.74878523791475
1,0,1,0
0.513001853090801,0.5629074325985215,0.2265455800633621,-13.49865974311525
1,0,1,0
2.287852447174094e-16,4.412595963948519,0.01783725651940371,-11.83729519859491
9.555848176237971e-17,3.645676673525436,0.02810747801576219,-11.45101876817849
3.17603086687411e-16,3.854330353158453,0.02480886494492007,-12.22096351424812
1,0,1,0
1,0,1,0
1,0,1,0
1,0,1,0
2.287852447174094e-16,3.177819784877244,0.03732213275046758,-12.0889076014569
0.5591370319127592,0.4136787960957093,0.2600540874555415,-26.55356631201223
1.027169401476516,0.001422082222852339,0.4849592499020209,-18.22178240122805
0.7900195938974165,0.06009301047109616,0.4031744970290878,-13.05350932279066
1,0,1,0
2.804502661847769e-15,3.56417611074432,0.02951951578900297,-17.32929135644216
1,0,1,0
1,0,1,0
0.5608920881711411,0.4086722543931032,0.2613220935078293,-18.57004226110736
0.941256610648296,0.003734288006263853,0.4756362720645757,-26.5742304059013
5.840566125974614e-16,2.029597318546124,0.07713073754065369,-12.32169625029617
0.4129101038208032,1.073520703952425,0.1500757771049752,-12.48239900209416
1,0,1,0
0.5460133795268979,0.4521299266465881,0.2506626089367301,-13.88209386764622
1,0,1,0
0.7961912115921126,0.05605965924269185,0.4064179192933604,-12.81744575681345
1,0,1,0
0.5612395590319208,0.4077090959219234,0.2615672869782413,-11.30729817258314
0.4330751154992979,0.9434037476253962,0.1657020097524088,-26.43142221460042
1,0,1,0
9.682324783204268e-17,3.564147852533576,0.02952001824504452,-10.0483766650941
0.440427015436597,0.8997194683972936,0.1714284715821606,-12.70213253386207
1,0,1,0
1,0,1,0
1,0,1,0
1.097819944866531,0.01681099756903848,0.4484188107590383,-18.36447721389169
5.840566125974614e-16,4.845266020202704,0.013861058079296,-10.67413850809473
1,0,1,0
1,0,1,0
1,0,1,0
1,0,1,0
1,0,1,0
1.028145822447522e-15,3.898156091631975,0.02416956717554813,-17.95581363240827
1.510442360017192,0.2974120339683566,0.2927547050890826,-34.13033636990563
9.682324783204268e-17,3.674128939752521,0.02763156142503753,-10.33427048764511
0.5985696352448698,0.314358014097035,0.2875090826684759,-11.27935870956439
9.555848176237971e-17,4.622546177118696,0.01577718267321915,-14.35430772036892
1.642966300699672,0.6297758320245634,0.2137187760703754,-33.19021555796782
9.682324783204268e-17,3.645676673502038,0.02810747801615704,-23.12004274212724
0.5170448387976292,0.5482553482589161,0.22951571770769,-12.22926176838867
1,0,1,0
1.028145822447522e-15,3.854290960469349,0.02480944754349218,-26.16160542475736
1.599626546749241,0.5689045988476806,0.2253472641270385,-27.62604731484651
1,0,1,0
0.5169146199724269,0.5487264308735398,0.2294192706087071,-12.35061093872936
2.287852447174094e-16,4.412598639119704,0.01783722854884306,-11.83374437365835
1,0,1,0
2.804502661847769e-15,3.340096379006887,0.03380532434969052,-16.93729507210383
0.8259593343453691,0.07791790931294429,0.3900695391108361,-20.62380767105171
6.728744545674702e-16,3.177780856587983,0.03732302201611276,-11.39431469419046
1,0,1,0
1.198986997918248,0.06193072706578562,0.4017349836202212,-23.76732329931813
1,0,1,0
1.057449973085631,0.003059590343745811,0.4779443281695273,-21.22735688500586
0.4429655394073882,0.883207091735855,0.1736623924908812,-37.44159352379175
1,0,1,0
9.682324783204268e-17,2.005060411453528,0.07838752422847173,-12.08534076772245
9.682324783204268e-17,3.650236808672517,0.02803061996434497,-18.08235681214959
0.5992712582530062,0.312785814128766,0.2879878543143961,-19.19519480739882
1.200148622687308,0.06257215081640055,0.4012378945844244,-28.56339034484322
4.577220705125097,14.75158967890187,6.132203966624505e-05,-79.22046287765414
4.397752039452619,11.29877434950515,0.0003877913653407283,-59.30275163797282
1,0,1,0
9.682324783204268e-17,2.532068829610179,0.0557769355484054,-11.59051806284521
1,0,1,0
0.5988664959931305,0.3136844463302637,0.287714006795973,-25.61894477145384
2.287852447174094e-16,3.542684718143185,0.02990429081123047,-13.06225976341161
0.827781328775569,0.07607109454400529,0.3913470441841261,-35.49649482993648
0.5987801904858049,0.3138878905711984,0.2876520811167445,-10.54823381566523
1,0,1,0
1,0,1,0
5.840566125974614e-16,3.577219246949049,0.02928856481852055,-17.64928707214185
1,0,1,0
1,0,1,0
0.5987614810409925,0.3139280451066035,0.2876398617343189,-12.3752444015825
1.299907512794738,0.1891631582014526,0.3318070140734088,-32.62800800159804
1,0,1,0
0.5612260748606593,0.4077353706207276,0.261560592760087,-18.56782577676285
6.728744545674702e-16,3.650236808630027,0.02803061996506007,-19.7640916761061
5.840566125974614e-16,3.541706994155849,0.02992192201666477,-14.55697195441693
5.840566125974614e-16,3.650236799660327,0.02803062011601892,-28.950890183689
1.028145822447522e-15,2.005285802775376,0.0783758742930547,-13.11024310841004
1,0,1,0
9.682324783204268e-17,4.622546233511599,0.0157771821545496,-18.94871370695789
0.5591249862557003,0.4137227281898852,0.2600430088567021,-12.42196148141556
1,0,1,0
1.028145822447522e-15,3.79067145726119,0.0257694847528453,-12.20378407499723
0.5317432575351125,0.4976634078659821,0.2402643018188955,-13.8235592396258
0.6777890856142793,0.1727582382469173,0.3388360091595041,-13.41512008830087
0.5489149822519936,0.4433765329407748,0.2527486164700952,-22.36711345901477
0.8266500596564785,0.07721541276760036,0.390553538151711,-20.28740388505218
1.034882780821332,0.002321424670810757,0.4807859304124238,-19.80363989614116
9.682324783204268e-17,3.898195095065461,0.02416900603179045,-18.65076554722862
2.804502661847769e-15,2.129336884087021,0.07225162885859299,-11.67985910401303
2.804502661847769e-15,2.129252876395647,0.07225558900011886,-17.55532843891776
1.242479739245806,0.1314897488624922,0.3584461947808952,-46.54762104345452
0.5648896960544308,0.3979515554175208,0.2640745297788993,-16.3144995184963
1.028145822447522e-15,2.532068829583768,0.05577693554933882,-10.75927651731692
1,0,1,0
1,0,1,0
1,0,1,0
1,0,1,0
2.603189533588772,3.401950958342397,0.03255967821474665,-40.79487788942548
1,0,1,0
0.5485614470339722,0.4444361895182922,0.2524945153451207,-21.09319005693587
5.840566125974614e-16,3.177809218059902,0.03732237413328277,-11.94817470565976
6.728744545674702e-16,3.650236799717511,0.02803062011505653,-23.85851191648479
5.840566125974614e-16,4.620696526355104,0.01579420427103456,-29.07749278745308
11.94373344611085,52.9399508061062,1.719735465144367e-13,-121.8870684829744
1,0,1,0
2.29168298756186,2.651098566713983,0.05173918140486966,-35.31283288740087
3.17603086687411e-16,2.532068829591307,0.05577693554907254,-10.8968911029276
9.682324783204268e-17,4.84539328253156,0.01386003533207864,-12.20179732163013
1.028145822447522e-15,3.340068619892016,0.03380589466809658,-22.68512492102145
5.840566125974614e-16,3.340152869785527,0.0338041637633662,-10.20461393951291
0.6296052545908694,0.2510326560180118,0.3081744447383402,-15.04569775423534
5.840566125974614e-16,3.340209053678386,0.03380300952416759,-11.30364020949757
4.936130869128893e-15,3.762151656698009,0.02621253802406576,-37.3135674227477
9.682324783204268e-17,3.564175660630688,0.02951952379235123,-10.21453527894361
5.840566125974614e-16,4.529575493667323,0.01665694023446268,-12.69632646022099
1.556383325508222,0.5084451384416013,0.237906359767585,-35.16665909862441
1,0,1,0
1.028145822447522e-15,4.413562017489916,0.01782715881864644,-23.34061782763254
0.5319156346966236,0.49709331749321,0.2403900425609645,-22.94532165162471
9.682324783204268e-17,3.340152416868666,0.03380417306823968,-10.08199232753942
0.5473114190839553,0.4481974593297622,0.2515960987262882,-12.784417841402
1,0,1,0
4.655225458619856,13.50547825881225,0.0001189340073109446,-75.9915355133375
2.825768264752304,2.350920220424229,0.06260453797347271,-33.61348552600878
5.840566125974614e-16,3.564175785852591,0.02951952156581439,-10.21793327159745
9.682324783204268e-17,4.622412270077881,0.01577841432344079,-12.36667861478025
1,0,1,0
1,0,1,0
9.682324783204268e-17,3.674089995752549,0.02763220696308843,-10.04621582612924
1,0,1,0
0.7895199305642882,0.0604293820904509,0.402909283649626,-13.42489449856721
1,0,1,0
0.5486170882937046,0.4442693045441004,0.2525345046081889,-12.86369518188557
1.996751113846886,0.7683331166204539,0.190366605267983,-30.36329949623338
0.5478684157551597,0.446517509908162,0.2519966948480757,-12.68362513149072
1.123172810778745,0.02601817345372126,0.4359279715036566,-39.8089231802142
9.682324783204268e-17,3.762151657285695,0.02621253801485351,-14.14371030299666
1,0,1,0
0.5129502021991933,0.5630892363607956,0.2265091066970403,-19.88800043152936
1,0,1,0
1,0,1,0
1.099777979681614,0.0175916039605255,0.4472416803160966,-26.98921827657385
1,0,1,0
3.17603086687411e-16,3.56420371030319,0.02951902505315146,-10.90847879793002
1,0,1,0
1,0,1,0
1,0,1,0
1,0,1,0
1.038263951005382e-15,2.004722393081835,0.07840499927391348,-32.79699787321437
0.5507674143926017,0.4378676966872987,0.2540767134637675,-16.0288551282701
0.5484412020478617,0.4447969325402177,0.2524081105302158,-13.16621953020005
9.682324783204268e-17,3.762151655617075,0.02621253804100993,-18.2498576392754
2.287852447174094e-16,4.412288551479421,0.01784047101155911,-11.59262890098545
1,0,1,0
2.287852447174094e-16,3.869703831180193,0.02458259827375797,-11.75009247142368
5.840566125974614e-16,3.177780877012314,0.03732302154953976,-11.39457741454964
0.5171775155893995,0.5477760549378807,0.2296139116878422,-15.06886801988669
1,0,1,0
1.124230139388832,0.02625300929220487,0.4356419793464411,-23.3324132353234
0.4543055949141048,0.8234025242998868,0.18209361114881,-19.96043933044013
1.028145822447522e-15,3.674196552643508,0.0276304407077318,-11.29726409476677
3.125189708336053,5.5015633526926,0.009499740233207321,-49.53712367708065
0.45324907274776,0.8290253009804971,0.181277262460104,-26.77571721088822
1.358772738097133,0.1699253457465844,0.3400890819080791,-20.2792245386027
5.840566125974614e-16,4.622546228101953,0.01577718220430441,-11.3223972765579
5.840566125974614e-16,3.577232309594283,0.02928833448702983,-10.33128603745097
1,0,1,0
0.5584466740831487,0.4156248296360161,0.259564141125837,-34.91979672027421
1,0,1,0
1,0,1,0
1.099334283991615,0.01735794418227954,0.4475911955436045,-23.65712932316537
2.134693771282135,1.811961210280359,0.08913657165794092,-45.32528586490979
0.5478494156479252,0.4465744907572002,0.2519830895001384,-41.11755477183819
2.12018778326367,1.78176286450082,0.09096650290975977,-61.82923455297919
1.542362384337098,0.4890791105593237,0.2421691899820457,-28.61541901772877
2.804502661847769e-15,3.854294364623726,0.0248093971971462,-18.05386811641315
1.089340317029369,0.01420983617464344,0.4525564658442925,-34.6992671332969
1,0,1,0
0.5486170684283571,0.4442692590638195,0.2525345155077301,-13.39067483983007
1,0,1,0
2.804502661847769e-15,2.129282339859728,0.07225420005794037,-17.69684159147006
9.682324783204268e-17,3.645676669384279,0.02810747808566011,-18.87656190377573
3.749882232678089,8.22519986995475,0.002065632760686387,-52.65872163309101
2.399183891889127,2.329027144294656,0.06349060739980117,-41.67625875336128
5.840566125974614e-16,4.622412684708419,0.01577841050959705,-13.68219845652581
9.682324783204268e-17,3.869703843245361,0.02458259809704066,-12.33261237864852
1,0,1,0
0.5443451082564452,0.4570735827805308,0.2494974116722588,-23.33987401538076
1.028145822447522e-15,3.645676682460831,0.02810747786494316,-18.72609945827127
3.17603086687411e-16,4.845393278013958,0.01386003536838304,-12.2016809598304
0.565676115657666,0.3958132495396143,0.264629714593248,-29.84016239199946
1,0,1,0
1,0,1,0
0.8904585441785897,0.01397795359735809,0.4529433455359014,-15.6199677388445
3.17603086687411e-16,3.674196693626644,0.02763043837091655,-11.29879358109885
1.124026500415371,0.02975145764897036,0.4315276907292762,-36.42213058366132
1,0,1,0
0.5337357965184581,0.4911053280790938,0.2417173284343136,-29.57938230225729
0.5591324416066266,0.4136968462029529,0.260049535559656,-19.87555446117419
9.682324783204268e-17,3.64567666938726,0.02810747808560971,-10.92250448530799
1,0,1,0
1.028145822447522e-15,4.413798307818631,0.01782468989807778,-19.81213635712793
1.801755775000784,0.8605418056414109,0.1767935578009094,-28.93863093369124
9.682324783204268e-17,3.854330352726471,0.0248088649513088,-12.22093061583
6.728744545674702e-16,3.762151589606354,0.02621253907576021,-31.5599483802158
1,0,1,0
0.7900204406356638,0.06009235757471387,0.4031750125717035,-13.0531051221306
1,0,1,0
0.5992600108027919,0.3128158392237701,0.287978696187055,-12.37462247578136
1,0,1,0
1,0,1,0
0.5987614466258772,0.3139281323358922,0.287639835190788,-12.3749122478419
1,0,1,0
1,0,1,0
4.936130869128893e-15,2.00526144750679,0.07837713306349975,-19.46695180453713
2.287852447174094e-16,3.869703843063334,0.02458259809970681,-12.34908204034473
1,0,1,0
1,0,1,0
6.728744545674702e-16,2.029657939532843,0.07712766097031787,-13.41499204359818
0.4328188318182309,0.9449720234444783,0.1655012181330606,-19.84355727639152
1,0,1,0
1.647058937815535,0.6356214008451957,0.2126504066509534,-52.19560233624421
9.682324783204268e-17,3.762151656132652,0.026212538032928,-13.05091968216109
1,0,1,0
1.119438950662146,0.02448995371350549,0.4378223508642242,-26.43412960097732
1,0,1,0
9.682324783204268e-17,2.949463720192313,0.04295303035485354,-28.92377424024636
2.287852447174094e-16,4.412499868394306,0.01783826128797766,-10.49342381526776
5.840566125974614e-16,4.622546230068544,0.01577718218621682,-18.25386492786186
1,0,1,0
0.6294074049028942,0.2514009344123664,0.3080451797306544,-13.77869315114019
1,0,1,0
6.728744545674702e-16,3.869703843062872,0.02458259809971353,-19.43160479306353
1,0,1,0
1,0,1,0
5.840566125974614e-16,4.622546237255424,0.01577718212011603,-12.42151273051661
1,0,1,0
1,0,1,0
1,0,1,0
5.840566125974614e-16,4.617735082181305,0.01582149716508147,-11.66111560333964
9.682324783204268e-17,4.622278519327285,0.01577964463626791,-11.67248997094625
1,0,1,0
1,0,1,0
1.028145822447522e-15,4.621610604037741,0.0157857899857094,-25.5404939744861
0.3383440122276039,1.742028533102474,0.09344100169704839,-15.13812109647043
0.547788128984997,0.4467595053833016,0.2519389221141669,-11.99020139591641
1,0,1,0
3.17603086687411e-16,4.413931714700617,0.0178232961310974,-10.741103014531
1,0,1,0
6.728744545674702e-16,2.532068829610157,0.05577693554840624,-11.58941338773642
1,0,1,0
1,0,1,0
2.804502661847769e-15,3.790487019318824,0.02577232439572708,-17.34225283558737
1,0,1,0
1,0,1,0
1,0,1,0
0.5610957878753268,0.4081036392609647,0.2614667979103253,-19.66862190364946
2.804502661847769e-15,2.129338392717571,0.07225155774364295,-18.79475928519685
1.028145822447522e-15,4.62241170287087,0.01577841954071091,-20.33667443051516
1,0,1,0
9.682324783204268e-17,4.412863274894452,0.01783446184580245,-10.73856808191264
1,0,1,0
1,0,1,0
5.840566125974614e-16,3.869703843245368,0.02458259809704055,-19.5521446217655
1,0,1,0
1.028145822447522e-15,2.005285983397044,0.07837586495794385,-12.25060223933112
6.728744545674702e-16,3.340124540509471,0.03380474577463216,-9.914713324484893
1,0,1,0
1,0,1,0
1.028145822447522e-15,2.129366576346019,0.07225022921727492,-12.21034010379992
1,0,1,0
0.5171403925387997,0.5479100165875792,0.2295864599475162,-16.71658978889056
0.5594516824305812,0.4127949397995323,0.2602771512247913,-22.09541757394948
2.449231293967717e-15,3.89815624676217,0.02416956494365735,-17.95728490819815
3.964272884477961,8.785724864497269,0.0015179845170884,-62.00399025153415
1,0,1,0
2.287852447174094e-16,3.645676682460827,0.02810747786494322,-12.19960962794379
9.682324783204268e-17,3.674167948596001,0.0276309148281676,-18.51809033370994
1.028145822447522e-15,3.340124213944762,0.03380475248380843,-17.33979173703003
2.287852447174094e-16,3.650236795616109,0.02803062018408259,-11.56822590636108
1,0,1,0
1,0,1,0
1.096858330823312,0.01655356784559814,0.4488130789846165,-26.12978251527204
0.5591249912294164,0.4137227133429136,0.2600430126006044,-12.42265449201864
0.5613083983933291,0.407520650749067,0.26161530758407,-10.38884564780487
5.840566125974614e-16,3.340124630421901,0.03380474392740773,-9.91551243673773
0.3382300370915853,1.743345917809542,0.09335771737292597,-13.4755188814842
3.17603086687411e-16,3.674157729531341,0.02763108421423838,-10.60398082451927
0.5486170892847639,0.4442692710441776,0.2525345126365867,-20.12441680865394
2.804502661847769e-15,2.129338538014203,0.07225155089454638,-18.79847664320954
1,0,1,0
0.548599294969967,0.444323120526203,0.252521607945579,-12.16986132124367
0.5163846530648585,0.5499661832255853,0.2291657560103006,-28.45206515080365
1.114017883916418,0.02244962820591212,0.4404485810207416,-26.19732509216017
0.4354202581689869,0.929393984571071,0.1675102236919418,-21.36838809860036
1,0,1,0
1,0,1,0
2.287852447174094e-16,3.177819752056809,0.03732213350019775,-12.08806233274813
9.682324783204268e-17,3.674206750908297,0.02763027167060256,-11.43424632993038
6.728744545674702e-16,3.790525963888918,0.02577172476989331,-18.036623870191
1.028145822447522e-15,2.005261383550561,0.07837713636902444,-20.56898410535777
0.5610632057167443,0.4081951542638578,0.2614434990716685,-20.40380341761913
0.5990474992924781,0.3132847436503496,0.2878357477612093,-21.5373866274588
1,0,1,0
1,0,1,0
1,0,1,0
5.840566125974614e-16,3.67419655499943,0.02763044066868209,-11.29732480025519
5.840566125974614e-16,1.891189412737347,0.08453391437591534,-11.79289635590163
1.028145822447522e-15,3.674157740252898,0.02763108403652265,-10.60411892670631
1,0,1,0
2.804502661847769e-15,3.339814964786171,0.03381110655622521,-49.99095173358447
0.5479734412832474,0.4462013269365386,0.2520722128496115,-13.21091346301925
1,0,1,0
1,0,1,0
1,0,1,0
4.936130869128893e-15,3.177780937596815,0.03732302016554873,-19.17163146134935
1.028145822447522e-15,2.005261496253745,0.0783771305440536,-25.36318402472001
2.804502661847769e-15,3.89803941559169,0.02417124587990238,-16.44994967442632
1.028145822447522e-15,3.57725871850112,0.02928786882896695,-18.56628960731598
1,0,1,0
1,0,1,0
1,0,1,0
1,0,1,0
0.5174293538672485,0.5468691718172209,0.229799889079313,-20.20959207410557
1,0,1,0
1.992002890433562,0.7636317204158303,0.1910971846730249,-33.16802916688511
2.804502661847769e-15,2.029272384377933,0.07714723061881984,-20.00434403690411
1.097024095408678,0.01656569480785919,0.4487944361952217,-18.40672559518644
1,0,1,0
1,0,1,0
1,0,1,0
1,0,1,0
5.840566125974614e-16,3.564147581391079,0.02952002306624257,-9.80906360380804
0.4533329143824943,0.828566717243163,0.181343652684206,-12.70264831939921
1,0,1,0
2.804502661847769e-15,2.028280915823998,0.07719758052383724,-26.23666940722245
9.682324783204268e-17,3.898194990397315,0.02416900753763629,-10.87290127680574
1,0,1,0
9.682324783204268e-17,3.790681673910203,0.02576932746497895,-12.34103506100148
1,0,1,0
1.028145822447522e-15,2.513851759485039,0.05642490260194893,-11.08042968002575
1,0,1,0
1.028145822447522e-15,3.650236799733754,0.02803062011478319,-22.7830971759141
9.682324783204268e-17,3.340180974814796,0.03380358636972708,-10.61045308650399
1.089332176765208,0.01420656898872608,0.452561894584725,-33.78495678564096
1.028145822447522e-15,1.891190824707586,0.08453383482021543,-11.78917727693072
5.840566125974614e-16,2.532068829583771,0.05577693554933882,-10.75931305232752
1,0,1,0
1,0,1,0
5.840566125974614e-16,3.650236795616109,0.02803062018408259,-11.5680969941483
0.4533338652901749,0.8285285599315628,0.1813491783200868,-17.88316586423259
0.827445648883552,0.07640843417822651,0.3911124583989125,-26.6395755118281
1.028145822447522e-15,2.129366590103945,0.07225022856875735,-12.21083063742279
4.936130869128893e-15,1.932775473592272,0.08222755690620642,-63.06563054324761
1,0,1,0
0.5445953395445523,0.4563595154344497,0.2496651457002715,-15.20726152556557
1,0,1,0
1,0,1,0
1.198470652018673,0.06164697860221935,0.4019557543748126,-22.0827797739263
1,0,1,0
2.837088847813185,3.943811372368771,0.02352203873547237,-34.99651440808199
1,0,1,0
9.682324783204268e-17,3.674206741639132,0.02763027182423927,-11.43400759438647
5.840566125974614e-16,4.622145337248959,0.01578086981757987,-20.03143979929628
9.682324783204268e-17,3.854333804093493,0.02480881390797007,-12.35792429262239
1,0,1,0
3.17603086687411e-16,3.564147619040828,0.02952002239679052,-9.809511141832163
0.6304043550847618,0.2495432353718634,0.3086984416253651,-13.47359219265872
1,0,1,0
1,0,1,0
1,0,1,0
9.682324783204268e-17,3.85428116099051,0.0248095924752279,-17.64678417119075
1.027125867148288,0.001417607290200351,0.4849829220660929,-18.91544060140603
0.544271863003677,0.457344761615424,0.2494337619240865,-20.39014555140765
0.5479998855374494,0.4461221491996454,0.2520911299340741,-19.72117095726245
1,0,1,0
1,0,1,0
1.121930417402762,0.02543899019531182,0.4366390347850238,-22.073919794673
1,0,1,0
1,0,1,0
1,0,1,0
1,0,1,0
1,0,1,0
1,0,1,0
1,0,1,0
1,0,1,0
9.682324783204268e-17,2.532068829610171,0.05577693554840579,-11.5900274183117
9.682324783204268e-17,3.762151589189227,0.02621253908229887,-11.82893109440601
9.682324783204268e-17,3.340180555938367,0.03380359497510549,-10.77729068632123
1,0,1,0
2.449231293967717e-15,2.514115851890736,0.05641545002767651,-11.77162140055448
1.123120602695489,0.02599497571279841,0.4359562943530022,-18.94619920832224
1,0,1,0
0.5171775665140854,0.5477759506631656,0.2296139330580886,-15.0687058000056
1,0,1,0
1.028145822447522e-15,1.891249482952983,0.08453052987049953,-11.09961550231527
1,0,1,0
1,0,1,0
1,0,1,0
1.124081470842563,0.02618353787710248,0.435726447118872,-16.47736635659102
1,0,1,0
1.028708081462246,0.001584540174917493,0.4841237835048238,-20.6925719162375
9.682324783204268e-17,4.620940544739014,0.01579195757062574,-17.85193053718367
0.5478683219975896,0.4465170231865443,0.2519968110682667,-18.8452184038513
0.5993737611083235,0.3125399412879801,0.2880628711253641,-39.74476850420693
1.038263951005382e-15,2.013116121119012,0.07797236260922119,-42.64339274164657
1,0,1,0
1,0,1,0
1,0,1,0
0.4328039592708978,0.9450710804900133,0.1654885464074041,-13.25672826443254
1.11912239604018,0.02436965637643596,0.4379740110393203,-20.21808830244519
2.804502661847769e-15,2.532068829588582,0.05577693554916885,-17.98027479109463
0.9388689723756364,0.004058530592775611,0.4746019256030882,-15.06403299302424
5.840566125974614e-16,3.577271839127452,0.02928763748095159,-11.24948706879959
9.682324783204268e-17,2.029657937623895,0.07712766106719643,-13.41495766851882
0.5169145709581762,0.5487267598495542,0.229419203278208,-13.02448424877697
6.728744545674702e-16,3.577222682254813,0.02928850424414836,-16.96305161538436
1,0,1,0
1,0,1,0
1,0,1,0
9.555848176237971e-17,3.650236808672513,0.02803061996434503,-11.59490775486665
9.555848176237971e-17,3.869703843243926,0.0245825980970617,-13.96381506171926
5.840566125974614e-16,4.845266423018106,0.01386105484193506,-10.67726611113598
1,0,1,0
1,0,1,0
0.5474967976889471,0.4476346267670266,0.2517301889987259,-19.94201027794046
0.9971224579454699,8.39765955618077e-06,0.4988439181312208,-16.81752719821662
0.5477002102128714,0.4470238945776828,0.2518758290915019,-12.68362508837576
1,0,1,0
1,0,1,0
1,0,1,0
5.840566125974614e-16,4.622278485807715,0.01577964494461181,-11.67236450180137
1,0,1,0
1,0,1,0
9.555848176237971e-17,4.845383069433321,0.01386011740702697,-12.06442199319498
1,0,1,0
1,0,1,0
1,0,1,0
2.804502661847769e-15,3.854294348481808,0.02480939743587973,-18.34125831134802
2.287852447174094e-16,2.950412589984374,0.04292781823794961,-11.66242063078501
4.787342124234885,12.43581337271004,0.0002105894262980357,-67.30166806323936
3.922184001838628,10.53360059702143,0.0005861180471739558,-70.55576607101027
9999.999999998339,19.76919840158217,4.368976902202615e-06,-8.548559952033212
1.081631516163837,8.348877145181177e-14,0.4999998847279276,-4.53528487534412
1.341834731702136,0.1362680085660202,0.3560098357106171,-39.68272230006257
1.028145822447522e-15,1.988976980010655,0.07922394313202108,-30.9888184085923
6.260233436191348,11.62612767767081,0.0003251590061658649,-57.99858713101528
1,0,1,0
0.4535361779530777,0.8271883402038753,0.1815434059087548,-22.37330867574255
1,0,1,0
9.682324783204268e-17,3.854277750988722,0.02480964290847454,-17.74469662812742
9.682324783204268e-17,3.577284981802897,0.0292874057461045,-11.94347967332724