dN/dS,LRT,p-value,Log(L)
1,0,1,0
1.002529371600265,3.765885534789959e-05,0.4975518338001267,-87.42169636939501
1.154322899974203,0.1568294168485238,0.3460462656709251,-78.30443680862972
0.3627633666589531,4.447178649847956,0.01747947877234746,-28.69762246084396
0.2892654746189668,2.430727993170024,0.05948881646508547,-34.66786292667973
1.528388852278074,1.565924683074371,0.1053999184974021,-79.47907138964385
0.7628306410675748,0.4010896447726537,0.263263527459961,-57.49307964861717
1.431525376766209,0.5720033641710813,0.2247319646617154,-89.79755917391124
9.682324783204268e-17,6.906373201180728,0.004294451723033721,-36.75838411390413
0.6737363572670791,0.5348897779645228,0.2322791594200034,-60.63589740113682
0.1523443019870329,7.355296618060464,0.003343273879912179,-16.11127224456763
0.5451940540103843,1.363747435301917,0.1214445364039849,-31.19731655945883
1.009604956654681,0.000634143888319727,0.4899548119236601,-62.08925535286497
1.068549524626249,0.03003709282262434,0.431203046605219,-70.88397420983081
0.8656160984384028,0.1309406935713469,0.3587293413341232,-73.10324544841639
0.6167763727528761,1.102247177324287,0.1468867356542563,-36.61497897043547
0.865080253528118,0.1320946317169671,0.3581350313804018,-85.85516395096526
0.1454668475651556,7.881605355283799,0.002497006470218277,-15.88779730529358
3.17603086687411e-16,13.11832357246291,0.0001462107915085609,-13.39946855963238
9.682324783204268e-17,6.557770722815221,0.005221355416117845,-20.04823154141521
4.004733053112191e-17,13.83473549884951,9.980583912788665e-05,-6.373863536204494
0.1209027324006722,10.29985763443297,0.0006652023629234449,-13.91350346279795
9.555848176237971e-17,16.85107592993488,2.021520153949741e-05,-12.86528153490731
0.224855292910921,3.903560974853292,0.02409193784465613,-20.12673784524026
0.1507587913117087,7.474326820515344,0.003129248069362434,-29.05696416496238
0.2880576938120366,4.900623878428661,0.01342349733696063,-68.9569352663201
0.1540467181909846,7.230587830002598,0.003583586775807335,-28.75223031147758
3.17603086687411e-16,12.971851110122,0.0001581046146189036,-25.74123048560721
3.17603086687411e-16,9.06196094598964,0.001304909686369204,-14.89168109544519
0.1523998856196457,7.351242164563132,0.003350821848667251,-30.75146443935382
0.1456227747955248,7.869052107187066,0.0025144003658365,-17.89478862073264
5.840566125974614e-16,13.10340320739095,0.0001473799065291326,-18.76243419823631
0.1523539231973138,7.354595747016873,0.003344577413332162,-40.17135622686916
0.1456147292080638,7.869682217712885,0.002513524342783124,-21.50513784714109
2.731941657024047e-16,13.10340315548246,0.0001473799106129214,-12.69991373405914
1.219348893101261,0.2941012674775436,0.293802124712722,-86.54260497637027
1.028145822447522e-15,6.899482910406903,0.004311034201998298,-50.77132673595488
0.3145628202936213,4.082257427448042,0.02166786278609306,-41.76691088112501
0.5008833900501893,1.826459438644704,0.08827315602863739,-39.98639914253344
0.1542111646226309,7.218800080837333,0.003607195890837134,-19.18086426148091
2.731941657024047e-16,13.13242639015808,0.0001451143330277738,-11.96573030049728
0.1523442987737975,7.355296852849314,0.003343273443320915,-16.11081217102986
9.682324783204268e-17,13.13242499598588,0.0001451144410104521,-18.73394883062431
2.731941657024047e-16,13.11832357246493,0.0001462107915083943,-12.29685025757665
9.682324783204268e-17,13.26581018873206,0.0001351453091773536,-47.43338827372212
0.1921386513819054,5.104769561138625,0.01193007416798009,-40.13365195767494
0.914660314916349,0.04909236287014096,0.4123251116556612,-64.16329681595342
1.0797932253533,0.04011087452724382,0.4206319768922476,-103.0190470698667
1.268579993450118,0.4181917884672259,0.2589203442030149,-94.27751234313673
5.840566125974614e-16,6.905334159775201,0.004296948140266321,-28.20709012011274
0.3141012848774824,4.095062630006723,0.02150431825877747,-29.14399147698469
1.607832893613017,2.124338089857019,0.07248769928192111,-105.9778184995616
1.005132166916678,0.0001555232684040675,0.4950249609259015,-83.75645667239702
0.3017245198083732,4.458868003139344,0.0173602496547533,-60.17408814363107
0.6169249594380893,1.100995344395727,0.1470238858105596,-79.04166582082027
0.8350011856540352,0.2415013326900919,0.3115619349612833,-92.10262484757851
0.1672876605613035,6.367737447955179,0.005810683767863922,-33.64169374188191
4.936130869128893e-15,6.901536701387357,0.004306084613611816,-73.19544719160666
9.555848176237971e-17,13.83453643270531,9.981641315881529e-05,-13.38617075240737
0.6696321317906316,0.7368454708284844,0.1953366319749093,-38.66084692917604
0.289585453535051,2.425186983806526,0.05969949702759225,-37.9153913987077
0.8711256675353285,0.1393219328382145,0.3544780176915235,-65.07321240309228
0.1186783865273074,10.57693472932441,0.0005725368319166035,-30.99882311052896
1.067390299002927,0.02907206639628157,0.4323063728489583,-74.59137046179755
0.8659798634559162,0.1301606723467046,0.3591327532526712,-52.08406858669503
0.1491111964762161,7.600941699890754,0.002916891160024082,-18.01851897802914
2.804502661847769e-15,6.974887000707042,0.004133072108629898,-53.14120673207025
0.1507509047026256,7.475113279470477,0.0031278814617543,-16.13780816723333
1.028145822447522e-15,6.974563403902849,0.00413381955219938,-40.84989148680597
0.3560734440283931,4.64830637799254,0.01554210078750334,-51.78277575579777
0.8364850508942139,0.1688792820633864,0.3405548758775964,-46.93050285769129
3.17603086687411e-16,13.83985950601647,9.953404922252718e-05,-33.90132161877577
0.9264173027001414,0.03586997685056303,0.4248921275372679,-65.88500418758218
0.1557262091871928,7.110258153631477,0.003832203565304004,-35.50632839988644
9.555848176237971e-17,13.88626062063108,9.71065171069263e-05,-13.04466749556002
0.1185760216639884,10.58975155125665,0.0005685812888023833,-40.60156393459261
1,0,1,0
9.682324783204268e-17,12.82765827220707,0.0001707664664263309,-40.66939264127899
0.2893532326894665,2.42912401950403,0.05954971811780702,-46.88628630581321
3.17603086687411e-16,16.22384958340962,2.814054807970257e-05,-53.90791064407476
0.1540392874385842,7.230994825748382,0.003582774449272463,-34.09402281952183
1,0,1,0
0.1570467286702981,7.021203241909234,0.00402750420671355,-51.61714259431043
9.555848176237971e-17,13.83990671732071,9.953154848896251e-05,-13.60321732166226
0.4711604705641899,2.214509781200576,0.06835924197910398,-52.76216147057659
1.548716611862302,1.161179493543784,0.1406105290909031,-61.23235043806123
0.4743287956676823,2.171957174413009,0.07027363004889131,-46.47899905221239
0.5769363114736357,1.098071949295843,0.1473448102786766,-57.51985519547573
0.304785354411692,4.364868436296739,0.0183436580215216,-23.73255878023343
1.156321439375995,0.1605409700356972,0.3443294732925216,-93.92043561229549
0.8038824546897948,0.3586160391735689,0.2746379291648349,-70.69310442492205
0.4406096311877385,1.797281399726828,0.09002075412130239,-40.38630922396415
2.804502661847769e-15,6.131052063029122,0.006641390380259904,-4.561367504902384
0.1921079159469065,5.106118252686827,0.0119208028194866,-35.32347834422472
5.840566125974614e-16,8.901607275448583,0.001424598779245168,-17.41447315682097
0.1557493852604116,7.107556533099505,0.003837983506499276,-29.81814467349708
9.555848176237971e-17,13.13242640640048,0.0001451143317697801,-27.62978280478792
3.17603086687411e-16,12.72590601055717,0.0001803125544734274,-26.00759226298947
0.4572944552521033,2.421954220272738,0.05982279462435336,-39.86089010988467
1.730267206947163,2.267225078532903,0.06606815397436661,-87.07104435958156
1.035324883783675,0.01070149697514466,0.4588036931258405,-70.37714355231326
0.4404400469125832,1.79924184248366,0.08990208976124681,-24.89806235276573
0.7270347482505243,0.5654602922962226,0.2260342678928611,-47.36765935816946
1,0,1,0
9.555848176237971e-17,16.22033761815208,2.819276292853612e-05,-20.10278382672441
3.17603086687411e-16,13.11832358866299,0.0001462107902442389,-39.10869215232687
3.17603086687411e-16,13.83988784755278,9.953254799333067e-05,-20.13920301048436
9.555848176237971e-17,8.901607277059252,0.001424598777988562,-12.60475890383774
1,0,1,0
5.840566125974614e-16,16.22068766198753,2.818755421291064e-05,-29.31729003813235
0.7284874556029575,0.5579941760821328,0.2275347751639443,-68.17939726595176
9.682324783204268e-17,11.00888670608166,0.0004533804609390124,-19.43292430765738
0.4677010026878724,2.264245068405984,0.06619535635093038,-79.08053928894746
1.320001316648186,0.6320255240402162,0.2133066552397034,-81.08232099603197
0.4493949556989176,1.69810003366031,0.09626831944481434,-25.46132696718948
3.17603086687411e-16,12.72588278650289,0.0001803147936126348,-24.14015005839933
1.028145822447522e-15,12.72564291811575,0.0001803379220813306,-59.81265199312057
1.028145822447522e-15,6.903435081806819,0.004301514733496714,-47.98780394563254
0.1238907839894264,9.953907228320844,0.0008025418656881778,-35.71613318858237
0.1570160043255522,7.023255237772105,0.00402289144128215,-50.46766184973603
0.2801917426854328,2.589453538465357,0.05378872288410075,-29.69397929810515
0.5732797373727596,0.7508819662235453,0.1930985693456732,-53.52499163314366
0.114578092672826,11.10921894805883,0.0004294982954437532,-26.09743521341352
3.17603086687411e-16,9.078052448392885,0.001293477023332268,-15.58634987557845
0.3040845736000136,4.3858901873555,0.01811878218853791,-36.80877133586527
2.287852447174094e-16,9.079091340870932,0.001292742416318049,-20.67521951952668
0.4409319326049469,1.793560117097201,0.09024649963669834,-38.09608470734138
9.555848176237971e-17,11.00798338611852,0.0004536014687347434,-6.100474092828684
0.9443573922280943,0.01999553558769662,0.4437747766320626,-47.23959515728831
0.7170279472006652,0.7427123587795847,0.1943966979530606,-102.9153856624507
0.1816256120693685,5.594490806409603,0.009008523667851598,-17.0156584241292
5.840566125974614e-16,12.72568271496664,0.0001803340846024404,-33.53644033982543
1.328148139536663,0.8049236839693208,0.1848126670345912,-101.8113648775027
3.17603086687411e-16,11.00877621107078,0.0004534074889913087,-24.6517624916394
0.1490694638480845,7.604139226417047,0.002911722901482949,-44.78603016172105
0.3344442956002198,3.571884570820743,0.02938279140766997,-45.70021476679188
0.7626770332412689,0.4017142247407719,0.2631026426242561,-42.56120954191196
0.5741624887250947,1.86524224663151,0.08601049358068452,-53.84401022011644
2.731941657024047e-16,9.074241600870719,0.001296175326100713,-6.373503497598302
2.804502661847769e-15,6.130255152604729,0.006644384586262264,-4.561367504902384
0.14922765765365,7.592039730850082,0.0029313290296481,-25.29557413757919
1.238365681093301,0.3399348987166775,0.2799334010274468,-87.79813009214043
0.3019624012477888,4.451702191684859,0.01743323828308796,-30.26718651911835
2.287852447174094e-16,13.72412191979585,0.0001058588609683664,-39.92450896058322
1.054445789233351,0.01378278483574036,0.453271500132298,-116.6357147433971
0.9291818849124155,0.03309376333061209,0.4278239655592961,-75.12029334133034
0.3342013964402538,3.577640519505877,0.02928113755819722,-32.96030991135672
9.682324783204268e-17,16.85716044360505,2.01504980281153e-05,-36.10069105509632
1.219199705699722,0.2937522788795661,0.2939129774369296,-76.92975982198206
9.682324783204268e-17,13.11832358865625,0.000146210790244794,-47.70095948567364
0.4323831766165426,2.841409949432801,0.04593178709100826,-57.63379068768818
9.555848176237971e-17,13.88626057231053,9.710651960354033e-05,-12.82460629423131
3.17603086687411e-16,13.83973638300861,9.954057121769333e-05,-52.00386279904801
1.196479313467416,0.2423702397563829,0.3112497098268281,-70.9441238996216
0.7546196852929022,0.4356259430647924,0.2546206086212288,-48.56602574964467
1.009939970996678,0.0006811726322268896,0.4895890740252573,-66.56332204612254
0.1231677373859967,10.03714217014205,0.0007670751563857436,-54.99437310085365
1.010416938892666,0.0007476416159448718,0.4890930659752959,-62.96064463543871
0.8354034818325451,0.1714094847304466,0.3394310900312354,-70.960109815161
0.8037105525969539,0.3593421943822648,0.2744358955282777,-70.30816455704014
5.840566125974614e-16,11.00891433651161,0.0004533737025472218,-19.43136956057446
0.2246149986087487,3.910937573922737,0.02398641348853714,-23.89486212883238
0.3346994857115909,3.565833489139592,0.02949006202857557,-34.17886513750864
0.1539758560309005,7.235726852189043,0.003573343553317621,-13.50683738605511
0.3046107652531618,2.185725145905863,0.06964772265350111,-61.66660534350058
0.1211798177703336,10.26140086740143,0.0006792124520328402,-40.17853087942687
1,0,1,0
0.2893184632362122,2.429702786223316,0.05952773483765428,-62.80897646440043
0.456957851987669,2.42719763884314,0.059622952508044,-48.34753447944342
0.5018951427842234,1.814399561323015,0.08899068057203641,-41.7555854847031
1.006845558996539,0.0002765138421523261,0.4933664120762239,-92.32751537689821
2.62022625965332,14.4440090596604,7.219420454762648e-05,-195.5769793963061
3.263115113635864,20.45758542779544,3.048372133163113e-06,-175.9903992150732
0.2202072450277427,4.051005025573282,0.02207252785491448,-29.60126583835859
5.840566125974614e-16,8.901607276795886,0.001424598778194064,-44.07377543494579
1,0,1,0
0.3343995194506842,3.57290638364131,0.02936471817502073,-61.85251910313728
0.1579512277287937,6.965542330911518,0.004154712175692687,-26.97450706814931
1.154210840287506,0.1958011346465867,0.3290658060337637,-90.30405362632224
1.679494386483461,2.27040711543475,0.0659326292315669,-104.5081749092186
0.1921133012170383,5.105883922411692,0.01192241314610942,-35.84342666260277
3.17603086687411e-16,8.901607277074564,0.001424598777976627,-13.29894490915813
0.1557083233725458,7.114721485360619,0.003822674046142671,-62.28101930258706
9.555848176237971e-17,12.97196157235391,0.0001580952868385221,-11.9750563118433
0.1454463518434295,7.883071045718346,0.002494983605631829,-26.17923189752945
0.3342552407027919,3.576398300442996,0.02930304429689906,-28.89817356442405
1.189361225219321,0.2834944340257834,0.2972099673172289,-102.7212409356453
3.17603086687411e-16,11.95804088859874,0.0002720602595022159,-12.22754535986939
0.7866349610577354,0.3117190188953458,0.2883136187565523,-51.84095802689401
0.7621993720665297,0.4036624605377028,0.2626019227635081,-88.61318187412142
2.449231293967717e-15,12.63784198664356,0.000189008047293604,-74.46349849009123
5.840566125974614e-16,13.1324264062979,0.0001451143317777182,-49.85716272252714
9.682324783204268e-17,6.906468434306476,0.004294222988696417,-36.39791178539493
2.804502661847769e-15,6.126455845862564,0.006658678694189013,-4.561367504902384
3.17603086687411e-16,16.83810361692601,2.035384900511694e-05,-34.57006420666868
0.4681790053028068,2.258183343358283,0.06645494723394368,-44.11978065345728
3.17603086687411e-16,13.25265025159776,0.0001360973824744982,-23.96021182772201
9.682324783204268e-17,13.26635832252292,0.000135105799664248,-33.83490074355641
0.1490592581635119,7.604917081354337,0.002910467044331622,-26.08111360292702
1.346804886313741,0.5621520377866887,0.2266972255824541,-85.60195923446757
0.457638038572658,2.416614341176498,0.06002707537141544,-48.27805417241478
1.274069009681395,0.5949356639654866,0.2202584248802353,-93.80362128894349
1.594660758668142,2.057645591024198,0.07572200418034886,-112.690408718137
0.1455451586794626,7.87519975204593,0.002505866759171194,-43.12435956514071
2.287852447174094e-16,7.129793594559843,0.003790672713205601,-19.59606801921184
9.682324783204268e-17,7.131363668146513,0.003787354897720918,-24.28294062044897
0.8042626249748401,0.3569880870242912,0.2750918759183529,-110.3529108397533
0.3165297433226967,4.031930146084363,0.02232341681435335,-51.42987492885516
2.731941657024047e-16,8.89461964075463,0.00143006089355685,-12.81678784795576
5.840566125974614e-16,7.132155648968194,0.003785682442662308,-20.87640720689095
0.1541467480182477,7.223526881500035,0.00359770978036994,-15.58937230442391
1,0,1,0
9.555848176237971e-17,13.72432692041882,0.0001058473074601607,-5.559473698901043
1.747068832079081,3.119927380527514,0.03867011512369073,-101.7572745098633
0.2246108509050508,3.911065668018693,0.0239845853800123,-20.82361335539637
0.7618944467684411,0.4049119066827416,0.262281692074511,-51.61614139257141
0.3632151273937154,2.958332825159196,0.04271799567030382,-29.33935640274722
2.287852447174094e-16,13.13242640633969,0.0001451143317744985,-32.05233247472185
0.5947466995882345,1.615015410156104,0.1018941103356384,-100.8407742408719
3.809465901838717,27.49753406015225,7.864746592867178e-08,-202.5124010784671
2.509897052099161e-16,9.078114294585074,0.001293433279664469,-12.85399752558784
1.74796580147227,3.64585878685233,0.02810440433402561,-98.59745921947007
0.4493075804139293,1.699051702978153,0.09620602022430286,-38.44694167531758
0.1145721161824869,11.1102386737583,0.000429262212423509,-22.20646770794495
0.1670734576343863,6.380699288954929,0.005768398370718575,-35.87502638908804
0.3346992719349572,3.565872359507935,0.0294893716268172,-43.54549967836929
0.5451352707254845,1.364251720073838,0.1214009892210531,-43.40787644187825
0.3347150694331397,3.56540637109822,0.02949764948017169,-66.11703963351636
5.840566125974614e-16,13.41283313408441,0.0001249543394003516,-61.24062938199584
9.555848176237971e-17,12.72594572592507,0.0001803087253948732,-11.65800081051968
0.1208145226933865,10.3099264716822,0.0006615827731644708,-22.77336555109683
1.301045370862497,0.5707126301765584,0.2249879375410961,-136.1847959654241
0.2426344713018671,6.807963088653949,0.004537611446128909,-31.5019614964982
9.682324783204268e-17,16.13022857487789,2.956631808054277e-05,-37.98065584414334
0.2982743849049674,4.567554339625801,0.01629152499619185,-52.05856852576039
3.17603086687411e-16,11.95802107635538,0.0002720631523824291,-11.53678170712221
0.1521354328587259,7.370569595989551,0.00331499650059075,-37.70798291247876
0.3580058151999423,4.589767465694308,0.01608168877554861,-43.93863144130356
3.970006472455574,33.90935622215875,2.887018069053227e-09,-186.7721033735341
1.123430773265783,0.0520256409847093,0.4097876318563439,-57.35057462635641
4.730343101349462e-16,12.72039547689105,0.0001808446375856643,-26.00582352906044
9.555848176237971e-17,16.85668963246336,2.015549725520316e-05,-26.8046985710623
9.555848176237971e-17,16.12869101826586,2.959033037130965e-05,-13.16708472340227
0.280224982019112,7.76706683591361,0.002660368949823244,-29.01625534166213
0.3082286307224883,4.261936215041445,0.01948773672027776,-36.40492854375665
1.028145822447522e-15,8.901607277006818,0.001424598778029473,-33.81004781818122
1.796186949457521,2.27144696680223,0.0658884086736925,-63.43547219806283
1,0,1,0
0.4574609395494049,2.419369481360981,0.05992157933148246,-31.30712953861895
0.868099843455196,0.06286488819966962,0.4010119294093485,-82.74853916481092
1.221913174475458,0.3002188339965812,0.2918726320370094,-72.0435056858943
1.102206423927057,0.06401667886808582,0.4001282432877716,-106.3129016006516
0.1490750708408648,7.603709472100547,0.002912416982604582,-65.86004831677684
9.555848176237971e-17,16.22068899078299,2.81875344420035e-05,-20.97182501336138
0.5821097415829062,1.411441853824144,0.1174085923961021,-53.60639915132926
1,0,1,0
1,0,1,0
0.7634714484756472,0.3984892497528278,0.2639352521551287,-52.58716621057457
3.17603086687411e-16,11.00894208008681,0.0004533669165825982,-12.70966414636566
3.17603086687411e-16,12.72582609399804,0.0001803202597187581,-31.38252860078601
1,0,1,0
0.1523755623727182,7.353014493872855,0.003347520255269854,-24.85871216727056
5.840566125974614e-16,16.22080641213681,2.818578740898525e-05,-25.88873825694574
3.17603086687411e-16,12.96762766837638,0.0001584616719249587,-12.66953155689952
9.682324783204268e-17,6.906282915204031,0.004294668586645123,-61.59234467088427
0.7649789846805524,0.3924187371233927,0.2655153716045214,-81.2925088025342
0.9140708990457688,0.04981524764377809,0.4116925344614196,-73.20181516443098
9.682324783204268e-17,13.41283313202277,0.0001249543395376862,-58.81753938291537
0.1239296310277749,9.949451784128662,0.0008044865237603616,-26.74128774254889
0.4494534927763463,1.697469376077493,0.09630963019912836,-35.95372912166987
9.555848176237971e-17,13.88626057231329,9.71065196033738e-05,-13.51946111359242
9.555848176237971e-17,11.00888685075334,0.0004533804255520968,-26.44541709673851
1.010485816041617,0.0007574932090221864,0.4890214594269914,-83.01385672546121
0.2802668866847909,7.764749207003298,0.002663784670745795,-28.34462624081393
0.3142097400278728,4.091977113582828,0.02154360653793641,-40.541490638047
0.7459135498138727,0.5688503416939028,0.2253580609887235,-58.47837134736199
0.3083473027551682,4.258525566714894,0.01952690217247949,-37.01303100251742
1.300521070998341,0.5690352910717138,0.2253212604416485,-81.66984258136685
0.7427071457956607,0.5866012959280908,0.2218681970710674,-64.78681374489614
0.3844298294015521,2.577766525710786,0.05418724065348635,-33.07098065463178
0.1185589910278741,10.59188369336793,0.0005679259518273083,-35.44736265223317
5.840566125974614e-16,12.82781733873435,0.000170751949456982,-17.85273597396774
0.7806096622607208,0.3328763227919751,0.2819851467462343,-51.3467712135344
0.3116289391910603,4.165554172649692,0.02062695773717987,-47.19259364618005
0.2202451213985921,4.049773241466738,0.02208863933645533,-31.43784360671013
0.1454558306214523,7.88227879598648,0.002496076817293802,-32.37257331513393
0.7629102238873899,0.4007656793458239,0.2633470464820837,-56.82738220592756
1.651270771511751,2.353447461469671,0.06250314194531431,-100.3098527412804
1.678534874765441,2.494304898332132,0.0571294064653825,-147.4976730535448
0.6050216547073106,1.200916801823979,0.1365692580938868,-89.82460778464782
1.754013348412254,3.15919850724265,0.03775012122260712,-100.576597714182
9.555848176237971e-17,13.83988960804466,9.953245474220163e-05,-19.706981321364
0.4623910508009938,2.343140148768782,0.06291783325695571,-59.9108175971035
0.1523411959904721,7.355554474873806,0.003342794428705054,-20.05334146467068
0.1523498670791737,7.354890096207519,0.003344029897055067,-16.50083448406695
3.17603086687411e-16,13.8398406757958,9.953504665738411e-05,-40.72713780419707
1.028145822447522e-15,7.137495040057658,0.003774426738656356,-56.31067845312286
9.555848176237971e-17,13.11832357246191,0.0001462107915086164,-20.57041990939773
1.045875362600793,0.01385706028545997,0.4531463382767515,-91.75558256261134
1.339390600519068,0.6191760640427049,0.2156768152991958,-102.8682835382037
9.555848176237971e-17,16.85727728883597,2.01492575201967e-05,-30.54246158405316
0.1439397455647506,8.008182976995926,0.002328321936619027,-36.45149572136813
0.120762648264798,10.31676923577871,0.0006591342905054587,-12.86734999860385
0.1540427306539565,7.230802493302349,0.003583158303912037,-33.17439248762186
0.8835701281256859,1.225686219186173e-13,0.4999998603310985,-4.360144736354231
1.236501498355832,1.616484723854228e-13,0.4999998396031378,-4.468737244622297
0.6993985703924923,9.947598300641403e-14,0.4999998741743492,-5.084111330759676
3.17603086687411e-16,13.11832362442258,0.0001462107874534713,-29.53326434774835
5.840566125974614e-16,17.44669886054118,1.477384777170965e-05,-47.19889824241766
0.1581562766853325,6.951728097279187,0.004186915266671365,-68.42034929434624
3.17603086687411e-16,13.41283274387478,0.0001249543653935037,-16.32524548595154
9.555848176237971e-17,11.00896434357063,0.0004533614711000888,-13.32821521086418
0.8146864836055981,0.1348125350554596,0.3567467546522041,-71.89122927653045
0.154050739331057,7.229798265017848,0.003585163212503129,-64.19365349860364
0.7820234825883189,0.4070467042506607,0.2617361502739746,-68.2676868433264
0.6040737863422101,1.209173486312707,0.1357479363320881,-50.78010417467313
0.45096312553141,2.524052665298143,0.056061049243742,-61.17829181366135
0.6239741464071303,1.045549880358124,0.1532671101183751,-66.09304735401126
0.1525035691139436,7.343713365627842,0.003364884021931469,-31.63088841676102
0.1557979264059713,7.109127188565715,0.003834622107710128,-16.08071543134322
9.682324783204268e-17,16.2243180452037,2.813359048509101e-05,-45.05382268028315
0.8373279845852749,0.1669159405746257,0.3414336904169681,-65.99946673922726
9.555848176237971e-17,13.83987840877496,9.953304795551343e-05,-19.73451442726265
0.1490868028102896,7.602813648406681,0.002913864338666472,-52.28434080505802
1,0,1,0
0.4492507509018535,1.699672170766156,0.09616542783488546,-30.50456182630259
5.840566125974614e-16,13.12935234314406,0.0001453526237629177,-31.86363895699368
0.6689193162249759,0.7410418864646999,0.1946636645393679,-53.79199006274423
0.1145962198020822,11.1068960616214,0.0004300365713968413,-38.44884439018891
0.9186181895515197,0.0443898565047931,0.4165649776911758,-62.28179357199868
0.3347259440482602,3.565228053144587,0.02950081778718217,-25.73591044124075
0.2868865878141276,2.471364464625537,0.0579686201348083,-26.34820544286439
0.1240585431054845,9.934851325246051,0.0008108926692042551,-21.28148814528078
0.5795107747043954,0.7191856187834844,0.1982055854861817,-56.84921747741782
2.731941657024047e-16,13.86996980191132,9.795192189154811e-05,-23.93492941996251
0.1526670733848158,7.331810155545611,0.003387239733383451,-45.65345045132081
5.840566125974614e-16,16.20189311896747,2.846859404725954e-05,-20.97240181286443
9.682324783204268e-17,6.966670334742716,0.004152093842974935,-43.71651931326661
0.1194059668253181,10.48634691309233,0.0006012995729415826,-28.93780522447969
4.004733053112191e-17,12.95222308284919,0.0001597709082837295,-5.437459703929711
2.143951191049986,6.395951343325351,0.005719045872049078,-133.109828133905
6.728744545674702e-16,13.39703779881496,0.000126010994173531,-59.884211141085
9.555848176237971e-17,10.39311353307984,0.0006324307961846909,-12.21973214954401
0.3120650626208128,4.153203902302238,0.02077791212615382,-42.47569943792073
0.2803578214967556,2.586461337434194,0.05389044714573371,-17.42817332638444
0.1923132362498246,5.09680096505717,0.01198500578073092,-51.78023946112191
0.124174577299157,9.915800220745211,0.0008193293721871497,-35.27608799847548
3.17603086687411e-16,16.83753762945597,2.035991996912623e-05,-26.67244892131633
1.028145822447522e-15,6.896132194600611,0.004319121851426522,-35.6573540520781
0.1817937072982891,5.586161638311978,0.009051461455347631,-16.39557287135533
5.840566125974614e-16,16.83589491545177,2.03775505597803e-05,-25.8125255515278
3.17603086687411e-16,13.86990298826744,9.795540437906869e-05,-28.73135280647963
4.004733053112191e-17,12.81278855459353,0.0001721290402025843,-12.5276853111848
9.555848176237971e-17,13.88080316396668,9.738890748572926e-05,-20.93982419725191
3.17603086687411e-16,16.85076995821931,2.021846079253153e-05,-28.73761352923342
5.840566125974614e-16,11.00445105509735,0.0004544667410148473,-24.82905694732919
5.114956077737342e-17,12.82281279037577,0.000171209279035911,-12.01462290938539
4.004733053112191e-17,12.72098115940132,0.0001807880104427451,-5.178952484392741
9.555848176237971e-17,16.84631895803607,2.026593324261361e-05,-14.86178487190037
5.840566125974614e-16,16.8559825581067,2.016300754492661e-05,-41.74800218843446
1,0,1,0
1,0,1,0
6.728744545674702e-16,16.84355666960926,2.029545095227903e-05,-84.28388153771168
0.09334932184173574,14.66412016701541,6.423431066571172e-05,-16.56220836065555
0.6091518622987984,1.165370076028154,0.1401773058085495,-46.79738804870795
0.1455255609812198,7.876856346148948,0.002503572276353727,-16.44278922945411
9.555848176237971e-17,16.22127265682859,2.817885154371425e-05,-12.53064651669774
1,0,1,0
9.682324783204268e-17,8.90160727651994,0.001424598778409336,-23.72925330169695
1,0,1,0
0.2246120962673175,3.911027670413858,0.02398512765153665,-43.71919455334997
5.840566125974614e-16,13.26617053902893,0.00013511933379734,-38.33769577413555
3.17603086687411e-16,13.26638761464905,0.0001351036886139689,-19.40037825919991
9.682324783204268e-17,7.137653696818006,0.003774092806110851,-19.59827489010744
3.17603086687411e-16,12.97201682884516,0.0001580906210137956,-5.439783736633464
0.3140472627207123,4.096557886991917,0.02148530607012133,-48.83753737845745
0.2800116901786352,2.592799097582144,0.05367523521736167,-57.1783197780117
1.028145822447522e-15,16.85269843104442,2.019792725738156e-05,-81.33459595355566
3.17603086687411e-16,9.078052442888858,0.00129347702722532,-15.58637255904493
2.287852447174094e-16,16.22430578883559,2.813377249460958e-05,-33.34585869958282
0.2245385128930212,3.913284558589403,0.02395294156640165,-17.28959012499979
2.731941657024047e-16,13.88626057232792,9.710651960265215e-05,-12.12929252495917
1.028145822447522e-15,13.88626062018361,9.710651713001894e-05,-86.37451642963228
5.840566125974614e-16,13.73993143054575,0.0001049715807701079,-20.28230384733354
0.2896935411874592,2.423506052890431,0.0597635725948869,-41.00718171815802
9.555848176237971e-17,11.95807802577559,0.0002720548370094278,-12.78355968756843
9.555848176237971e-17,17.44691992121469,1.477212983552745e-05,-13.93333621577186
9.682324783204268e-17,13.11832357249909,0.0001462107915057298,-24.95784238659141
9.555848176237971e-17,7.137798565918281,0.003773787919497062,-15.06257002038129
0.3083002007105684,4.259980749986468,0.01951018179875125,-23.76696223083243
0.1439540834273604,8.006997757210087,0.002329846346980913,-32.57068509888587
0.3118467941346051,4.159392509747988,0.02070212573021513,-35.01069127604656
9.682324783204268e-17,13.73979328626778,0.0001049793013261358,-32.51324427452703
4.524614045652386,40.70944938963032,8.831546605136964e-11,-179.5627638576315
9.555848176237971e-17,12.82785523933501,0.0001707484906987577,-12.01540874668762
2.287852447174094e-16,13.11832362439287,0.0001462107874558027,-42.996113782333
9.682324783204268e-17,12.9716347520221,0.0001581228861892159,-44.10636915545668
3.17603086687411e-16,11.95794117992718,0.000272074818756407,-24.77891263620031
0.3041968964389711,4.382508837122018,0.01815475781186254,-29.33775728376258
1,0,1,0
3.17603086687411e-16,10.40452962580372,0.0006285328952391755,-14.70109002793446
0.3044949443864762,4.373568105786575,0.01825024276442105,-42.63407199806878
0.3116961711804593,4.163669527250896,0.02064991861603055,-22.9915198806302
0.1570311786308799,7.022320727076476,0.004024991495653385,-19.01375599870858
0.1670506661439669,6.381856174353828,0.005764639652735271,-43.07584261455178
0.09333979151810901,14.66610448751615,6.416672407605351e-05,-14.68028017947101
5.840566125974614e-16,12.97146427159834,0.0001581372848623031,-50.34757060893843
0.3047674066429617,4.365411860995593,0.01833780820546682,-39.42730982065769
6.728744545674702e-16,7.137758304530252,0.003773872649727672,-28.08239692984013
3.17603086687411e-16,11.0089697167665,0.0004533601568663115,-13.11523852544405
0.3047839471327943,4.364921356890903,0.01834308826014908,-22.45695047889513
0.1437995104470304,8.017546167451172,0.002316314809560294,-38.25081898814283
0.6123554625664397,1.138491767673727,0.1429856251733037,-63.53265474729667
0.1188089527154727,10.56071235668733,0.0005775833483884774,-36.78884186231732
5.840566125974614e-16,11.95794136108426,0.0002720747923035116,-17.79274769646185
9.682324783204268e-17,12.72586293116092,0.0001803167079808543,-36.76127553827163
9.555848176237971e-17,11.00899731880766,0.0004533534057239996,-13.80798654400493
0.1540732880291532,7.228635401479806,0.00358748626335359,-38.22161102995483
5.840566125974614e-16,13.26622661257112,0.0001351152922618448,-39.08605287826193
1.028145822447522e-15,6.906570744311352,0.004293977270749372,-67.6064794827147
0.1570170715079021,7.023198638337988,0.004023018600970873,-41.07232877404108
0.1671051585386746,6.378782969744307,0.005774630023310801,-24.39104292294506
9.555848176237971e-17,16.12898448774457,2.9585745693117e-05,-11.77662351779998
0.120913304928875,10.2986474420475,0.0006656387555139531,-16.88287422050839
0.3141957483290566,4.092415489892595,0.0215380200382026,-30.39136939256187
5.840566125974614e-16,12.97182353681595,0.0001581069430826032,-25.04815436578829
9.682324783204268e-17,6.560635674538318,0.005212955808296782,-40.19334063404974
3.17603086687411e-16,12.97165785371183,0.0001581209351362856,-37.42621411353122
0.1671716598568311,6.37484459765944,0.005787458867347661,-15.12555489324654
4.936130869128893e-15,11.95667429796225,0.0002722598747452176,-180.4177795734295
0.3044853521803343,4.373859187374748,0.01824712581480187,-30.66437537942221
1,0,1,0
1,0,1,0
9.555848176237971e-17,16.85135208685893,2.021226033122048e-05,-7.024926652845114
0.3633188283371794,2.956269238305083,0.04277255704882993,-60.10626678578532
1.028145822447522e-15,6.910252742575736,0.004285143785743573,-57.08577995147775
5.840566125974614e-16,13.7397376865708,0.0001049824088227846,-23.99186228908089
9.682324783204268e-17,12.82782702550504,0.0001707510654485045,-32.82848224596859
1,0,1,0
3.17603086687411e-16,13.11832362442987,0.0001462107874529162,-13.32869970268103
3.17603086687411e-16,8.901607277074543,0.001424598777976682,-13.29677341438599
1,0,1,0
0.1439496122018946,8.007343820395164,0.002329401141111909,-37.78995484725338
9.555848176237971e-17,12.72590620309734,0.0001803125359098878,-18.14643380936339
0.5778307831538956,0.7275671929060081,0.1968364471898629,-82.87369459961427
2.449231293967717e-15,6.973192904084698,0.004136986664670161,-49.22631116637753
0.4568711467232855,2.428549985969354,0.05957153048995717,-42.69312308899035
2.287852447174094e-16,6.905170594062199,0.004297341261101428,-28.98653812376832
6.728744545674702e-16,6.974798005888886,0.00413327765498589,-26.74245003054656
1,0,1,0
5.840566125974614e-16,12.97190634601748,0.0001580999502557301,-18.51052404687999
3.17603086687411e-16,12.72592576742506,0.0001803106496439111,-11.25266290990957
0.1239114135035196,9.951568487163627,0.0008035620565065016,-28.82203246794094
0.1524312194115801,7.348959223029127,0.003355079539868244,-47.00709174411331
9.682324783204268e-17,6.9712769628388,0.004141418408963204,-51.47149778846262
0.1454507656154075,7.882751185064052,0.002495424917063838,-34.77028300615481
0.224472415414343,3.915318280014752,0.0239239771568352,-22.28437094253171
9.682324783204268e-17,13.2660868480138,0.0001351253661060481,-51.29998553279432
3.17603086687411e-16,13.73978803031935,0.0001049795950799348,-18.40906252367493
3.17603086687411e-16,9.078266814346968,0.001293325409209622,-12.8550208186824
0.6168912964804054,1.101309886803165,0.1469894093027209,-44.55661414543909
0.1522911962200072,7.359259331756618,0.003335913475708718,-50.01745757334354
3.17603086687411e-16,11.95534314069652,0.0002724544564611242,-19.98928175503048
0.9306775314624418,0.03164724965992605,0.4294020360513178,-70.97645981932543
1.028145822447522e-15,6.561119958726678,0.005211537329428528,-34.11430634606465
3.17603086687411e-16,8.901607277011657,0.001424598778025699,-19.35456938273364
1,0,1,0
0.5013052075888117,1.821301748515822,0.08857920212010001,-81.64654758184645
0.3045939956736501,4.370610618415284,0.01828194364861668,-38.30535277701783
0.2479476749434863,6.544951737104498,0.005259109068015022,-33.03553794467219
1.271607299614079,0.5857848951120275,0.2220268590903239,-118.4244405276499
6.728744545674702e-16,7.137638915216172,0.003774123916386263,-38.63136172189608
2.804502661847769e-15,6.602784623705702,0.005090970288440633,-96.23009425505279
9.555848176237971e-17,11.95798121486041,0.0002720689728436532,-10.84354753154306
0.9268603609904957,0.0354171513026813,0.4253621112107347,-68.6053511220582
1,0,1,0
3.17603086687411e-16,13.8862606206086,9.710651710803653e-05,-30.34830363830987
0.5016743706407741,1.817001739707678,0.08883529141305146,-58.69582286653544
1,0,1,0
1.407954618833414,0.940572013264898,0.1660653889736188,-73.70409044611915
5.840566125974614e-16,16.22115814378996,2.818055488290616e-05,-31.84330208577764
5.840566125974614e-16,12.9718275892041,0.0001581066008712884,-31.97619284246933
6.728744545674702e-16,16.85598958194461,2.016293292639304e-05,-105.5344920634952
6.728744545674702e-16,13.83981361741085,9.95364799548093e-05,-32.34152425196271
1,0,1,0
9.682324783204268e-17,12.72588618044573,0.0001803144663850564,-17.73494603541994
0.181667173578425,5.592433576232231,0.009019109323167851,-16.32112692877143
0.224525518021866,3.913689372420095,0.0239471732301253,-26.29662545069842
1,0,1,0
1,0,1,0
5.840566125974614e-16,13.83985160711168,9.95344676254506e-05,-32.91298177158929
0.5825760438940112,1.406838383264699,0.1177909747464754,-62.87929462484627
0.308236235933902,4.26177223100629,0.01948961790939668,-35.20832658791706
0.6093087160906806,1.164046866211805,0.1403139172189607,-112.8403483527282
4.004733053112191e-17,13.83988952477275,9.953245915300668e-05,-12.69455618636342
1,0,1,0
0.628654614973121,1.009925996637023,0.1574602843169465,-44.74319691955968
0.1145509951774189,11.11298960697078,0.0004286259808331527,-22.05740171850616
0.304480173278397,4.374014563739763,0.01824546224722545,-56.1797631713964
1,0,1,0
0.1540659230512549,7.229195981265903,0.003586366201959901,-23.35623434192591
9.555848176237971e-17,16.85668805921238,2.015551396256088e-05,-13.77411622667672
9.682324783204268e-17,13.11832362442987,0.0001462107874529162,-19.86536291738734
3.17603086687411e-16,8.901607276972253,0.001424598778056452,-11.71938923211295
0.2909704698904012,4.800485135636109,0.0142258620761801,-56.07390840422678
1.028145822447522e-15,8.901607277037357,0.001424598778005659,-32.9463605884403
0.1490636623446277,7.60457963574305,0.00291101178689096,-66.54040111132664
5.840566125974614e-16,11.95802114475362,0.0002720631423952513,-19.40414118494112
9.682324783204268e-17,8.901607277013021,0.001424598778024644,-26.22114615672382
2.287852447174094e-16,9.07892300040524,0.001292861422098612,-27.25436575180529
0.4714638871036373,2.210202552332078,0.06855033449139675,-47.46727721681525
3.17603086687411e-16,12.72596584526043,0.0001803067856603335,-12.35519617969539
0.2882799010673855,4.893022456107516,0.01348271980224169,-36.28500762737593
3.17603086687411e-16,11.95794130854491,0.0002720747999753748,-24.7813261659356
3.17603086687411e-16,6.560452824551639,0.005213491482812804,-26.25315404680775
0.3082897166319766,4.260278612102191,0.0195067611496561,-26.81541350663517
3.17603086687411e-16,16.13099084101609,2.955442090374349e-05,-27.50884947029084
0.1571306605946378,7.015619170689597,0.004040084280095557,-13.63241876935664
0.78672272440029,0.311416286750557,0.2884061964564145,-45.83736793422791
1,0,1,0
0.7287435269429212,0.5566968740370157,0.2277970961154921,-50.23066019902034
6.728744545674702e-16,16.85246959019622,2.020036275801607e-05,-60.38731238999445
0.1521806113418641,7.367255812117946,0.003321111037171753,-42.12836125749448
0.3344341937055076,3.572119299102269,0.02937863862424722,-64.35437302933684
2.804502661847769e-15,6.915110128258618,0.004273518869569504,-73.05420767827633
0.1570210222323515,7.023038553706179,0.004023378278979139,-22.33317535839224
0.2202859288355646,4.048467677439866,0.02210572935656074,-22.55219223355673
0.1523470177479481,7.355104061136856,0.003343631960267324,-31.87034020112358
0.4776656199422697,2.832793712491622,0.04617878433322326,-75.38011397533529
0.6237474689829809,1.047626493576445,0.1530271803454384,-53.29225166582886
9.682324783204268e-17,8.901607277071726,0.001424598777978847,-20.30592105381442
0.5603047960745198,0.8204394584997274,0.1825258549433269,-29.2488208536609
5.840566125974614e-16,12.82785838630266,0.0001707482035138708,-19.17816202940921
5.840566125974614e-16,6.97604392069929,0.004130400986602112,-17.28497041238101
0.1439344525706038,8.008624326810462,0.002327754539293014,-17.48879008980271
3.17603086687411e-16,12.8278474776264,0.0001707491990161625,-25.92698201661802
3.17603086687411e-16,8.901607276954692,0.001424598778070163,-18.25601727564289
3.17603086687411e-16,9.078296655440106,0.001293304304997744,-14.89144196209827
0.3048702032870328,4.362339593207324,0.01837090602970504,-21.63743722569705
0.609271610619145,1.164358889868211,0.1402816879973358,-57.58654423670096
3.17603086687411e-16,13.88626062063014,9.71065171069263e-05,-16.32645938873385
3.17603086687411e-16,17.44674889602839,1.477345891165438e-05,-18.60192113553592
6.728744545674702e-16,9.079258603797477,0.001292624183300672,-29.29097599316087
0.5733021787607896,0.7507750377535984,0.193115480089484,-60.47647026883017
0.1522079229188872,7.36525043122419,0.003324816923607588,-28.49789915458505
0.2893757040674415,2.428669424954364,0.05956699126805093,-78.50783602459281
0.6087339129552852,1.168886691901761,0.1398150567600941,-63.73275606293263
0.1521911102988674,7.366499290718554,0.003322508571326155,-15.6439788777847
9.555848176237971e-17,10.40536917077128,0.0006282472032937414,-14.65309070526509
3.17603086687411e-16,6.906762884815407,0.004293515845771312,-18.58251031570222
9.555848176237971e-17,16.85692374499364,2.015301121577329e-05,-14.8754321712575
1,0,1,0
0.155797428695153,7.109171729530736,0.003834526828383478,-16.08432802134381
0.1145518662650142,11.11285229851616,0.0004286577147086246,-28.59414073300881
0.1816150901737695,5.594867395448823,0.009006587285904089,-28.64506061660953
1,0,1,0
1,0,1,0
9.555848176237971e-17,13.83985176846168,9.953445907878722e-05,-25.6185940189585
5.840566125974614e-16,10.40536899310346,0.0006282472637391123,-31.69999696855801
2.288849169318089,7.17498881948012,0.003696345426693837,-131.9712848816218
1.446050895889844,1.445710930735942,0.1146087094156423,-114.2956863190321
313.1225437152021,22.74247486394837,9.261402700855292e-07,-21.03638215336021
0.9986915541048779,1.77635683940025e-14,0.4999999468289579,-4.532961744586858
0.541536961012047,1.205148428558743,0.1361475481011798,-62.87320644521734
9.682324783204268e-17,6.785881366139648,0.004594082638452623,-54.48180407308087
3.532185271340947,12.1868212098301,0.000240641638039496,-155.9758524499991
9.555848176237971e-17,13.83986900340687,9.953354615060972e-05,-19.44933859605302