dN/dS,LRT,p-value,Log(L)
1,0,1,0
1.538212787179925,0.805189659702279,0.1847731310075395,-58.24340163461095
1.066315198711586,0.01611730416045987,0.4494884250288351,-43.17502681005956
0.2260903094593329,3.866970089914357,0.02462267356525538,-13.49808067607727
0.5170627254703283,0.5483156825772681,0.2295033615794367,-24.854867511751
1.98050704314157,2.630067124141462,0.05242864022529214,-55.51088068405429
1.130801680723979,0.05793870793350209,0.4048920339612647,-40.16898109475127
0.5056193279627718,0.5910236823799551,0.2210117699704559,-46.02358400237476
6.728744545674702e-16,3.862673642909634,0.0246857968408225,-19.29978698035889
1.223418734877104,0.1139433383035993,0.3678493013575515,-40.07876901713298
0.2822630512154887,2.552648302689981,0.05505477445968088,-14.36161468287645
0.9801053634925817,0.00121808739410767,0.4860792982382846,-28.69780329349084
1.066480240476366,0.016194287871798,0.4493685836329686,-41.00834611605142
0.847745733041534,0.08640689373586952,0.384397865965613,-36.45937345158712
0.7993410786072352,0.1621348525182498,0.3435992838508832,-41.05309195887032
0.56181665077859,0.8120608157083424,0.1837558352911732,-22.12535721637484
1.066585711003561,0.01624352867411005,0.4492920816632617,-62.30544094173032
1,0,1,0
2.287852447174094e-16,7.082416200321418,0.003892198877132214,-18.8199992596582
2.449231293967717e-15,3.645994580424706,0.02810211266234341,-18.51536609114198
1,0,1,0
0.2261062318904278,3.86650082087704,0.02462955975215814,-11.76096575526806
1,0,1,0
1,0,1,0
0.2723004169511598,2.740428487828893,0.04891926457647044,-20.95530446350744
9.682324783204268e-17,7.510977258173739,0.003066204505077108,-25.88385309832503
3.17603086687411e-16,7.125721079780009,0.003799292440912649,-4.97521061104051
5.840566125974614e-16,7.125664899774851,0.00379941148935542,-11.78967976007428
2.287852447174094e-16,4.879440237379587,0.01358921582845557,-14.28605740819143
0.2824521178503504,2.549244856082389,0.0551734926960194,-28.98804023863405
1,0,1,0
3.17603086687411e-16,7.082416229897696,0.003892198812892211,-11.78937420077278
1.028145822447522e-15,7.097863270593713,0.003858795070423637,-16.94160645237575
0.2646551503821208,2.894471944459642,0.04444194807129997,-12.80710956147453
9.555848176237971e-17,7.082416200319134,0.00389219887713721,-11.57825784189293
1.126951623385327,0.05482941501554706,0.4074316190275484,-45.92225435411557
2.804502661847769e-15,3.864106274525128,0.02466472968665173,-42.52851679129228
0.5780080647248784,0.7263754506190168,0.1970302874680432,-26.08916167078915
0.6149704135434115,0.5585970666189368,0.2274130293336507,-28.86219828711486
0.2805557890276174,2.58301244488645,0.05400795941106096,-12.55139086705799
1,0,1,0
0.2822630319267038,2.552648526276975,0.05505476666980491,-14.36104261410776
2.509897052099161e-16,7.097862046415948,0.003858797706023487,-4.985476970808136
1,0,1,0
3.17603086687411e-16,7.344673862426333,0.003363086672336257,-18.22843223944195
9.555848176237971e-17,5.700038008569067,0.008482272788418843,-13.06329927242949
1.128145463238774,0.05578624265280041,0.4066421869859315,-40.46153310775787
0.5609873165284921,0.8166087232642099,0.1830867824679794,-47.17259539974847
2.638050124700122,6.273637943562051,0.006127364095826315,-94.74545155087692
1.028145822447522e-15,3.86253762872721,0.02468779794603854,-20.72825959527711
0.5775642435134599,0.728608388510203,0.1966673180995276,-26.86845801651967
1.061195533177515,0.01380940371086581,0.4532266053407421,-43.77509352013086
3.17603086687411e-16,6.494506011665827,0.005410417939953283,-18.88948831529311
0.2724511488385788,2.737550375474591,0.04900745648016297,-29.29502378137148
0.8428578872133575,0.09270803622555945,0.380381135168155,-63.0461148919351
0.4436353375161654,1.763225699139625,0.09211133955647621,-35.65838098630032
9.682324783204268e-17,6.494369989517061,0.005410831910669267,-16.73900391639127
1.028145822447522e-15,3.863778781378258,0.02466954386858944,-42.78581684448392
3.17603086687411e-16,7.492665442275349,0.003097539549786865,-12.27347246455176
0.9250652763270419,0.01864277691046112,0.4456977738598297,-29.84752622789538
0.5174623972111843,0.5468751714174616,0.2297986579386134,-16.61809789642163
0.9331621263988849,0.01955889967597102,0.4443880146357015,-43.13058058692185
3.17603086687411e-16,9.017070313735768,0.001337348786765891,-13.52546691802636
0.563806735803797,0.8013078481592544,0.1853513159684884,-28.90748592135447
0.5326509304996941,0.9887405905042357,0.1600251900727296,-21.37847372894059
0.2740421612698701,2.707264553906299,0.04994607360548886,-16.13019656358296
1.028145822447522e-15,3.90568706324779,0.02406147338507253,-25.44549855997386
1,0,1,0
1.028145822447522e-15,3.904700362592891,0.02407560663904484,-27.23496430996454
0.2217247209255225,4.003475086216255,0.0227032770286929,-28.08761988934052
0.924202037230786,0.01909846971600615,0.4450422787882968,-29.50825138251764
1.028145822447522e-15,7.492634175628865,0.003097593331597925,-26.61331798347815
0.8425245155679286,0.0931605413435932,0.3800984939513423,-34.850733449648
0.2875097203878998,2.460191156859587,0.05838228564694259,-19.91832619105119
4.004733053112191e-17,7.510977276885232,0.003066204473223977,-5.717540416767994
0.221843732039263,3.99971365656171,0.02275399728194327,-32.76457068517322
1,0,1,0
5.840566125974614e-16,6.953600703056296,0.004182535016399647,-18.80729338477525
0.5173092553933804,0.5474273553329141,0.2296853924111186,-31.87842906467576
1.028145822447522e-15,8.623679639062516,0.001659104349433449,-33.99594736558483
0.2805255210506929,2.583449469373271,0.05399305335500271,-26.60273429030416
1,0,1,0
1.028145822447522e-15,6.923007486439843,0.004254687398547674,-32.16506905597834
5.840566125974614e-16,7.492670890851652,0.00309753017777914,-12.7075577905308
0.8666889642595272,0.06431686482179089,0.3998993241960051,-48.2499664242849
1.239862074424071,0.1290260249619877,0.3597220172785177,-25.05224826740253
0.5813533979427179,0.7102646989892065,0.1996779761517317,-33.86198589328481
1.053716770631496,0.008061138640357512,0.4642294934863287,-46.95159863783595
0.2822801140613543,2.55234129258,0.05506547197981748,-14.18564672083373
1.33614239214387,0.3814194164885265,0.2684222830119564,-62.46031070092955
0.8497380849228257,0.1118862629308666,0.3690033937128703,-45.02147492048893
0.4098619549701943,1.094550544201887,0.1477325751472661,-23.24702390669082
1,0,1,0
9.555848176237971e-17,5.701337774898994,0.008475993750810817,-6.226102998662891
5.840566125974614e-16,4.904005602784878,0.013397237402408,-11.50742408229551
5.840566125974614e-16,6.953630574201025,0.004182465182202444,-12.57393552044684
3.17603086687411e-16,7.097863279828815,0.003858795050540875,-19.83819121142487
5.840566125974614e-16,6.922975293244633,0.004254763991494326,-17.96989593178098
0.2822801149204193,2.552341287970489,0.05506547214044943,-14.18570114476348
1.052322812425518,0.007661789661042917,0.4651244646627335,-37.79589646418535
1.063938161717868,0.01878605138605849,0.4454908084338461,-45.31656028276099
0.4095303416280665,1.096885471740872,0.1474753152647753,-13.12625001121384
1.059672970875556,0.01315618751891634,0.4543412884884327,-36.39239789761847
1,0,1,0
3.17603086687411e-16,8.622766357626254,0.0016599363829366,-12.48964299980043
5.840566125974614e-16,7.082416209700376,0.003892198856761009,-21.72069561565348
5.840566125974614e-16,7.492670904485912,0.003097530154327122,-12.70844952671402
9.682324783204268e-17,4.904005602784896,0.01339723740240789,-11.50768157856663
1,0,1,0
5.840566125974614e-16,8.62341751350624,0.001659343112225042,-26.75701166613292
0.7948027125400311,0.1707658156721976,0.3397160490303652,-46.42822984846558
3.17603086687411e-16,6.128825827867299,0.006649758420034901,-12.70750171896317
0.8638135160565045,0.06738610651150623,0.3975906655309684,-57.46949786836736
1.064377017987257,0.01522145208802783,0.4509049778460208,-34.0286209377195
0.4076924152018164,1.109487953169239,0.1460966416424098,-14.20262597971846
3.17603086687411e-16,6.923059767271798,0.004254563016790336,-11.76496936180839
6.728744545674702e-16,6.922799103996937,0.004255183199906809,-34.7399001020591
4.936130869128893e-15,3.86224228941245,0.02469214370816714,-34.18647819871344
0.2320781782054782,3.692378880226663,0.02733080152840034,-27.7261790492093
0.2886804094610028,2.439587886685374,0.05915365197193501,-20.23819110957164
0.4900999437857748,0.6536083364293361,0.2094127758540311,-28.16759660804232
0.5116248053859749,0.5682456921050871,0.225478437470764,-30.03757562091927
1,0,1,0
1,0,1,0
0.5622297771712851,0.8099919316438076,0.1840613180837454,-22.26312554440738
9.682324783204268e-17,4.879597501646657,0.01358797775171422,-11.32477019795538
1.028705203489934,0.001786260855922706,0.4831440502496941,-27.21923674419402
3.17603086687411e-16,6.128837907799539,0.006649712984380829,-5.14701392674908
0.5783090505836398,0.7248562037424762,0.1972777957141102,-20.79426332688416
0.4443610451501255,1.754950010473024,0.09262782767736683,-49.179169539236
1,0,1,0
9.682324783204268e-17,6.922929241667156,0.004254873558281969,-16.53796432110838
0.8983352844854072,0.04756920455220381,0.4136741746429543,-35.36692565787187
1,0,1,0
0.2739128283931956,2.709767072482258,0.04986777662440178,-29.37651067328336
0.3077988918022095,2.137826720440025,0.07185267360831066,-21.30400824126802
0.8474183671507798,0.08682315668981033,0.38412769210262,-26.48619264409861
0.6368080656309461,0.7132952073938839,0.1991760243261081,-36.45193626304983
3.17603086687411e-16,4.879168656915807,0.01359135414570473,-5.181093429613288
1,0,1,0
5.840566125974614e-16,7.301623878858432,0.003444615969651121,-14.05364512003731
0.2805481322739282,2.583074288846262,0.05400584975931078,-34.85790244948487
0.5449391479408882,0.9109410421820243,0.1699324279202493,-21.04334588281614
9.682324783204268e-17,7.551381517963506,0.002998204234513469,-24.53040134417339
1.168289260715712,0.06885337838298256,0.3965068166291649,-69.89653242110938
0.5613614501860228,0.8145684271560043,0.1833865158027618,-33.05461951029121
0.3077470940937239,2.138583150819588,0.07181724785670501,-12.45920660821336
3.17603086687411e-16,9.017981980282464,0.001336681916328408,-15.08411933579823
1.126377350088827,0.05456898605379479,0.4076477422323693,-48.2044039515997
9.682324783204268e-17,7.082416209672388,0.003892198856821794,-34.45140196408583
0.7999373887790082,0.161015148225971,0.3441118046474638,-37.73059408260688
1,0,1,0
9.682324783204268e-17,7.492634211214153,0.003097593270387056,-26.61477651963153
1.372377200419043,0.4515092809207317,0.2508095455273111,-43.14396839420549
0.2722953890851523,2.740660516518897,0.04891216223331091,-13.91174039672396
0.7996543765367182,0.1615464392250132,0.3438683603043338,-28.32705855902181
0.2318284630733716,3.699607190280062,0.02721263975588628,-41.15782459428406
0.8003982256736979,0.1601526166611507,0.3445080226282496,-30.98589060524133
0.6155601812485094,0.5561803053885939,0.2279016813577373,-42.30683907237488
0.6365388752649423,0.7147655189546924,0.1989331500755074,-35.4365234243786
9.682324783204268e-17,6.128789595337444,0.006649894701579118,-12.0132937661383
5.840566125974614e-16,4.904005602802979,0.01339723740226761,-12.19946053085824
0.6160332233217927,0.5542708884526846,0.2282889217313963,-31.82823092418829
1,0,1,0
0.5482903056100689,0.4453312580991096,0.2522802223742677,-30.02814603492831
0.2269131247345091,3.83836922163961,0.02504610996192608,-39.10735549059367
1,0,1,0
5.840566125974614e-16,3.863000455840279,0.0246809893141679,-19.63189226931957
9.682324783204268e-17,7.097863299980069,0.003858795007156191,-18.75863278132473
0.6166317242570177,0.5518541472362131,0.2287805394046578,-33.07360584047493
1.546443042787454,0.823862445479989,0.182026646247624,-65.49668126348469
3.999140410147507,21.56668861200714,1.708680018919218e-06,-122.1633600179655
4.535008425769512,23.3420530802322,6.780129739869523e-07,-125.7293494899389
0.4099188396523231,1.094151963936923,0.1477765477467436,-13.4458316898397
6.728744545674702e-16,4.904005602802993,0.0133972374022675,-12.2013163304891
1,0,1,0
0.6161705778695347,0.5537250728667971,0.2283998067308178,-35.39243068639222
0.2903678162153256,2.412743775865039,0.0601756292604505,-24.91146265543092
0.6371755538633165,0.7113441918875765,0.1994989668414203,-46.69593909170637
1.232705089735586,0.1630631549925994,0.3431759302996187,-50.67596152824001
0.3507167194320093,1.605588648133569,0.1025565062837842,-20.62177987182415
6.728744545674702e-16,4.904005602802997,0.0133972374022675,-12.20195244016999
0.2874915816604209,2.459751555746237,0.0583986273696831,-48.11472437777498
1,0,1,0
1,0,1,0
0.3077991496592092,2.137820365762764,0.0718529712989352,-13.55537432817762
1.558193716652004,1.191959063240859,0.1374673729947816,-66.86478243984648
1,0,1,0
0.5779270467403618,0.7267741216737349,0.196965411939291,-26.24559505089012
0.2819212050634938,2.558812357591648,0.05484047570348094,-46.74779502571591
9.682324783204268e-17,6.886517083840381,0.00434241624672338,-30.39521898189027
1.028145822447522e-15,7.097863279684276,0.003858795050852071,-35.02495778615167
5.840566125974614e-16,3.863218043795172,0.02467778907150531,-21.06333105140684
1,0,1,0
5.840566125974614e-16,9.017982037665767,0.001336681874364032,-19.74763627934785
0.2875101608158074,2.460193980612967,0.05838218069312162,-13.71774247612364
9.682324783204268e-17,7.344856176201187,0.00336274562462352,-12.26024270230031
9.682324783204268e-17,7.344872072842822,0.003362715889031365,-12.69334742740226
0.2738806317382143,2.710388057717083,0.04984836845289092,-24.24689709668613
1.053202000964064,0.007912584921385246,0.4645597458311396,-36.38937351542948
0.5654565909198981,0.7923039780466894,0.1867021806028408,-38.66915091810201
1.063701281220481,0.01865262230232645,0.4456835259502049,-43.50221333503938
1.872231526818383,2.252961795107922,0.06667946975430761,-54.62470233724316
0.2646014791136254,2.895554074062233,0.04441211554642832,-28.21823438477712
9.682324783204268e-17,4.083676794829842,0.021649670724321,-18.74394853029233
9.682324783204268e-17,4.083650750156899,0.0216500043947106,-18.04832669325821
0.8498100539376759,0.1117592306759576,0.3690750487981547,-62.02452277877433
0.2903573579806901,2.412921047600058,0.06016881661032547,-30.37308240329171
3.17603086687411e-16,4.904005602765587,0.01339723740255766,-11.24666595807504
1.028145822447522e-15,4.083685738182112,0.02164955614813308,-18.41233003708491
0.2805206971996873,2.583650333541396,0.05398620378385938,-14.08953683605912
1,0,1,0
1,0,1,0
2.145290984978073,3.66274561982874,0.0278209346021005,-70.15309289907478
1,0,1,0
0.8465670855617902,0.0879107466367941,0.383425101394678,-37.02563436199665
0.3262746700259836,1.888009487167942,0.0847133013786483,-21.11005422772821
9.682324783204268e-17,7.097863279728166,0.003858795050757591,-18.03924555095416
0.6663955984302155,0.567648329912231,0.2255974618128104,-69.08761924757617
8.172827282201377,60.89546300247986,2.997602166487923e-15,-187.7929941538972
1,0,1,0
1.636757716159253,1.448675647979499,0.1143702874845473,-49.82437198644724
9.682324783204268e-17,4.90400560278492,0.01339723740240772,-11.50777379742481
0.2120752545562306,4.324852063534529,0.01877983947804246,-20.54198627594406
5.840566125974614e-16,6.49442834483596,0.00541065430772264,-24.07937312576195
3.17603086687411e-16,6.494506531757807,0.005410416357164216,-11.634606913883
0.3262975438750523,1.887745247394015,0.08472822739828373,-16.35931256233232
0.3080127465847809,2.134546886885644,0.07200650512304801,-38.60519654494961
1.028145822447522e-15,7.301623561190453,0.003444616578649751,-54.12576655120149
5.840566125974614e-16,6.923001185826671,0.004254702388639509,-10.72550977678369
3.17603086687411e-16,8.841576771816843,0.001472223248028648,-12.87757668532378
1.873343393953564,2.256846210359527,0.06651236235579339,-69.82661155402941
2.509897052099161e-16,8.826631388147923,0.001484329391977401,-12.88328677943735
9.682324783204268e-17,8.613861660150654,0.001668071155788764,-23.86184544006636
0.5482310979532115,0.8912102504865231,0.1725747760971255,-40.47365620404788
2.287852447174094e-16,6.494448001083875,0.005410594485772413,-10.5966400018743
0.2814992707946711,2.566447481279774,0.0545763043177353,-21.19347329209311
0.6669247494702357,0.5652639550370253,0.2260735281027026,-29.87748597100356
4.553149517722792,24.91284527560782,2.999071538334341e-07,-129.1954705711922
0.980095283265377,0.0008125637292550891,0.4886294893326529,-36.13664981327164
1.028145822447522e-15,6.91772766103287,0.004267267857812729,-17.97085746923585
5.840566125974614e-16,9.017460004521091,0.001337063692464224,-18.99937524530597
9.555848176237971e-17,8.612611701813648,0.001669216278017416,-12.15108512980084
1,0,1,0
0.2806096109401956,2.581961383023149,0.0540438275948778,-20.43511241639247
3.17603086687411e-16,4.904005602783808,0.01339723740241633,-11.94121251129316
1.224874920538926,0.1152492640740306,0.3671226419567651,-29.82073002622986
1,0,1,0
0.2822801145483595,2.552341294720833,0.05506547190521383,-14.18562144517048
1.035836971076407,0.002447695427619578,0.4802707028975322,-58.99766698557775
0.2816484438104054,2.563743343075135,0.05466970582282588,-14.01360617208825
1.740076765438637,1.539346195367472,0.1073575744834844,-71.30255792175178
0.2739337261133519,2.70936277871882,0.04988041679062211,-29.3410956578273
3.17603086687411e-16,8.622896532656135,0.001659817762709737,-11.79641453015707
0.7945758338128901,0.1712131508163424,0.3395179425878546,-36.59736190117025
1,0,1,0
1,0,1,0
0.8482190571905164,0.08580735555088381,0.3847882393035301,-35.31156025827492
1,0,1,0
9.682324783204268e-17,6.923027196872845,0.00425464050485741,-11.41965213039872
1,0,1,0
1,0,1,0
2.731941657024047e-16,8.623287245794216,0.001659461782408056,-10.88017684763204
3.17603086687411e-16,7.125664908040161,0.003799411471840486,-11.78990855040241
2.449231293967717e-15,3.862673908278722,0.02468579293675399,-47.93544832979711
0.8485497455873595,0.08539040080781035,0.3850606020676716,-43.96880891544125
0.8457993730086193,0.08889912942976252,0.3827906886534035,-33.08347801770076
9.682324783204268e-17,7.301623558621699,0.003444616583574311,-43.36136492677058
9.555848176237971e-17,8.61261171036773,0.001669216270178076,-12.15098534228299
0.408159793204122,1.106172369393327,0.1464577532774436,-20.6346468009894
3.17603086687411e-16,7.510977249525052,0.003066204519800053,-12.40255986224894
9.682324783204268e-17,6.128680991095408,0.006650303212308584,-17.98620627565843
0.2662655256106682,2.861532737108853,0.04536050795010443,-23.58403752018603
1,0,1,0
0.5781348260574719,0.7257257613367756,0.1971360769422327,-26.24174106491577
0.4653392979919019,1.53389487893007,0.1077644164232466,-28.43796871530724
0.2805831080781933,2.582491330051191,0.05402573953236506,-21.27527582065835
2.141008901420811,3.645717804561485,0.02810678378105341,-69.11720491572329
0.6990058799446596,0.434422088715209,0.2549135179985357,-42.10576038370149
0.7021132225902013,0.2821131587966548,0.2976597554630005,-30.51429821829141
2.731941657024047e-16,9.017982031689542,0.001336681878734425,-12.00843529971523
4.730343101349462e-16,6.953581501274275,0.004182579907878015,-10.96156795283624
0.5755226950474426,0.7392080447139548,0.1949573439125736,-19.42743279648835
0.574942732953216,0.7421672028431914,0.1944837645281592,-44.30481984704539
1,0,1,0
9.682324783204268e-17,7.554189761167294,0.002993535548241111,-11.22565942128073
0.8481728105292833,0.08586578210157825,0.3847501314071252,-32.95882916021491
1.099560840833203,0.03488190572964811,0.4259216677830449,-46.12601437025064
1.127355641301776,0.05515222348023485,0.407164478813199,-70.5542330951837
0.5461947628374365,0.9031027430313543,0.1709755559672554,-56.84866046128984
2.125807867562172,3.583715649380395,0.0291742520244469,-64.60905267740472
9.682324783204268e-17,7.492641011898172,0.003097581572438224,-18.65420256996708
0.8422980833107127,0.09345917968128958,0.3799123709578537,-50.32255105789137
1,0,1,0
0.2822801042060135,2.552341260644447,0.05506547309270499,-14.74532293745371
1.028145822447522e-15,7.492646397652138,0.003097572308361718,-19.31251560507675
4.936130869128893e-15,4.083503488894692,0.02165189112883015,-42.48871189949478
9.682324783204268e-17,7.082416200323692,0.003892198877127273,-19.51507869195061
2.199554121303461,3.880991483808742,0.02441785476603142,-78.16909370445201
0.922995240140342,0.01974456055454255,0.4441264168978004,-52.292318195571
3.17603086687411e-16,9.017851936944417,0.001336777020436386,-20.60443027128736
0.2662150217556575,2.862578467079487,0.04533103163947233,-21.41010540139634
1,0,1,0
0.2805361025186171,2.583254233501819,0.05399971191286951,-24.5913551994402
2.287852447174094e-16,7.082416229883243,0.003892198812923575,-27.43767984603458
3.17603086687411e-16,9.42995074755644,0.001067350111430998,-26.96407914205455
0.2908027026607182,2.40544164868777,0.06045699773513746,-45.65847358886332
1,0,1,0
3.17603086687411e-16,6.128733106658256,0.006650107178379216,-11.34702710241563
1.405423853356826,0.3105919467275982,0.2886585851057808,-49.80967610613619
0.2804620094156758,2.584637967448437,0.0539525388371826,-25.91538579957728
0.780397414787859,0.21417090629987,0.3217588741391353,-45.59541630658077
1.092605917148092,0.030462782122612,0.430722157856879,-34.7610555711632
0.8306399826969216,0.1098878139350887,0.3701359471029452,-45.53959239936458
0.2874857289173293,2.459507937426551,0.05840768580802491,-35.85149961912618
9.682324783204268e-17,7.082416200330684,0.003892198877112119,-19.99174820820962
4.730343101349462e-16,6.953642794009573,0.004182436614490803,-5.274036317353876
6.728744545674702e-16,8.624457657339782,0.001658395880097141,-27.04898205464411
1.544147577837629,0.8186719327024292,0.1827843739321012,-43.78664185189618
1.028145822447522e-15,7.492634147355616,0.003097593380231189,-18.90830246039313
0.2739747651739695,2.708570514713486,0.04990519691827594,-41.52614217453471
1,0,1,0
0.8159849547860938,0.08845119954263225,0.3830777230279264,-21.2765248445632
9.682324783204268e-17,7.097863270490091,0.003858795070646737,-11.12845117920467
0.307939401345692,2.135676115944833,0.07195349994727523,-32.50858719079602
3.17603086687411e-16,9.429914512369791,0.001067371201229239,-18.50376294493469
0.5650336415722841,0.7946029387463582,0.1863559584461567,-22.4441230014263
0.3077991372572331,2.137820357451059,0.07185297168830529,-13.55539220677514
0.5117915547769232,0.5676372434198313,0.2255996717229118,-17.5950160921781
0.2321238020774167,3.691131973220802,0.02735123975366066,-12.87220234865709
0.5173254077631212,0.547324959765831,0.2297063894022923,-36.64374754781952
5.840566125974614e-16,7.510977276847804,0.003066204473287704,-22.31451924472099
0.2827295282481843,2.544276597170821,0.05534730015253014,-43.63338672080228
2.731941657024047e-16,8.623156821745436,0.001659580603651012,-13.88809307154233
1.028145822447522e-15,3.905447276580141,0.024064907223938,-26.13849882560138
0.2219854150023239,3.995194120662511,0.02281509799131398,-21.57056657776258
1,0,1,0
2.831253363063944,7.858279586762649,0.002529425287367104,-93.6449035678742
5.840566125974614e-16,7.30162356354451,0.003444616574136805,-27.57678927331097
3.17603086687411e-16,5.701337769839281,0.008475993775244439,-5.740226399495789
0.5753708013019051,0.7399781102158158,0.1948339451661921,-28.36134269736807
0.4896082954902484,0.6557297971943825,0.2090357728529764,-15.77275148487112
5.840566125974614e-16,5.700413749083573,0.008480457131697761,-29.61724409033156
0.2321569519129725,3.690150402307445,0.02736734021405907,-19.78506767620479
5.840566125974614e-16,9.017982034545703,0.001336681876645707,-19.05317121736281
9.682324783204268e-17,3.861494668436208,0.02470314816795477,-27.3072160905238
0.3262433637321425,1.888421570801214,0.08469003017410726,-14.93169669296441
1,0,1,0
2.287852447174094e-16,7.510977276716879,0.003066204473510581,-26.64765518773233
1,0,1,0
5.840566125974614e-16,7.510977276885285,0.003066204473223921,-13.27842761753032
3.17603086687411e-16,9.017982037957296,0.001336681874150814,-27.71036818424106
9.555848176237971e-17,6.128680615721727,0.006650304624307157,-11.09504158581056
1,0,1,0
1,0,1,0
9.555848176237971e-17,9.013033774037005,0.001340305516259743,-12.82363928098421
3.17603086687411e-16,9.01746002016165,0.001337063681022932,-27.12337347141501
1,0,1,0
1,0,1,0
9.682324783204268e-17,9.01641660825922,0.00133782717046671,-50.16831164098303
0.1734333751509736,6.021843537150843,0.007064939662097036,-15.83814005708962
1.127778182070044,0.05549117039676332,0.4068848695302091,-34.16100999139182
0.2648956602440185,2.889418172330707,0.04458156016936454,-14.79570741511735
2.731941657024047e-16,8.624067636284337,0.001658750997779845,-11.39347696322904
1,0,1,0
5.840566125974614e-16,4.90400560263658,0.01339723740355842,-17.88562241953387
1,0,1,0
3.17603086687411e-16,4.904005602783695,0.01339723740241722,-11.94044977706576
2.287852447174094e-16,7.34460246994351,0.003363220233267905,-23.91778797272694
5.840566125974614e-16,7.344872054687507,0.00336271592299181,-12.69284529446798
1,0,1,0
1,0,1,0
0.2887358207745083,2.438640257921769,0.05918940026972042,-21.33686459332716
0.4895801230836616,0.655832596945757,0.2090175300496007,-48.54988612984479
9.682324783204268e-17,9.016418278098755,0.001337825948251659,-37.31944720404939
1,0,1,0
2.287852447174094e-16,8.624327312137879,0.00165851455197924,-24.49026111796233
1,0,1,0
9.555848176237971e-17,7.510977249571031,0.003066204519721782,-10.79184441270973
2.804502661847769e-15,7.510977276881277,0.003066204473230694,-71.68150062124812
9.682324783204268e-17,7.554246263358099,0.002993441689872478,-12.18034377498033
1.028145822447522e-15,3.863218143910533,0.02467778759912831,-14.85521850990909
3.17603086687411e-16,6.494454293379324,0.005410575335903722,-10.94046724371539
1,0,1,0
1,0,1,0
1.028145822447522e-15,4.083790006690183,0.02164822037750691,-13.23313090544016
1,0,1,0
0.2662559355745308,2.861731298432311,0.04535490944164366,-18.22956746965843
0.2875971783683097,2.458675619270451,0.05843864553213601,-23.41930270566802
3.17603086687411e-16,7.554137677173188,0.002993622070001145,-25.63067581056562
5.5878887911031,34.03274564214038,2.709616808704851e-09,-127.5607423231029
1,0,1,0
5.840566125974614e-16,7.082416229897696,0.003892198812892211,-19.08970383897339
1.028145822447522e-15,7.125395519549038,0.003799982373478561,-30.96331319601697
6.728744545674702e-16,6.494396025497245,0.005410752670079011,-17.1450479679569
0.2816266111840877,2.564139119510045,0.0546560246538686,-20.56218509540194
1,0,1,0
9.555848176237971e-17,5.700410621449699,0.008480472243423798,-13.40219170399239
0.563668523169492,0.8020615192331491,0.1852388615490094,-35.42561526473079
0.28751016881517,2.460193972306062,0.05838218100187392,-13.71796223547103
0.288782123044697,2.437850284089414,0.05921921946050757,-12.08092459620179
3.17603086687411e-16,6.494297937413158,0.00541105120768709,-21.99708085203047
0.1734028662827115,6.023519913028625,0.007058232360812822,-14.13163144161046
9.682324783204268e-17,7.125665036606645,0.003799411199396863,-11.7917413977597
0.2822801143668859,2.552341260858007,0.05506547308526294,-29.840884970909
1.028145822447522e-15,4.083685646493336,0.02164955732278451,-32.24485660322954
3.17603086687411e-16,6.12878962825063,0.006649894577781368,-12.01374850111636
0.5647941667188956,0.7959092274695294,0.1861596322973616,-20.1608179873649
0.2658153615299144,2.869324320127831,0.04514138309100263,-29.82990481980612
0.5685652656188082,0.7753737197972086,0.189279882875898,-28.2706042768154
0.2225061566265875,3.978904799995341,0.02303675551164791,-22.75420340475332
3.17603086687411e-16,6.494370015377214,0.005410831831963225,-9.679976768636765
3.17603086687411e-16,6.923033742699921,0.004254624931598228,-11.35997699369342
9.682324783204268e-17,6.12882578742547,0.00664975857214728,-12.70672805311435
0.2807795629260025,2.578921155684718,0.05414772472022972,-22.91934814849328
1.028145822447522e-15,7.34452970453728,0.00336335636823637,-31.17163490499188
4.936130869128893e-15,3.862965539815505,0.02468150289329518,-51.54061346661264
0.2887296327355993,2.43873166876881,0.05918595085084322,-21.60767137933125
0.3078859405345305,2.136541660946087,0.07191290164372821,-22.74421218085422
1,0,1,0
0.2265177886133982,3.854083534662191,0.02481251550797248,-15.26799129099703
1,0,1,0
9.682324783204268e-17,7.125664897946649,0.003799411493229543,-11.78962917075408
1.028145822447522e-15,3.64588412338086,0.02810397673611287,-19.63082250661645
9.682324783204268e-17,7.125447860678271,0.003799871442661473,-24.30753565072607
1,0,1,0
4.936130869128893e-15,6.493308745331461,0.005414062824149579,-127.8551362090516
0.28173262755953,2.562219525657291,0.05472241617887752,-21.87182663863896
1,0,1,0
1,0,1,0
2.731941657024047e-16,9.012321463082381,0.001340827966218983,-5.807916976233733
0.3262514397340036,1.888213557689042,0.0847017761827728,-41.91594800495067
2.804502661847769e-15,3.863394335283928,0.02467519653087874,-33.7995985645213
9.682324783204268e-17,7.55406516702908,0.002993742527863275,-17.05241244736773
5.840566125974614e-16,6.953574985487499,0.00418259514112318,-25.37936881593789
1,0,1,0
1,0,1,0
1,0,1,0
1,0,1,0
0.2663334851139338,2.860129482629688,0.04540009460758465,-35.14577870002064
1,0,1,0
1.033379183143915,0.002130312295676617,0.4815932324631539,-43.41151954547832
1.028145822447522e-15,3.905637602089065,0.02406218164587998,-21.36436786690613
0.5636463535482787,0.8021869057702418,0.1852201620011242,-20.42094555398474
9.682324783204268e-17,3.862142401085912,0.02469361369500572,-21.0820095525642
9.682324783204268e-17,3.906004914793247,0.02405692242357915,-13.00294866941136
1,0,1,0
1,0,1,0
9.682324783204268e-17,6.922975163294534,0.004254764300670011,-10.32020037740875
0.2321438164813378,3.690554483070173,0.02736071096290099,-13.93045438714708
1,0,1,0
2.804502661847769e-15,3.903933112869794,0.02408660258727185,-33.45135235960877
3.17603086687411e-16,7.554101457543339,0.002993682239435524,-17.45888805584658
1,0,1,0
9.682324783204268e-17,7.344674305852664,0.003363085842791991,-25.48370528600297
4.730343101349462e-16,7.554081083613848,0.002993716085928633,-10.30847750251938
2.287852447174094e-16,4.879683213254992,0.01358730302894373,-11.73099106916357
1,0,1,0
5.840566125974614e-16,7.097863279808713,0.003858795050584174,-18.73372816907229
3.17603086687411e-16,6.494506313205093,0.005410417022282787,-11.63347385105488
1.407165259083219,0.520989387473179,0.2352099712061925,-58.31898449864504
3.17603086687411e-16,3.645875062711802,0.0281041296498431,-11.96652966239001
3.17603086687411e-16,4.904005602765579,0.01339723740255772,-11.24650336018618
1,0,1,0
0.307601914306585,2.140644620019813,0.07172080323483626,-31.79584399025736
0.2816484230421688,2.563743448406214,0.05466970218124872,-28.49606671359315
0.4646498146330314,1.540695157490362,0.1072571810429209,-25.11402543827271
0.8516300747783627,0.1087612284289463,0.3707794455032905,-54.49606765290804
5.840566125974614e-16,4.083790015810632,0.02164822026066976,-13.23348174709838
1.038263951005382e-15,3.688842155184091,0.02738881468121246,-78.77249646530041
1,0,1,0
0.5618974407727684,0.8116148252873501,0.1838216287359762,-25.58295864442264
1,0,1,0
1.028145822447522e-15,7.510977276878627,0.003066204473235246,-21.88292828926983
0.9244936681536668,0.01894273765879007,0.4452653875327652,-48.62732490931446
1,0,1,0
0.5750412032368611,0.741677539140035,0.1945620159727276,-19.52516511902583
2.287852447174094e-16,8.623549422612186,0.001659222955568029,-17.24319485559326
9.682324783204268e-17,7.125540291334055,0.003799675554931325,-17.7345281165279
1.028145822447522e-15,9.017461295170335,0.001337062748339279,-49.30297296169986
3.17603086687411e-16,7.492653298875133,0.003097560437556768,-19.34844830334322
1,0,1,0
9.682324783204268e-17,6.922975215839415,0.004254764175655901,-10.32087421768503
0.3265138274177273,1.885005197578288,0.08488318161916758,-14.67460698097021
1,0,1,0
1,0,1,0
1,0,1,0
9.682324783204268e-17,7.492677625363125,0.003097518593895177,-12.96454277500542
0.5295722907140308,1.008913811838063,0.1575815984025577,-27.32445017369225
0.2805210619614913,2.583635480411068,0.05398671025055102,-21.65052775099109
0.5643125845008786,0.7985345953234742,0.1857659314602934,-52.70921735255424
1,0,1,0
1,0,1,0
1.15689105719739,0.08079964906423243,0.3881083309988387,-34.84957564403056
1,0,1,0
0.2816731067947634,2.563296319289634,0.05468516303274223,-29.63729265582063
1,0,1,0
0.280605891252193,2.58209411024351,0.05403929674768027,-15.86241887577282
1,0,1,0
1,0,1,0
3.17603086687411e-16,4.904005602716438,0.01339723740293897,-10.84045675535218
9.555848176237971e-17,7.554282409399457,0.002993381647607818,-5.107572089307506
9.682324783204268e-17,4.904005602800417,0.01339723740228749,-19.27335373080663
0.2738930968548522,2.710146725317536,0.04985591003641854,-30.48342914938415
5.840566125974614e-16,6.49444808246281,0.005410594238104693,-18.5333341986467
1.028145822447522e-15,4.904005602761657,0.01339723740258819,-24.95929778222839
5.840566125974614e-16,4.880411134146911,0.01358157423148082,-26.10424359296422
0.5778593005283227,0.7271264404294726,0.1969081048650263,-27.85416988808359
5.840566125974614e-16,6.923027350802318,0.004254640138641186,-11.42141451708232
0.5334739283382607,0.9833352534312141,0.1606883853678625,-24.92177338980094
1.028145822447522e-15,6.494369995196635,0.005410831893383372,-16.73927472268751
3.17603086687411e-16,3.645875077957264,0.02810412939255008,-11.96640218851371
0.2805654562174115,2.582842788062266,0.05401374729321817,-15.15840875054424
9.682324783204268e-17,8.612924205309788,0.001668929909824035,-18.29369114670217
5.840566125974614e-16,6.916103887063159,0.004271144540380634,-4.177939966994521
0.5781020683188667,0.7258959546142734,0.197108356323639,-26.2440867625564
1,0,1,0
1.327580657366191,0.3653103870272787,0.2727858362065548,-46.39603704876968
2.287852447174094e-16,9.014853478973436,0.001338971777861131,-24.17366266963236
0.2816483967205997,2.563743102395392,0.05466971414376937,-20.15561190246929
0.6165420187518718,0.5522045514315153,0.2287091561013768,-61.53665678198464
2.804502661847769e-15,3.871195512303231,0.02456076002033447,-57.29171665683579
1,0,1,0
0.4101211664438679,1.092735484325051,0.1479329539380367,-14.73552128094809
0.2822707054857443,2.5525139507921,0.05505945556217401,-13.08564760319817
0.4444915810166772,1.753524099270095,0.09271715837039729,-34.0536108960733
0.2874803231391388,2.460694619617037,0.05836357613779064,-21.0183486853912
6.728744545674702e-16,4.904005602782355,0.0133972374024276,-18.58118764304221
0.9797672812824531,0.0008399885018377518,0.4884392518709335,-26.04285384943708
5.840566125974614e-16,6.953618327953972,0.004182493811922816,-11.87976653287331
9.682324783204268e-17,3.906349586584927,0.02405198847945472,-14.79417462689893
0.2661945999622113,2.863003765631234,0.0453190495667013,-14.85610182566053
6.728744545674702e-16,6.953576183208611,0.004182592340969071,-17.70634909079579
3.17603086687411e-16,4.90400560271641,0.01339723740293913,-10.8409839490809
2.287852447174094e-16,4.879710507761121,0.01358708817359033,-13.59356201248452
1,0,1,0
0.2817050440640412,2.56271580704491,0.05470524318244718,-21.9201838141907
3.17603086687411e-16,7.510977276883953,0.003066204473226142,-14.8118707710926
9.555848176237971e-17,9.429894023034908,0.00106738312672916,-11.16942341472856
3.17603086687411e-16,4.879426238246264,0.01358932604354685,-11.32327345862051
0.511634163825765,0.568187959083609,0.2254899364846032,-22.79156213202232
0.5633921562145489,0.8035796982672281,0.1850126245620402,-33.14041815452984
0.517520923541726,0.5466392511335272,0.2298470775474122,-44.09201289911747
0.5630264800700744,0.8055941952545567,0.1847130213158708,-35.4524067577667
0.2816815056910051,2.563150567661097,0.05469020387786722,-13.67300827722603
5.840566125974614e-16,5.701337772055538,0.008475993764542,-13.30118485141584
5.840566125974614e-16,3.863172245903993,0.02467846262184681,-15.20168654899732
5.840566125974614e-16,9.017460158456238,0.001337063579858799,-12.8351223200742
1,0,1,0
0.2875099970233939,2.460200271189471,0.05838194688448628,-14.20588922269877
3.17603086687411e-16,9.429857916541629,0.001067404142283068,-18.46832535194046
0.3263846890064794,1.886645047420355,0.08479040644954949,-15.25871920366682
1,0,1,0
1,0,1,0
9.682324783204268e-17,7.492641017001858,0.003097581563659302,-18.94164558799501
5.840566125974614e-16,5.701337711506277,0.008475994056937552,-18.25856197634097
2.269969926313108e-14,0.1722054696677517,0.3390795646425171,-4.389171125210478
2.091800146023264e-12,0.07708211612699856,0.3906456429356605,-4.378047701528843
3.299986163998174,10.89937255591101,0.0004809841966543216,-91.66587879936786
2.323248439236132,5.208402795215932,0.01123898763387343,-134.7911478981352
4.583640481849301,18.99395143982312,6.556674166990906e-06,-114.8023314291098
0.7471397509724315,0.1128775687084271,0.3684457751685275,-53.97019691482346
5.456589847087251,17.66242412179119,1.318932666583006e-05,-109.2459307509731
3.17603086687411e-16,7.492597378467742,0.003097656627677248,-25.22602223602013
0.2321857792995213,3.688760142933631,0.02739016148145312,-23.62911779895547
0.2261497115185259,3.86518013906694,0.02464895073049245,-12.05018604159141
1.028145822447522e-15,7.492511666814124,0.003097804068398213,-44.2328097318991