dN/dS,LRT,p-value,Log(L)
1,0,1,0
0.8885946479609008,0.08685410431755258,0.3841076337997663,-88.62062668097973
1.020921025209111,0.003398761624708868,0.4767552722495933,-79.55902333912465
0.320650619896711,5.875911760842293,0.007674710913739557,-29.0843968759007
0.2581497430016919,3.035741197183754,0.04072467168267957,-35.55421019746388
1.48695008857712,1.519411330428795,0.1088542991501755,-86.65888833846407
0.6748017400918234,0.884032164502031,0.1735498376695933,-65.71625219872877
1.526673411823827,0.9355295911944097,0.1667150872197482,-100.0428314177916
1.028145822447522e-15,7.738930889749383,0.002702139395202807,-37.44946562790547
0.5988233505124636,0.9408008934004783,0.1660359787544561,-67.30419613589822
0.1348812615521617,8.80908103131226,0.00149867480745608,-16.5556043368624
0.6483813111355957,0.8709048432938573,0.1753524657966117,-41.40610575534891
1.020830502601946,0.003369824306929559,0.4768543258971547,-85.06643223638308
1.081474643574452,0.04771134384341735,0.4135473328827952,-99.99739785786009
0.7655750252689323,0.4680363188289505,0.2469459717423692,-74.1251033190993
0.9597005416833445,0.01197609603872252,0.4564285980573558,-59.73802981172804
0.7651656552714089,0.4699998199803019,0.246493625702063,-86.94007149093994
0.1290821816017382,9.384400474821973,0.001094198047005224,-16.33248183170527
5.840566125974614e-16,14.81557466573607,5.927618152801184e-05,-20.18750677948373
6.728744545674702e-16,7.357662150415457,0.003338878111703525,-20.5033056619987
3.17603086687411e-16,15.61280319150855,3.886325986340866e-05,-11.21699089713905
0.2138620083498788,8.518480005096649,0.001757789994670134,-21.35030603450081
5.114956077737342e-17,19.08569067431452,6.248921711138333e-06,-13.19236424683158
0.3999660875212669,2.330606651876252,0.06342621603868126,-37.0686397655158
0.134039096535368,8.89215549481677,0.00143199214289258,-29.45378373744373
0.3823060599712135,3.918631054734078,0.02387687547280004,-101.6270266892414
0.1368495047892159,8.62253118345258,0.001660150704051011,-29.1767613657357
3.17603086687411e-16,14.60051442193614,6.643913295351078e-05,-25.98168554339738
9.555848176237971e-17,10.24617573000047,0.0006848412876028775,-15.2532240336947
0.1349253131796343,8.804897286376075,0.001502115281155625,-31.21382840440386
0.2584666146594048,6.053082255958216,0.006941021810106807,-26.21001291351571
9.555848176237971e-17,14.80061028380112,5.974841202899261e-05,-19.07661395533041
0.1347837167468529,8.818364722029017,0.001491068989500299,-40.57780003428571
0.1291985623693115,9.372255362566129,0.001101471517751862,-21.94026378628261
5.840566125974614e-16,14.8006102229366,5.97484139573945e-05,-19.49092061085542
1.078768764462769,0.04474493355428422,0.416236869367325,-87.77207577377499
1.028145822447522e-15,7.732092074935309,0.002712392884855697,-51.4771827175424
0.2784682725560678,5.240187689123033,0.01103544635225179,-48.31030117588391
0.4439800851895726,2.63620603259622,0.05222635853925656,-40.86392725031585
0.1369752947508718,8.610869757594379,0.001670813455280584,-19.55067452436787
9.555848176237971e-17,14.84129099144035,5.847341081433033e-05,-12.28957940239899
0.1348812604136088,8.809081265020538,0.001498674615491413,-16.5551617317916
3.17603086687411e-16,14.84128956980346,5.847345488885214e-05,-19.04521795197832
4.004733053112191e-17,14.81557466574036,5.927618152784531e-05,-12.61906868979426
2.287852447174094e-16,14.9186364384672,5.612430873669361e-05,-53.09089606044019
0.170633655667859,6.177433992547009,0.006469489408126861,-40.66270914246009
0.809185367103614,0.2883924030791718,0.2956262813088462,-65.1919041384252
1.09562922089158,0.06455776066621866,0.3997160300978145,-114.6518367905031
1.124143553480556,0.1052363486409433,0.3728170331349061,-103.1996292178787
1.028145822447522e-15,7.737410367419358,0.002704415704820662,-34.64572505928913
0.2780942259723973,5.254131841566746,0.01094736071650959,-36.11516592245288
1.686584747373884,2.996701142483914,0.04171712148386142,-120.4418843930179
0.8909819358956178,0.08287705724563921,0.386717860635274,-86.26321711738669
0.2682398758523267,5.641239484286103,0.008771400396497653,-66.51680744260609
0.8230636342114654,0.242378828562039,0.3112466270762285,-99.69870885865956
0.9478614971201408,0.02622045442302579,0.4356815473322765,-110.6971220055418
0.2965544657966865,4.616314070123252,0.01583461078543369,-42.25423026467111
4.0479524494288e-15,7.734141240024286,0.002709316399754025,-80.70767782606657
9.555848176237971e-17,15.61273086380577,3.886474639969162e-05,-13.71320506337988
0.5934072375950568,1.303206794455107,0.1268141477948186,-45.49068663885619
0.2584028253695868,3.029998417088279,0.04086904813243003,-44.14624119666318
0.7693300019392915,0.5253180898475023,0.2342909551969144,-66.20382952167891
0.1047674836300709,12.56224456613633,0.0001968093448188601,-31.69572136582336
1.079211793767095,0.04522510373948307,0.415795324816927,-80.49942054527986
0.8947586008439891,0.08967573519881,0.3822948982838806,-59.94222064236114
0.1321378121437966,9.080702487587615,0.00129160400251338,-23.71338544183602
1.028145822447522e-15,7.813606628090298,0.002592715637341259,-53.52751016873385
0.134033337979574,8.892904565200567,0.001431404786542245,-16.55444272224578
2.804502661847769e-15,7.812318151947821,0.00259456484365661,-46.43018152274947
0.3143427128151896,6.135023997763398,0.006626487433212924,-52.47181936198984
0.7413333442916182,0.4948413938754186,0.2408877906851615,-47.85001864847668
9.682324783204268e-17,15.61799542414462,3.875669428937689e-05,-39.27558392047109
0.9598502770643224,0.0118842573875213,0.4565953198358045,-78.50980454640069
0.1379494001734451,8.520194044418503,0.001756135187329755,-35.52938390462923
9.555848176237971e-17,15.69657015538456,3.71794431217598e-05,-13.37002976235537
0.1047084941117709,12.57186710360867,0.0001957985758488379,-49.21045093678214
1,0,1,0
5.840566125974614e-16,14.46738446690607,7.130375786051912e-05,-53.09099410107024
0.2582204481374116,3.033830943796914,0.04077263526563779,-63.79153285099488
6.728744545674702e-16,18.39814185977194,8.961633881421349e-06,-54.21218860170618
0.1368435097614985,8.622960005817717,0.001659759926778581,-34.44466918876874
1,0,1,0
0.1390404593900197,8.423554976146619,0.001851954457724125,-58.03049874897907
9.555848176237971e-17,15.61811058731282,3.875433401162587e-05,-13.86568450937701
0.5564040415553894,1.684039863528412,0.09719425673893084,-61.05018958408785
1.565514119014275,1.388488838078132,0.1193302322902715,-75.17900062834588
0.420444659647361,3.068509355097561,0.03991131705407708,-47.3143159455416
0.6835668516382936,0.6588344935416899,0.2084858563437354,-66.28924561150981
0.269834448142575,5.575166926393734,0.009108464220042412,-24.28953545186661
1.022504622357806,0.003924603870530063,0.475023936969932,-95.03096301073181
1.018253559185706,0.003245944418324598,0.4772832757247239,-89.44415830465844
0.389743754384773,2.490300358995242,0.05727493085046942,-41.56633388524252
2.804502661847769e-15,6.827988674765859,0.004487013208814894,-4.562385546591516
0.1706101067661682,6.178778726677081,0.006464574334038853,-36.61171396492062
2.287852447174094e-16,10.0144103209402,0.0007766006843475948,-17.73053505229367
5.840566125974614e-16,14.48239551461802,7.073777642041534e-05,-26.47139947331575
9.555848176237971e-17,14.84129101045318,5.847341022491293e-05,-28.20015984983618
3.17603086687411e-16,14.3717393766335,7.501865122622187e-05,-26.26491591693942
0.4048603630865943,3.38870795691335,0.03282218502732054,-40.55871511855308
1.70819032288388,2.411829714898261,0.06021077068527575,-98.83089111011765
1.231785850630634,0.4860219488855648,0.2428536044115516,-91.77658012579684
0.3895813102907988,2.492915174975678,0.05717986256071395,-25.49454390566643
0.6452148676229807,1.114509883025107,0.1455518485037789,-48.29178322285159
1,0,1,0
2.731941657024047e-16,18.3947287404705,8.977700688916901e-06,-20.41798151693246
5.840566125974614e-16,14.8155746847327,5.92761809309339e-05,-39.69617562736907
4.730343101349462e-16,15.61803084158562,3.875596839086892e-05,-25.41060070625239
5.840566125974614e-16,10.0144103223349,0.0007766006837595096,-18.54233826696482
1,0,1,0
3.17603086687411e-16,18.39506893471393,8.976097972124286e-06,-29.66104961599202
0.6463892686058791,1.104532760580838,0.1466367502586232,-69.0439655718133
2.731941657024047e-16,12.34579327631297,0.0002209906479095358,-26.74656929350237
0.4146243090668751,3.181749370454355,0.0372324835008897,-79.79891284411188
1.173232149878166,0.2173583561466614,0.3205300661054096,-81.32685638372487
0.3993942726750314,2.339191241320179,0.06307751800873906,-25.98668257725392
9.555848176237971e-17,14.37171535399593,7.501960834388477e-05,-31.15643228795753
9.682324783204268e-17,14.37141641238327,7.50315199004592e-05,-65.16891717878022
9.682324783204268e-17,7.736107762024446,0.00270636733502877,-49.06257179580017
0.1094573167956773,11.83281872949662,0.0002909791555425478,-47.9419811571283
0.1390161142422445,8.425619906466594,0.001849852445410527,-55.78382908652465
0.2509764876529129,3.198996937566001,0.03684172446395018,-30.10449287598707
0.5117689399457559,1.134938913511434,0.1433621531761116,-65.43327251508431
0.2029912753385489,9.314967429460708,0.001136447098932625,-36.63721746384188
9.555848176237971e-17,10.26243264476271,0.0006788326957948843,-15.94781326742584
0.269074133330317,5.605746654290812,0.008950832388586794,-37.61252936453208
5.840566125974614e-16,10.26344210912139,0.0006784613601062972,-21.02675178785068
0.3899722629899878,2.486616571889257,0.05740916024952003,-38.63625911895701
9.555848176237971e-17,12.34452891850087,0.0002211403693589409,-10.94252674932746
1.115478406405451,0.09189308958229958,0.3808920698509946,-63.29888844551945
0.6342356369638433,1.453705782365148,0.1139671290150415,-109.5546709928023
0.1619429125844361,6.702014934303349,0.004815200967956346,-17.42934522794249
6.728744545674702e-16,14.37135552683262,7.503394616514836e-05,-40.1305358586966
1.282485390493721,0.6823644166167639,0.2043868664827549,-109.770082042355
3.17603086687411e-16,12.34571622815231,0.0002209997687936949,-24.95841336508049
0.2642562291264258,5.807945703633862,0.007976960143128653,-53.81548960312766
0.5932696146969633,1.304447517076682,0.126701214416475,-80.56963643879045
0.6748865754651161,0.8834261130644592,0.1736325043761953,-43.27607684206312
0.712487316171692,0.9019383338266493,0.1711312519297529,-71.91129369047064
9.555848176237971e-17,10.25861485819533,0.0006802389460298097,-6.706414695491695
2.804502661847769e-15,6.8272136094501,0.004488960763024186,-4.562385546591516
0.2645006914131622,5.797658716410595,0.008023764640239739,-33.73531253417665
1.237198549927006,0.3791119176580651,0.269039453302431,-95.5680049195898
0.2684255226232505,5.633877951188026,0.008808308593839798,-30.74447782028634
5.840566125974614e-16,15.46680556276402,4.198349616080232e-05,-45.13153077408174
0.9328473943013031,0.02468450012116818,0.4375778894461899,-143.1879277737795
0.8250525060148801,0.2362213723995694,0.3134743295801422,-76.19655206443046
0.2961952156962993,4.627837013932478,0.01572859879514099,-33.45082919608937
9.555848176237971e-17,19.09181712636521,6.228894048554423e-06,-36.47457628785858
1.213725991657443,0.316051706482483,0.2869950712415709,-96.12904021784199
3.17603086687411e-16,14.81557468477752,5.927618092949061e-05,-62.62757700325213
0.382594947772209,3.911317096498976,0.02398099751917393,-49.84625107520722
5.114956077737342e-17,15.69657009877175,3.717944423459185e-05,-13.14825646491929
9.682324783204268e-17,15.61792449328645,3.875814809456424e-05,-51.51292511958579
1.059843766143353,0.02647215655352397,0.435376275078292,-79.63705636612575
0.9403190849016421,0.02701181726141044,0.4347267398488427,-62.29060173027105
0.8932257639504962,0.09251524196940863,0.3805017862099976,-67.84078953918291
0.1086128739248724,11.95969601226911,0.0002718186966207958,-55.38589568681729
1.278900172335839,0.5570612353509716,0.227723372411587,-85.19404118628195
0.7404639432763622,0.4989293313888936,0.2399854714197029,-71.76673262927054
0.8134477840263759,0.3650981214054241,0.2728442060768435,-77.52691137851778
2.731941657024047e-16,12.3458454945093,0.000220984466587637,-19.74765707552181
0.1996301933326855,4.78784160603908,0.01433066025982871,-24.36685698141915
0.4450007100220436,2.618963021140658,0.05279671328810598,-43.59441243918724
0.1367933183336156,8.627677910228932,0.001655466762178592,-19.31223003445762
0.2714957851353641,2.755496605607334,0.04846035896400652,-62.21521215910966
0.1070849059510074,12.18229028316847,0.000241226858768151,-40.42401455290337
1,0,1,0
0.2582084988934609,3.034199968912503,0.04076336485404791,-68.46276103198403
0.4042822295844525,3.401316743750016,0.03257219858338267,-48.99034930978334
0.4447840338766487,2.622603928762032,0.05267571523276837,-42.35632500716683
1.041139337015458,0.01119242460018199,0.4578727971390905,-98.8854766394564
2.748930459814944,18.69062961845043,7.686806483608866e-06,-222.770807906074
2.758799804538399,15.02892387630874,5.293799560607271e-05,-173.6099111856291
0.1947723977222481,4.989950705884468,0.01274746752350736,-30.06572961314257
5.840566125974614e-16,10.0144103222194,0.0007766006838081929,-44.35237196700449
1,0,1,0
0.2963512860770811,4.622868491764564,0.01577421849871019,-64.21459283045834
0.1400148889008892,8.344601327928345,0.001934175183414821,-27.5130366181324
1.44023671644132,1.651893286360121,0.09935072027317637,-112.0580300843663
1.935871672554984,4.587892232874339,0.01609929363540769,-126.2050420796903
0.3414710378615298,3.411798902765071,0.03236592233877267,-58.55739858256086
3.17603086687411e-16,10.01441032203341,0.0007766006838866302,-18.83216474914259
0.276192552296932,5.32671627071781,0.01050045829781321,-70.73489334513823
9.555848176237971e-17,14.60046303923552,6.644094453328586e-05,-17.66568835667975
0.2582297503542569,6.063369105751079,0.006900707110427728,-38.92990277749916
0.296238262422059,4.626497412010018,0.01574088511038463,-29.39843362091109
1.050024074197318,0.02339553038899567,0.4392164966397486,-109.2879401608425
0.1481606140386556,7.666161239612919,0.002813301808318791,-21.07097705805879
0.6963858601663816,0.7395305541367776,0.1949056499561631,-52.66590581883888
0.6743044930922422,0.8875808751463126,0.1730668554036863,-102.8578626692713
6.728744545674702e-16,14.25662855969213,7.97490368795728e-05,-80.61839644187964
2.287852447174094e-16,14.84129101035694,5.847341022785502e-05,-49.69480192433
2.804502661847769e-15,7.739021637010794,0.002702003603105185,-36.45043173735409
2.804502661847769e-15,6.823443182083032,0.004498447300587849,-4.562385546591516
6.728744545674702e-16,19.07264635233437,6.291779909739503e-06,-42.0875987636352
0.4150096365990447,3.174990536694821,0.03738682252272169,-44.74683399786227
9.555848176237971e-17,14.90545435944806,5.651784681354188e-05,-29.98554678235596
5.840566125974614e-16,14.91927359655871,5.610535703753916e-05,-34.0662683834587
0.1320964603123715,9.084813288777852,0.001288703976087824,-35.31504089480066
1.02003904465728,0.002342275530878624,0.4806999007019554,-80.45076249455141
0.4051673235525162,3.382031779713088,0.03295537806083365,-56.2230832016994
1.14473668009876,0.191778979055897,0.3307200474532026,-95.98387944784159
2.574492534838483,13.3220885202274,0.0001311489310183989,-158.665854250713
0.1291433702178131,9.377926354667224,0.00109806918772748,-43.53308614807403
5.840566125974614e-16,7.959629883820945,0.002391609713192411,-20.55400888824143
5.840566125974614e-16,7.961252352117555,0.002389466823024211,-18.76519382436906
0.6102976583275918,1.733769791317627,0.09396508778701518,-104.4281640732466
0.4210184831713036,3.05725368357767,0.04018870733548752,-67.32916515440208
3.17603086687411e-16,10.00742955720264,0.0007795498736004602,-12.38561279663661
9.682324783204268e-17,7.961977457763417,0.002388509765446856,-21.40881361622526
0.2738568204959286,5.41512661844466,0.009981502700718292,-23.0474807892536
1,0,1,0
9.555848176237971e-17,15.46602816283037,4.200076805499497e-05,-5.830677983154383
1.5458326542592,1.974180070647975,0.08000243463660522,-104.2057038658103
0.1996254925788307,4.788031284240006,0.01432908215403328,-21.19308518196316
0.8089643804569258,0.2891647205837131,0.2953781473958752,-60.0042039170623
0.3238584104378495,3.836693973888728,0.0250711493525187,-29.8101842712552
2.287852447174094e-16,14.84129101039744,5.847341022663377e-05,-32.61286972790732
0.5252223192053189,2.595840264071057,0.0535723011217385,-102.2053483012028
3.193353220541047,20.79056823159266,2.561733169759162e-06,-198.0034177805858
3.17603086687411e-16,10.26249243845167,0.0006788106947047678,-13.17706435316669
1.881654065749925,5.547105829435623,0.009255635378885407,-114.8756200249538
0.399325327490742,2.340228252827529,0.06303554006616663,-39.0183457828462
0.1014749946267496,13.11748896807995,0.0001462759410434389,-29.64652919648491
0.1480830637965548,7.672133247108135,0.00280400587663282,-36.50959898462747
0.4451073942591545,2.617126396683148,0.0528578653003608,-67.57463605507412
0.6481175525983667,0.8726497604917398,0.1751113930153017,-51.10736219639623
0.296603070465841,4.61476811557273,0.01584889030133269,-66.90901598811712
3.17603086687411e-16,15.13433617486284,5.006277972036122e-05,-61.83805895729741
9.555848176237971e-17,14.37170180149487,7.502014831239912e-05,-17.70908572638473
0.1067963481187923,12.232218074537,0.0002348566272237784,-22.96126431504566
1.40730900279055,1.146723509505762,0.1421180428370579,-149.5842442495578
0.4299416068298677,3.845487571418403,0.02494000858861517,-45.24951405159867
9.682324783204268e-17,18.25568504856624,9.657430917908716e-06,-37.94703832515501
0.264311644711581,5.805611636741816,0.007987555114811196,-58.41608037732139
9.555848176237971e-17,13.49079493802979,0.0001198683054055016,-11.81273375305819
0.2692406707289214,5.599038915397855,0.00898516648336245,-51.85296747509011
0.4223242982162851,4.040339823419899,0.02221243763136238,-58.15488275480328
3.521898472878732,29.19349391905558,3.274938692454654e-08,-190.2001190077383
1.510446383641356,0.8911881288735515,0.1725777696575129,-70.72491832339023
6.728744545674702e-16,14.36614439717815,7.524190059998714e-05,-32.73157182571533
3.17603086687411e-16,19.09135882456992,6.230390025674382e-06,-27.37595307490606
3.17603086687411e-16,18.25465964091573,9.662631157536516e-06,-18.82846011672385
0.2478916715082743,9.820740917005743,0.0008627740789638461,-30.04929278758756
0.2738033464066361,5.417053136783522,0.009970494373322536,-50.28779251049327
9.682324783204268e-17,10.01441032239792,0.0007766006837329198,-34.04157382626759
1.798333948736961,2.564392046466281,0.05464728346527542,-71.72838549754343
1,0,1,0
0.4049924645263547,3.385838526058087,0.03287936102463618,-31.97648255164913
0.7747541870962856,0.2128154271945846,0.3222847970482189,-89.28597044070618
1.216105071095182,0.3222736274481122,0.28512223564406,-79.24212405811923
1.255553510531755,0.4313218568269974,0.2556705225686414,-119.4415564642276
0.1321088755254092,9.083581893243547,0.001289571988476845,-73.3333471412904
3.17603086687411e-16,18.39518407671429,8.975555582324546e-06,-28.48670974470545
0.516557607073628,2.197958189204428,0.06909683969157854,-54.36479933273065
1,0,1,0
1,0,1,0
0.6758267251927847,0.8767487733001929,0.1745468565761036,-53.50893580905575
5.840566125974614e-16,12.3456641398715,0.0002210059351674953,-31.54987312525247
9.555848176237971e-17,14.37166460392159,7.502163038508591e-05,-31.63017697701136
1,0,1,0
0.1349060401838746,8.806725628358443,0.001500610770848509,-25.33352930734424
3.17603086687411e-16,18.39541208730506,8.974481609136387e-06,-32.66205219977392
9.555848176237971e-17,14.59624212610564,6.658992957497833e-05,-12.92987336533871
4.0479524494288e-15,7.738843138181011,0.002702270711231858,-64.03607154522808
0.816641878880782,0.2631186029859691,0.3039928413193542,-90.73327385835665
0.8086121543774571,0.2903960772291043,0.2949834132365143,-86.01093100076139
9.682324783204268e-17,15.13433617283107,5.006277977420703e-05,-59.33959229004593
0.1094954638708508,11.82721759858136,0.0002918557676248046,-33.6051972686935
0.3994436213087126,2.338457333909503,0.06310724516118849,-36.46010905180452
9.555848176237971e-17,15.69657009877427,3.717944423453634e-05,-13.84294786983442
2.287852447174094e-16,12.34579392683966,0.0002209905709024684,-33.75406066877627
1.150565106847985,0.1686666562901848,0.3406497605298247,-93.72783037414064
0.3313509519479503,7.295405689412092,0.003456557903405821,-37.55152537266156
0.2781726887246612,5.251148119605489,0.0109661475412528,-41.02210624310877
0.6587844010338165,1.204767731305367,0.1361854203003984,-65.00232213722177
0.4109859784427004,3.256951959558251,0.03556060585473109,-44.02619142096065
1.150049315924506,0.1676126529656869,0.3411211463467883,-90.81556811328882
0.6546628595594272,1.244126449157818,0.1323386330038291,-66.49251473205553
0.341418347780588,3.412984504420166,0.0323426790275918,-33.69019715627743
0.104674470068815,12.57742350846735,0.0001952173074523111,-41.98894608187801
4.730343101349462e-16,14.46760847254439,7.129527845539663e-05,-18.14541923643763
0.9695398260504785,0.006748719121304703,0.4672634827867406,-77.66010962402937
0.4145450946035861,3.184454654859991,0.03717089977444776,-61.04733566836047
0.1948020728832779,4.988691846397366,0.01275674477337502,-31.90170111250443
0.1290731953193356,9.385165488585187,0.001093741529459902,-33.23549357649173
0.6753819556972754,0.8799018100429095,0.1741142871543183,-58.5234103685368
1.464663289601057,1.413929174319009,0.1172026107993109,-103.5987317964503
1.621064545813567,2.392625581034508,0.06095436238455038,-155.8277800496503
0.6724887102223704,0.9009597022315461,0.1712622550321837,-96.83719170673666
1.55600982732786,2.028897223038058,0.07716627811451759,-108.3376639323449
9.555848176237971e-17,15.6180965017347,3.875462268887464e-05,-20.0243629132511
0.4107607945653006,3.261663754648723,0.03545856965963817,-60.47009038295474
0.1348786686884021,8.809360764806812,0.001498445056261455,-20.48828757499565
0.1348856619607527,8.808662275070361,0.001499018807935792,-16.94791256189976
9.682324783204268e-17,15.6180487762784,3.875560081539886e-05,-40.95018165254373
9.682324783204268e-17,7.967172257421524,0.002381664626360414,-61.49286433194533
5.840566125974614e-16,14.81557466573788,5.927618152795633e-05,-28.04497870986005
0.9266673406987384,0.04159877272104495,0.4191932491831071,-87.06577831148668
1.335825112095795,0.6844693908468287,0.2040259704502694,-111.5367658671881
2.731941657024047e-16,19.09193035264621,6.228524513762768e-06,-30.96189343359935
0.1273229245434065,9.573269265344408,0.0009871544370597674,-44.08941520178614
0.2137132772970044,8.528746670541253,0.001747901752382375,-21.69409458156519
0.1368466654775618,8.622590626226909,0.001660096529453314,-38.64195258201199
0.8181924691544468,3.907985046680551e-14,0.4999999211345996,-4.358974140340456
1.130870163511209,2.575717417130363e-13,0.4999997975307038,-4.469039254036208
1.514325522577684,1.598721155460225e-13,0.4999998404868737,-5.08394982127539
6.728744545674702e-16,14.81557472662411,5.927617961420939e-05,-37.58094553257384
3.17603086687411e-16,19.696714670086,4.53786297061054e-06,-53.38077327457348
0.1401776987273874,8.330343654299611,0.001949414081485246,-70.81086400739974
9.555848176237971e-17,15.13433568466792,5.006279271868586e-05,-16.68680567754051
9.555848176237971e-17,12.34588665295384,0.0002209795945852799,-13.58960978783387
0.731982189853947,0.3242534066128258,0.2845313229381431,-78.60059684093498
0.273747329413248,5.419022524925055,0.009959254059631106,-73.18558092569383
0.6878655547647565,0.9830244980469161,0.1607266226880143,-69.59539260481591
0.5370054112394618,1.920533625243522,0.08289892291494899,-56.76911115385553
0.3992723520010167,3.514969100592396,0.03040839546448953,-71.06433069859568
0.6916767100945913,0.7694292648614294,0.1901968358886315,-74.55030913318099
0.1350072147537485,8.797153355653094,0.001508504633989216,-39.41845606239268
0.1381275366803989,8.508176196213718,0.001767771202160318,-16.50479294873537
3.17603086687411e-16,18.39859725884129,8.959492335702812e-06,-45.3686486328488
0.8904628079911873,0.08373295690927307,0.386150473563278,-72.63566819125855
0.1279916355412757,9.504423005506069,0.001024886019942994,-28.83353763097339
0.1321180021127433,9.082676892408585,0.001290210303134642,-68.56594462797456
1,0,1,0
0.399280131428261,2.340909854781273,0.06300796592083874,-30.98220940927914
0.1346645712201046,8.829713082951059,0.001481824891561845,-52.60026539368697
0.5929704961591367,1.30724335370499,0.1264471841925254,-54.49614411905819
0.2030698423755378,9.308911655672219,0.001140209524074398,-50.04090518950251
0.8128306164914738,0.2758478350310725,0.29971784904167,-63.71759618871052
0.296609772769117,4.614628749174983,0.01585017824672569,-26.28353293479269
0.2560483429097721,3.082784155501123,0.03956248571590132,-27.21995432608552
0.1098485979872497,11.77089192594919,0.0003008207152230824,-36.36022169162373
0.5170924163167782,1.095993080945675,0.1475735701415646,-69.63950503835875
5.840566125974614e-16,15.68021796309102,3.750227521698291e-05,-24.391591278021
0.1351301357393057,8.784996417358101,0.001518590808608777,-46.17290293552571
2.731941657024047e-16,18.37624758789438,9.065202136615547e-06,-28.48690832042696
6.728744545674702e-16,7.805516739410209,0.002604348454438798,-44.40844116395041
0.1056070415742781,12.42632563956295,0.0002116619732653868,-29.59795158714835
4.004733053112191e-17,14.5808709570331,6.71353322154733e-05,-5.707580564044756
1.896046071414999,4.667739033703242,0.01536718165088546,-134.9069427369968
9.682324783204268e-17,15.11850998191153,5.048421284253868e-05,-61.31616431249195
3.17603086687411e-16,11.70299951413406,0.0003119971487165474,-13.10734376857056
0.2766208649202395,5.310937684988588,0.01059597367133597,-42.98159494077813
0.2511069031142756,3.195949075860248,0.03691045496710921,-17.85340235498661
0.1708850072112393,6.163159632477871,0.006521900360857258,-52.43595153709779
0.1098130313370905,11.77424940357339,0.0003002786190191009,-35.70134273166192
9.555848176237971e-17,19.07207428655148,6.293666221179883e-06,-27.0449398977897
1.028145822447522e-15,7.728610438431915,0.002717628159959351,-42.4941594024516
0.1620755639467894,6.693547045524745,0.004838124710619229,-16.77203227302634
4.730343101349462e-16,19.07047704035858,6.298935936843719e-06,-26.38365160808742
5.840566125974614e-16,15.68015091227926,3.750360475185399e-05,-35.04292152398508
4.730343101349462e-16,14.45253479565105,7.186814119458651e-05,-19.35625526192708
3.17603086687411e-16,15.69109208586283,3.728728095403477e-05,-21.31939145146383
5.840566125974614e-16,19.08538214066191,6.249932030910621e-06,-34.98096856639017
2.731941657024047e-16,12.34140908799243,0.0002215102483288378,-25.13595327250141
9.555848176237971e-17,14.46259377255041,7.148534585005306e-05,-12.31754105759554
6.740639792367023e-18,14.36679502376478,7.521590513515086e-05,-5.465834879633425
9.555848176237971e-17,19.08105561959663,6.264116884036053e-06,-15.45192284785187
9.682324783204268e-17,19.0906714559828,6.232634393199543e-06,-42.37604349324293
1,0,1,0
1,0,1,0
6.728744545674702e-16,19.06501142873964,6.317001906563924e-06,-93.57424687507415
0.08257101050445925,17.21137599322341,1.672138701031001e-05,-16.71272900252323
0.6738373374542156,0.8909271170261661,0.1726130958388133,-54.10780947985911
0.1291287451415232,9.379522704429725,0.001097113376580194,-16.86208948828796
9.555848176237971e-17,18.39563754665161,8.973419779678693e-06,-12.85557417321356
1,0,1,0
5.840566125974614e-16,10.01441032195743,0.0007766006839186601,-24.03796657550385
1,0,1,0
0.199606214544845,4.788802992875134,0.01432266347180111,-44.50297798334991
5.840566125974614e-16,14.91899945039728,5.611351048101509e-05,-44.23711599636228
9.555848176237971e-17,14.91932677274224,5.610377565068436e-05,-19.93677655428712
9.682324783204268e-17,7.967413051769292,0.002381347818932122,-19.86500570159576
4.004733053112191e-17,14.60066950269414,6.643366563352515e-05,-5.709927660501259
0.5566446675124631,1.681331904811032,0.0973737838714715,-65.139827817336
0.2508319977185792,3.202437053836192,0.0367643134436928,-62.66296106313872
6.728744545674702e-16,19.08748022243921,6.243064916755525e-06,-73.72164642485627
3.17603086687411e-16,10.26243262374744,0.0006788327035275876,-15.94790213811384
9.682324783204268e-17,18.40415715918223,8.933387931897574e-06,-38.42634537125269
0.1995693120278782,4.790283271954699,0.01431035963488869,-17.70675796119274
5.114956077737342e-17,15.69657009878771,3.71794442343143e-05,-12.45255897041224
1.028145822447522e-15,15.69657015497356,3.717944312986443e-05,-86.82180954390927
4.730343101349462e-16,15.48157194331146,4.165677751960528e-05,-26.5005620805059
0.2584958949639286,3.028027636697033,0.04091872176784028,-47.60307765668747
9.555848176237971e-17,13.49086526095723,0.0001198638131841845,-13.32498231868381
9.555848176237971e-17,19.69699911790272,4.537187562825284e-06,-14.25962874644696
5.840566125974614e-16,14.81557466577171,5.927618152690162e-05,-25.26035190567528
3.17603086687411e-16,7.96756865750821,0.002381143114975393,-15.60453176995781
0.2738608345925035,5.414998516240587,0.009982235135629791,-24.29325390171135
0.1273344912247809,9.57202341636949,0.0009878245619195924,-33.10240604364307
0.2765722069966078,5.312814198025123,0.01058456727355495,-35.60875364216614
9.682324783204268e-17,15.48149448528845,4.165848465231825e-05,-39.81223221276415
4.300322739552105,41.26291068790869,6.653499973197086e-11,-190.9623367659858
5.840566125974614e-16,14.46762630432143,7.129460350319139e-05,-18.84392506731869
2.287852447174094e-16,14.81557472662517,5.927617961420939e-05,-50.59795838222513
2.287852447174094e-16,14.6003176290567,6.644607147249237e-05,-44.38409443605119
6.728744545674702e-16,13.49070150976394,0.0001198742738557912,-32.19685744022092
0.2691615118859519,5.602214715370764,0.008968893982666204,-35.65884420233651
4.730343101349462e-16,14.60053681413027,6.643834349628897e-05,-18.7489764545509
5.840566125974614e-16,11.71277649931022,0.0003103621753410835,-23.80428687706971
0.2693983141493278,5.592685301304883,0.009017813360804594,-48.30173018200775
0.2763306802477919,5.321951969436498,0.01052920462238727,-23.52677004691592
0.1390283373023796,8.424647058298909,0.001850842461506075,-25.17793911595108
0.148065035066487,7.673280876544709,0.002802223086263211,-48.79177910234128
0.08256345952982927,17.21340693736423,1.670352072991044e-05,-14.79220938557244
5.840566125974614e-16,14.60020276305053,6.64501217527147e-05,-58.67925529497586
0.2698209274689675,5.575714667099803,0.009105615669701028,-45.55719188012726
3.17603086687411e-16,7.967540217193623,0.002381180527712579,-28.60678168564481
9.555848176237971e-17,12.3458973165982,0.0002209783323273706,-13.44098642615598
0.2698339566573905,5.575198782664295,0.009108298524864888,-23.01440261843236
0.1272103992391865,9.583046306822538,0.0009819114771797977,-38.74425792073243
0.5414903505710499,1.862835232991387,0.08614896506963443,-64.35481594465517
0.1048729457547974,12.54516402429485,0.000198616498431281,-44.47607545931543
9.555848176237971e-17,13.49066440884848,0.0001198766440457244,-24.1233103382486
0.1390653984516022,8.421413604550381,0.001854136849940458,-48.53735573403092
2.731941657024047e-16,12.3459231532096,0.000220975274072166,-14.1339154289622
0.1368709489175011,8.620419058863547,0.00166207680614433,-51.56708247498126
5.840566125974614e-16,14.91915603448794,5.610885333184878e-05,-39.37411278479603
4.936130869128893e-15,7.739085819730178,0.00270190756577271,-74.2549178189187
0.1390173573951682,8.425540574970157,0.001849933156703454,-47.2416247761163
0.1481081866529304,7.670144382989541,0.002807098226733751,-24.81570585572398
9.555848176237971e-17,18.24559870927983,9.708705078215196e-06,-12.06820683421997
0.1068744780582715,12.22062794541499,0.0002363201023038997,-17.08084532317854
0.278170314374568,5.251240857695691,0.01096556311896296,-35.89076997644608
3.17603086687411e-16,14.60048865545382,6.644004138606219e-05,-25.28891778093853
9.682324783204268e-17,7.360512060735488,0.003333590082069682,-40.61903781440355
5.840566125974614e-16,14.60033358217433,6.644550897061396e-05,-37.64662213315395
0.1481609823112671,7.666073274825802,0.002813438967532278,-15.52370456243932
1.028145822447522e-15,13.48919935085792,0.0001199702769577038,-197.3115282809462
0.2693878176159886,5.593110983058487,0.009015622250452049,-31.21519106201164
1,0,1,0
1,0,1,0
6.740639792367023e-18,19.08594075903422,6.248102907724373e-06,-7.361857076012091
0.4861355348966725,2.011794568760052,0.07804029895986847,-75.50191097754463
1.028145822447522e-15,7.742817057775767,0.002696330449603046,-58.0490678331735
3.17603086687411e-16,15.48146831303827,4.165906149034004e-05,-24.29870851134515
1.028145822447522e-15,14.46762158136542,7.129478227163588e-05,-33.10152515155976
1,0,1,0
4.004733053112191e-17,14.81557472665917,5.927617961309917e-05,-13.65293810100222
0.1993593144169722,4.798772412393006,0.0142400114529827,-27.47477846623919
1,0,1,0
0.1273534028498731,9.569963343756271,0.00098893365835373,-38.71786136861984
4.730343101349462e-16,14.37172092046995,7.501938656151452e-05,-25.5765795133753
0.5157416399669595,1.10570057814823,0.146509230346119,-89.84929207914047
2.449231293967717e-15,7.811677481959663,0.002595484826278582,-55.02310120186863
0.4042139197490653,3.402810166793031,0.03254272431463895,-43.38361374784911
9.682324783204268e-17,7.737763723524154,0.00270388653603626,-29.68508992628671
1.028145822447522e-15,7.813603134480218,0.002592720649514102,-27.45364895571653
4.004733053112191e-17,14.3717765264041,7.501717111729755e-05,-11.93518822663457
5.840566125974614e-16,14.60054028457303,6.64382211434944e-05,-18.3560428472689
9.555848176237971e-17,14.37175784481151,7.5017915419473e-05,-11.52931830114499
0.109482326176579,11.82923601055685,0.0002915395666033271,-29.21787317119264
0.134953173072351,8.802253359093044,0.001504293632773268,-52.664844008729
1.028145822447522e-15,7.810172434155064,0.002597647337359177,-51.40584212501077
0.1290690771064694,9.385622012703593,0.00109346919337433,-35.2252311070404
0.1995164031739151,4.792410270413988,0.01429269963309288,-22.71806680749093
5.840566125974614e-16,14.9189473968428,5.611505875235956e-05,-57.46969376923679
3.17603086687411e-16,15.48130247105804,4.166271684491463e-05,-23.79756109404835
9.555848176237971e-17,10.26264049170251,0.0006787562216120091,-13.17825153609393
0.5481994677782497,1.780249473063975,0.0910593478170042,-45.90320429649498
0.1346619438199391,8.829962088925186,0.001481622711367481,-59.47936592120199
9.555848176237971e-17,13.48799159821805,0.0001200475207196461,-25.2073457316942
0.6881832425825125,0.7921584863409805,0.1867241218596343,-64.18260050711567
9.682324783204268e-17,7.37242214255096,0.003311583224489156,-39.72891818252598
3.17603086687411e-16,10.0144103224025,0.0007766006837309769,-19.60568244992133
1,0,1,0
0.4443185688312739,2.630330375305419,0.05241994830598673,-82.67088761757715
0.2694751617968911,5.589607170220489,0.009033673786459695,-38.84408809117494
0.4391819224351655,3.626776705301111,0.02842841661105311,-46.97683120634474
1.354737522036431,1.083029041785437,0.1490104628438348,-131.4703536804348
6.728744545674702e-16,7.967419267689706,0.002381339641361058,-39.13546742542066
4.936130869128893e-15,7.403046446883963,0.003255675711422878,-89.93950904347103
3.17603086687411e-16,13.49075763677053,0.0001198706882749034,-11.11891000939346
0.8232371560351358,0.2418455094797878,0.3114381783182275,-74.6074804198182
3.17603086687411e-16,14.60059175181787,6.64364066579326e-05,-11.82720260789687
9.555848176237971e-17,15.69657015536389,3.717944312220389e-05,-30.75764647192415
0.5930262181069709,1.30670120816896,0.1264963946439239,-69.39271709377687
1,0,1,0
1.386915804348486,0.9595334190788378,0.1636522302841776,-81.19819784394194
2.287852447174094e-16,18.39552634019256,8.973943504853032e-06,-32.13834100035617
9.682324783204268e-17,14.60049790038155,6.643971544206817e-05,-32.26576519093217
9.682324783204268e-17,19.09067921147005,6.232609065792705e-06,-112.9943189722165
2.287852447174094e-16,15.6179988463916,3.875662414809522e-05,-38.54314816249694
1,0,1,0
4.730343101349462e-16,14.37173020555004,7.501901662204657e-05,-17.59935816329719
0.1619760312598058,6.699903472062395,0.004820906552268966,-16.73484154374797
0.1995587693406415,4.790712101358871,0.01430679733108026,-26.72084940098934
1,0,1,0
1,0,1,0
9.682324783204268e-17,15.61803412597261,3.87559010763816e-05,-46.51450066976956
0.5169338118808922,2.192498766501942,0.06934208429632732,-63.54842161987518
0.2738094520707516,5.416917802962814,0.009971267274784368,-35.74282976316136
0.4046204018893194,3.393925710817058,0.03271848840434277,-107.1980815334904
3.17603086687411e-16,15.6180787576281,3.875498634892116e-05,-19.33026975687062
1,0,1,0
0.5565785386589562,1.682079037329615,0.09732421317213241,-45.5063913017846
0.2029836076278116,9.3155703813202,0.001136073177747665,-30.12428419332444
0.2693856271173035,5.593199815158272,0.009015165074590437,-63.18914094521178
0.1480939641966068,7.671261258151237,0.002805361245294291,-15.525238693397
0.1368649831574339,8.621097124736721,0.001661458212582012,-23.76333312250248
9.555848176237971e-17,19.09135713075374,6.230395555251178e-06,-14.36419607553808
3.17603086687411e-16,14.81557472665916,5.927617961309917e-05,-20.17981959379373
3.17603086687411e-16,10.01441032236508,0.0007766006837467976,-11.98020373098368
0.2582064691076338,6.064423353628797,0.006896589089052108,-62.89020235215492
1.028145822447522e-15,10.01441032244863,0.000776600683711548,-33.24367149816637
0.1321000330945176,9.084458085028245,0.001288954298814093,-92.13323968352334
5.840566125974614e-16,13.49079500484536,0.0001198683011372492,-19.67036997041273
5.840566125974614e-16,10.01441032242551,0.0007766006837212625,-26.52791375722
9.682324783204268e-17,10.26350406302616,0.0006784385768016654,-33.65442177438641
0.4174084709788831,3.125515895604906,0.03853773592495419,-53.21680647805687
9.555848176237971e-17,14.37179537090218,7.501642033225231e-05,-12.63229276660674
0.2549742922325596,6.212193118130457,0.00634366764151878,-36.94894293910137
3.17603086687411e-16,13.49072028562895,0.000119873074378718,-25.03739983677329
6.728744545674702e-16,7.360391392529507,0.003333813809331398,-33.86005658059661
0.2738504189846417,5.415395112180136,0.009979967745955998,-27.44336857050379
3.17603086687411e-16,18.25632497681593,9.654187018648397e-06,-27.78097718574708
0.1391069688320105,8.417796148883145,0.001857829545795775,-14.03100911911345
1.116888199010909,0.09399151175473719,0.3795814056717635,-63.18210776014442
1,0,1,0
0.7761719728465393,0.4189265147466443,0.2587365895631801,-58.48592137037863
9.682324783204268e-17,19.08531292393684,6.25015870953094e-06,-70.20525943119483
0.1346475656761961,8.831333758924302,0.001480509487258086,-42.57249148665113
0.2963829382409046,4.62174794256822,0.01578452615861492,-74.70689488320838
4.936130869128893e-15,7.747737818973263,0.002688993282888019,-74.28481305229873
0.1390202306596415,8.425446986183374,0.001850028377865742,-22.76043051559835
0.1948342658939842,4.98733251360283,0.01276677034264584,-22.98821725877024
0.134883363299662,8.808887343606798,0.001498833908341823,-32.37190726696162
0.4221438268170185,4.044945633110558,0.0221519028713737,-76.77703777317367
0.8304303375357959,0.2201195016617419,0.3194744396102941,-67.31024404228616
3.17603086687411e-16,10.01441032248124,0.0007766006836977812,-20.62212040370722
0.5019057792414868,1.210057554603573,0.135660361855068,-30.07783331392745
9.682324783204268e-17,14.46763732972501,7.129418618290195e-05,-19.13056598553802
1.028145822447522e-15,7.814437257924801,0.002591524239026866,-23.13165043398725
0.1273189461906916,9.573701624102029,0.0009869219850314748,-18.19917570656935
2.731941657024047e-16,14.46763861604454,7.129413749484836e-05,-26.27542402664601
3.17603086687411e-16,10.01441032234845,0.000776600683753792,-18.50719012478783
9.555848176237971e-17,10.26267001322635,0.0006787453603147586,-15.25286484265242
0.2699012408550338,5.572499961386754,0.009122347046248924,-27.64463528705235
0.5390436698421985,1.893858321563584,0.08438369121964195,-58.44603694035849
3.17603086687411e-16,15.69657015538366,3.717944312181531e-05,-16.75456082950108
3.17603086687411e-16,19.6968334541801,4.537580911179173e-06,-18.85390352241554
5.840566125974614e-16,10.26360453670697,0.0006784016296475515,-29.67100127320169
0.5117916700413119,1.13477441318139,0.1433796172413509,-71.52461060352616
0.5389849122928237,1.894608197784535,0.08434153851897064,-50.38637345125213
0.516479851729866,1.100387609235156,0.1470905280408619,-94.19698938957806
0.808196202910012,0.2918567684543802,0.294516559545706,-76.23315054238417
0.1346559654642439,8.830543141628254,0.001481151035082118,-16.15594232389418
9.555848176237971e-17,11.71525237193695,0.0003099495179683109,-15.04280487264386
9.682324783204268e-17,7.739306428720035,0.002701577492571938,-19.5650257207165
9.555848176237971e-17,19.09158636037278,6.229647263988891e-06,-15.46563952298423
1,0,1,0
0.1381270868710083,8.508228052371884,0.001767720825555763,-16.57260156507958
0.1014588684584627,13.1201443111996,0.0001460687654523674,-42.70889984672075
0.1619341182939469,6.70243794417653,0.004814058744571081,-29.0974475918821
1,0,1,0
1,0,1,0
3.17603086687411e-16,15.61806108902301,3.875534846503603e-05,-25.9267094042643
9.682324783204268e-17,11.71525220809664,0.0003099495452574819,-31.99561207080844
2.316588474668451,8.445746547231636,0.001829491017091456,-145.9047851608304
1.275360049452247,0.6541672158352299,0.2093133597690467,-120.4353041453398
322.9163294577362,22.8060023781954,8.960256850376602e-07,-21.03384253727554
1.002592899209586,4.085620730620576e-14,0.4999999193621221,-4.534370729377322
0.4745227452759879,1.851036680306933,0.08683143524922921,-63.62490688590535
2.804502661847769e-15,7.619114160040652,0.002887642493875686,-66.63378999894724
3.143961615435827,10.2586685462428,0.0006802191500497323,-158.0070644496429
3.17603086687411e-16,15.61807528256394,3.875505756972819e-05,-19.70174548432025