dN/dS,LRT,p-value,Log(L)
1,0,1,0
1.05645894106338,0.01477286546966639,0.4516302108565857,-75.06610252930489
1.094234163325528,0.04713754855563934,0.4140605957868157,-57.8968735635166
0.3084301303980584,4.256900281648889,0.01954559482067142,-20.81460997575652
0.366269285979795,1.450402985518366,0.1142316505746354,-33.28615184009621
1.742935872244378,2.322148749942613,0.06377186629587284,-71.89322002071606
0.7735529082192848,0.2873024608556562,0.2959771925892435,-42.57756058921122
1.807065965145501,1.448511337934661,0.1143834856278483,-81.28870229978997
2.804502661847769e-15,5.45420511071481,0.009760641768827072,-34.98914514937032
0.8503662854898895,0.08308193688331755,0.3865817554136446,-47.10844937136132
0.1934747533548017,5.04570444038325,0.01234353381601183,-15.32627110778177
0.9219449823357353,0.02711224677157986,0.4346066005874535,-35.88281097097025
0.9114686747268546,0.0442472708983388,0.4166971192450958,-49.8547612311653
1.163116401543564,0.1300867916360744,0.3591710336885639,-62.11628373280332
1.094739936583136,0.04759549866913915,0.4136506954406921,-63.48102606708638
0.3895368733811853,2.493091132374595,0.05717347143392332,-23.42471955242219
0.7289523986036227,0.4447630757741479,0.2524162177167394,-64.57599915738274
0.1830668071100716,5.5217948465143,0.009390489878490171,-15.16272346410118
9.555848176237971e-17,10.33070764966712,0.0006541751697362597,-12.86208490669935
5.840566125974614e-16,5.17224600261595,0.01147526218446754,-19.32468469943406
1,0,1,0
0.1542325840473052,7.218480948265704,0.00360783727114844,-12.88670881759217
1,0,1,0
2.731941657024047e-16,7.046701032631894,0.003970568649657114,-11.01916538207721
0.1898320707981014,5.207515432393201,0.01124472554172362,-21.88185562712108
5.840566125974614e-16,10.97198703844134,0.0004624976179994356,-45.77876667189303
3.17603086687411e-16,10.26824752394984,0.0006766964854906243,-11.54381258329135
5.840566125974614e-16,10.26813777720905,0.0006767367400422608,-25.37976425164193
3.17603086687411e-16,7.14019820679091,0.003768741377277451,-15.01736890585733
0.1935673440685205,5.041716388731544,0.01237198092136282,-30.0084544845309
0.1830536180157102,5.522446745922458,0.009386991277511469,-16.45621400616574
5.840566125974614e-16,10.33070768290104,0.000654175157957182,-18.24929001323856
0.1928530761240264,5.07257308571716,0.01215363840888423,-26.89051861498659
0.1830397968681581,5.523109541458936,0.009383435579956911,-20.80074660610712
9.555848176237971e-17,10.33070764966271,0.000654175169737814,-12.16547118662933
1.158342796406513,0.1232668236360723,0.3627590070809572,-73.06123280009132
2.449231293967717e-15,5.455153366604065,0.009755345714039465,-49.72376036036625
0.3960019239634804,2.391394407977629,0.06100237986005397,-33.75854799066291
0.6332427092638276,0.7320819257534055,0.1961045933349272,-38.47446078641086
0.1946440325165401,4.994474957247768,0.01271418355149373,-13.38501813583472
3.17603086687411e-16,10.3640096363152,0.000642479066085444,-11.43031157460555
0.193474741797983,5.045704644605841,0.01234353236101476,-15.32583322945483
2.287852447174094e-16,10.36400829952197,0.000642479531311968,-18.22151399237096
3.17603086687411e-16,10.3307076496692,0.000654175169735538,-11.75955616509325
3.17603086687411e-16,10.54366789145913,0.0005829340997841048,-25.11798041669655
0.2435916832482092,3.382668586451906,0.03294264858768553,-30.67536805130034
1.159219287265266,0.1245091446341036,0.3620972496095413,-61.90917648217438
1.169460016471441,0.1393109385675189,0.3544834978502676,-83.42615384067288
1.812667077328842,2.632377781477572,0.05235240175221639,-100.1879361678224
9.682324783204268e-17,5.453970908616576,0.009761950256447327,-22.02716304780027
0.395823685669756,2.39414415271014,0.06089519366115703,-28.25727346152301
1.470885773701142,1.049033866364567,0.1528648505581071,-81.16328763703801
0.211535519283947,4.341021652342221,0.01860229609141351,-36.34874108517364
0.1897227274319148,5.212505151144384,0.01121250019085257,-30.17910251184373
0.5845823773090424,1.040573477059979,0.1538440669424632,-53.22636479294214
0.6034377449937931,1.214682842540526,0.1352033380432663,-66.84050940261933
0.2119431002423706,4.326705522734237,0.01875939857669778,-28.01627695123187
1.038263951005382e-15,5.451021743597522,0.009778442774856178,-67.27759261661235
3.17603086687411e-16,10.87062435973016,0.0004885079339262965,-12.87031500122822
0.8480212039766942,0.1146631795520108,0.3674481877115789,-37.28433278643945
0.3666740514190905,1.446551981244475,0.1145410115747368,-24.21090594576811
0.9520581952263475,0.01469586562761549,0.4517558153082256,-56.51736669955989
3.17603086687411e-16,13.27843940893159,0.0001342379443546871,-21.14698443465576
1.353075884438774,0.578837462845172,0.2233841797577619,-71.41948122247412
0.7290160285004448,0.4445048705053836,0.2524780610393306,-36.63454708009014
0.1886059441275026,5.264382819443959,0.01088306964783509,-17.23509477881547
2.449231293967717e-15,5.50964161071785,0.00945596087321704,-45.60584858058073
0.189726104978055,5.212420594564566,0.01121304548904689,-15.4739271590712
4.0479524494288e-15,5.509243474232122,0.009458113644906452,-39.77845595280674
0.1505277065328195,7.491592738227816,0.003099385254450804,-28.98096132518117
0.8469262322622577,0.1165193491978869,0.3664203165293782,-36.94951952370442
9.555848176237971e-17,10.87587232285598,0.0004871256557080761,-26.99433533405904
0.7795372978978325,0.2694976833539329,0.3018344648565401,-42.14117203202392
0.1982735435167028,4.844876175258378,0.01386419156760998,-20.79698734392721
9.555848176237971e-17,10.98275045106014,0.0004598192131055612,-6.356398198436534
0.1505804521945362,7.487643641975936,0.003106189784201463,-40.40767173632596
1,0,1,0
5.840566125974614e-16,10.08138686558463,0.0007488728043660298,-25.77805165317693
0.3664049089524009,1.449089187489108,0.1143370781868854,-39.90635879626618
9.682324783204268e-17,12.76835786850479,0.0001762660913801617,-34.59710129354499
0.1946262707544674,4.995114181022288,0.01270948819775269,-27.34657242004337
1,0,1,0
1.028145822447522e-15,10.1000528737798,0.0007413253516042606,-42.69244589529153
3.17603086687411e-16,10.87590113328353,0.0004871180781610418,-13.17560848895698
0.5938489683487612,0.9748663425123851,0.1617347592677452,-50.31259731694755
1.406691051767015,0.5202638811380922,0.235364569782003,-47.72175564082779
0.6014132870887982,0.9247200057317713,0.168119348633444,-45.11561335987468
0.7314932373707347,0.3259638662466529,0.2840227155398463,-48.87998786125598
0.3870585284622974,2.533965850430661,0.05570993237129757,-22.7319029123571
1.463490401363047,1.023767751384412,0.1558134760652913,-83.99356670471882
1.022662670486201,0.003483311406142775,0.4764682543908209,-68.5578631215317
0.560451426750936,0.8199150531728492,0.1826025017534993,-32.12745705690343
2.804502661847769e-15,4.851451328652702,0.01381144038043586,-4.551603005189077
9.555848176237971e-17,8.206819175535646,0.002086662296517772,-13.3279679180763
3.17603086687411e-16,7.053613828092384,0.003955274954621557,-12.10549992030659
9.555848176237971e-17,10.08142655771594,0.0007488566728839907,-13.12424054760589
3.17603086687411e-16,10.36400964678791,0.0006424790624408039,-26.733594439055
9.682324783204268e-17,10.10016615338169,0.0007412797838286522,-24.52430776004155
0.3870860572433502,2.533522490614601,0.05572558399735039,-23.42972831254833
1.218181076459061,0.1822311857546168,0.3347313825772585,-62.08065828893162
0.8766700450267796,0.1084898983016842,0.3709349791724567,-54.51082213274076
0.2798616232995151,2.596419198881282,0.05355273052206339,-14.09560120891554
0.9148864337072118,0.04068129952682398,0.4200771725480336,-45.74089116103446
1,0,1,0
3.17603086687411e-16,12.76729515823033,0.0001763662614943096,-13.07856505758516
6.728744545674702e-16,10.3307076600771,0.0006541751660466555,-32.92722799152565
5.840566125974614e-16,10.87588190302211,0.0004871231359765971,-19.7374132851212
3.17603086687411e-16,7.053613828092399,0.003955274954621502,-12.10574851809308
1,0,1,0
5.840566125974614e-16,12.76788460279075,0.0001763106938919567,-28.78948160437086
0.7332282691011544,0.4274283192272321,0.2566267691812355,-59.52971359244713
3.17603086687411e-16,8.6819288576121,0.001606903366913714,-18.94630583319388
0.5953024409380722,0.9646844704670912,0.163004722069915,-72.65159418435124
1.290496094734736,0.4178668890508845,0.2590016743792029,-66.09707375056824
0.5673178320136769,0.7819339743156419,0.1882751568180803,-24.5899584327656
5.840566125974614e-16,10.10015565295604,0.0007412840076034821,-23.34541871212088
1.028145822447522e-15,10.10009448915972,0.0007413086111002221,-49.03890998835965
2.804502661847769e-15,5.449452171635585,0.009787231982171796,-47.67125273672895
0.1578689587523436,6.968989328168504,0.004146716275985785,-35.05514850770756
0.1978445674232373,4.861240972607035,0.01373328648144984,-39.68019963742329
0.350702395930366,1.60503325084813,0.1025956908821884,-29.05564333968869
0.3626881491993558,1.484561545264057,0.1115310939264481,-38.04201015771284
9.555848176237971e-17,13.72110514776357,0.0001060290284326526,-12.72053595116004
3.17603086687411e-16,7.140197357047416,0.003768743163100996,-15.0198372031427
0.3852584972193813,2.563585813541138,0.05467515233861919,-24.48776532747933
9.555848176237971e-17,7.140262978033888,0.003768605256378066,-12.31918635252088
0.5608895617599788,0.8174574124842451,0.1829623045005189,-36.04560260919022
4.004733053112191e-17,8.681065463175582,0.001607664794927188,-5.65967864922751
0.5945428669294248,0.9701148949692069,0.1623257630771969,-27.63262110409866
0.6080882316470838,1.174685339854705,0.1392203083343567,-74.89943921581173
1,0,1,0
5.840566125974614e-16,10.10005324510572,0.000741325202230303,-27.85262882143806
1.226797042818343,0.3115849371232855,0.2883546146639369,-68.72751500007023
3.17603086687411e-16,8.681815153664068,0.001607003621528602,-24.18147365298957
0.1885407410543735,5.267359797158591,0.01086447229345011,-36.63409404175206
0.4232409477447274,2.007772728449268,0.07824746161315532,-38.58298858831217
0.7745566835393415,0.2842783320040922,0.2969553298447842,-34.66544860420703
0.7295754205541927,0.5528235296392126,0.2285831455547874,-51.49284134184513
9.555848176237971e-17,7.132954824933417,0.003783995558635955,-5.81172246113753
2.804502661847769e-15,4.848279087631875,0.01383686454165584,-4.551603005189077
0.1888832984624842,5.251760643886087,0.01096228809717092,-24.46092112394152
0.9772740139188788,0.002656632433783557,0.4794466062818241,-61.98919829336392
0.3803417080437537,2.647138064563215,0.05186825311599563,-22.1854903541577
2.287852447174094e-16,10.89941877330016,0.0004809721958439761,-39.49910676937174
0.8038637017010232,0.153771016300368,0.3474786885192869,-94.82929399438194
0.5860931517606541,1.029605223845081,0.1551257036605122,-50.00853191706403
0.211497716378411,4.342325828207905,0.0185880529700288,-25.23935218798567
3.17603086687411e-16,13.28079230926652,0.0001340695765961741,-27.55730139745675
1.352025700051975,0.5760115785845983,0.223939957530676,-68.98983272658292
6.728744545674702e-16,10.33070765994712,0.0006541751660927297,-42.09181812268951
0.5463913288984987,1.352614639267216,0.1224107708689521,-47.49781416430309
1,0,1,0
5.840566125974614e-16,10.87586258996853,0.0004871282156210799,-34.24626700663214
1.323352733604819,0.5009278363059479,0.239546361243812,-61.64417900696979
0.9498435880681589,0.01345010939694191,0.4538363334525801,-46.12631991150358
1.094530413321028,0.04740548351566076,0.413820521714477,-55.50860419187308
0.1565360193710315,7.060039327099602,0.003941113363916671,-42.66182298193458
1.094587159294138,0.04747707429953607,0.4137564955799405,-53.32407013441931
0.6348196907109623,0.7234570417998469,0.1975061363845052,-57.40866077228153
0.7292992706169007,0.554224860860856,0.2282982691761794,-55.74535873820364
3.17603086687411e-16,8.681928819542101,0.001606903400479587,-18.53890049635834
0.2835454533791187,2.528813424872745,0.05589212394728743,-23.15723088574818
0.4232646156889055,2.007458189179147,0.07826368967008895,-33.27296289706255
1,0,1,0
0.386393310813211,1.272886811684032,0.1296129069418006,-37.09946731346586
0.1546664378057888,7.182870468119262,0.003680142894151694,-39.65560082702725
1,0,1,0
1.028145822447522e-15,5.453828624427999,0.009762745287055397,-46.90264076805149
0.5792015840745143,1.080735460695948,0.1492665433704251,-46.49283638194906
0.6354606918840114,0.7199978340646993,0.198072309834078,-40.69843724350765
1.274336384008355,0.3248495516470769,0.2843538570840548,-84.55635792459491
3.009078364513472,16.44526250953908,2.503758223670882e-05,-173.1061878385805
3.530464468795944,19.53343558877725,4.942709128707978e-06,-145.2566666972613
0.2800096401277637,2.593694690611926,0.05364489962766245,-28.84647113633757
9.682324783204268e-17,7.053613827909771,0.003955274955024735,-24.36868001547711
1,0,1,0
0.4233405942467944,2.006478799552426,0.07831424391559466,-55.90940443027892
0.2002328354389039,4.768352938067039,0.01449377257682732,-26.10434786164142
0.8764581834594457,0.1088966109135754,0.3707019210853195,-66.84378216627515
1.059408378800579,0.01629595759082747,0.4492107559615869,-60.88955569137293
0.2435607973114033,3.383460837093494,0.03292681919130636,-28.00133044353407
3.17603086687411e-16,7.053613828107583,0.003955274954587973,-12.800057896425
0.198134370412787,4.850045612614835,0.013822700594815,-49.65234977166536
3.17603086687411e-16,10.26825141891197,0.0006766950568826702,-11.56216220935884
0.1831057441358315,5.519807494555351,0.009401163875779883,-19.7175197229422
0.211523404675183,4.341467943894017,0.0185974207810386,-20.52537678779605
1.510653489353208,1.48719386769443,0.1113261790479007,-93.39280579497664
2.731941657024047e-16,9.448214715157356,0.001056773625177421,-11.09389069158763
0.5943071641438274,0.9717269050687207,0.1621249355770089,-39.54520973927183
0.7726568559594152,0.2900182688654525,0.2951044117145796,-69.616245831168
9.682324783204268e-17,9.971892936795754,0.0007947399676711542,-60.86100484172395
9.682324783204268e-17,10.36400964668282,0.0006424790624773857,-42.48150791755889
9.682324783204268e-17,5.454582860015847,0.009758531664718906,-22.36222196514459
1,0,1,0
3.17603086687411e-16,13.28079238880684,0.0001340695709080575,-20.42797207593122
0.1982745403177573,4.844826563948672,0.0138645903853109,-28.45738224461837
5.840566125974614e-16,10.54366782921797,0.0005829341194146798,-18.0920167065603
9.682324783204268e-17,10.54370022327619,0.0005829239025570421,-25.87495873285922
0.1885244739837189,5.268099171723776,0.01085985848112825,-25.30794146126528
0.9753344582679772,0.002512223288192672,0.4800125507498621,-64.88839555912254
0.3874148738754585,2.528154618944811,0.05591546681113524,-40.1736102787396
1.171361404936018,0.1896457236962306,0.3316058211482995,-71.19044363389635
1.649271481706266,1.915672137611068,0.08316727369591098,-91.50379532616034
0.183190946966632,5.515728568417231,0.009423110928031553,-29.09415686171532
2.287852447174094e-16,5.694353867244004,0.008509788718126021,-19.88665345467271
4.730343101349462e-16,5.697762576187255,0.008493276723863852,-12.69126146984859
1.023649976614415,0.003788378726142128,0.4754606747099911,-88.25242177095176
0.4012575264372689,2.313926520480877,0.06410989585964788,-50.83385633034261
2.731941657024047e-16,7.04669557412306,0.003970580749790398,-11.71349466982665
5.840566125974614e-16,5.698898434805905,0.008487781899799984,-20.07622628931297
0.1947958045438769,4.988033030117357,0.01276160275933214,-14.92140018567509
1,0,1,0
1,0,1,0
1.651468969115513,1.925103953417306,0.08264754694936904,-81.97833768289374
0.2833460529553407,2.532366322473795,0.05576642217587163,-14.34130586416056
0.7723816872546357,0.2908570572983535,0.2948359153330496,-45.25906207703688
0.2302862276890042,3.744502542298655,0.02649074794775136,-21.88266201501676
5.840566125974614e-16,10.36400964672818,0.0006424790624615651,-25.33702471311035
0.4522462520143363,2.502520803821284,0.05683211623227735,-88.38859984042516
4.716761712394217,33.45670364768273,3.643409185460911e-09,-189.0545613590932
3.17603086687411e-16,7.140107625629888,0.003768931747795135,-12.31814760245661
1.430491301997278,1.025285282028221,0.1556342988047747,-69.57235766613731
0.2834735890655904,2.530092515406615,0.05584683373736904,-29.72688903179035
0.1457140077560699,7.865341516426184,0.002519565399078327,-21.46954992277113
0.2115016407930751,4.342267886582491,0.01858868551762133,-34.840131678327
0.4238092038922133,2.000502394004116,0.0786235400302277,-36.17175795437527
0.2302997407841464,3.74414119804571,0.02649647650783238,-17.44457563631072
0.4235477769305765,2.003756966931846,0.07845493475003246,-57.44742096076429
6.728744545674702e-16,10.60627073246677,0.0005635238687878852,-59.98510909120309
5.114956077737342e-17,10.10024772132325,0.0007412469741205352,-11.22443613934039
0.154084621584064,7.228468081490412,0.003587820644809947,-22.03265633153048
1.461894771758367,1.018263887535682,0.1564655870987208,-101.6371600120881
0.1544754095337417,7.200612716128525,0.003643934710698182,-22.26628573682527
3.17603086687411e-16,12.66026376557247,0.000186754758399188,-24.29810353255245
0.3772850227755751,2.700944733717904,0.05014440185140301,-50.94196058727958
9.555848176237971e-17,9.448214697438452,0.001056773635386532,-11.09345662857336
0.192781431844285,5.075688625963551,0.01213181617755676,-36.57079072378746
0.6080787153100892,1.174801449917283,0.1392084318982516,-48.15073798360778
3.698850597779272,23.05063308638461,7.889527119386841e-07,-145.5100027826072
1.406093077374473,0.4151137732019805,0.2596926506933434,-56.78913510456504
9.682324783204268e-17,10.10020698538207,0.0007412633594714446,-25.6237598379417
5.840566125974614e-16,13.28031913575737,0.0001341034186207457,-20.06429183316488
9.555848176237971e-17,12.65910959094379,0.0001868700835651604,-12.67573213507374
0.2370039465786423,7.110126657697073,0.003832484686152937,-21.69862619728014
0.389473294430088,2.494090425803613,0.05713719002341761,-30.31812713737195
1.028145822447522e-15,7.053613828030734,0.00395527495475767,-32.09258501865005
1.416876431936708,0.5409305610618986,0.2310236637593258,-43.20188591884379
1,0,1,0
0.3873120622884802,2.52983740180786,0.05585586360775424,-23.42908561097549
1.100308334386371,0.02652313469968703,0.4353146288337195,-75.10997097524188
1.161594979460028,0.1278985987563317,0.3603104356621205,-59.31562393130758
1.389559422012872,0.6790952526196179,0.2049492224178637,-97.06065255197382
0.1885497140032751,5.266949969556336,0.01086703055581117,-45.21840960012639
3.17603086687411e-16,12.76788599419464,0.0001763105627436423,-20.42729210062338
0.7327759146506271,0.4292385801964258,0.2561814010247607,-45.20702939739677
1,0,1,0
1,0,1,0
0.5812235351032666,1.065622260402662,0.1509681856805932,-37.44944520223823
3.17603086687411e-16,8.681985810775512,0.001606853152775145,-12.20614892121979
3.17603086687411e-16,10.10012519861444,0.0007412962579381177,-31.02624124793509
1,0,1,0
1,0,1,0
5.840566125974614e-16,12.76800569151069,0.0001762992809083985,-25.38921088330992
9.555848176237971e-17,10.26827988806742,0.0006766846149581229,-12.25681371462717
2.804502661847769e-15,5.454112519244291,0.009761159055897639,-49.7543591270726
0.3865099342727052,2.542959953478146,0.05539346194794859,-50.62076419370927
0.7720344870367476,0.2919168320277521,0.2944973948646579,-46.49909579134368
9.682324783204268e-17,10.6062707316762,0.0005635238690288036,-51.46573325489861
0.1579312024928456,6.964762871102891,0.004156522451770062,-26.05467321788877
0.2836216966153731,2.527466002506635,0.05593987739602924,-27.56538735775518
2.731941657024047e-16,10.98275042034875,0.0004598192207254659,-12.99195882858557
3.17603086687411e-16,8.681900533390902,0.001606928340244396,-25.56939309017477
0.9118852243556098,0.04380544087361216,0.4171080040980409,-52.52297639736729
0.2370641735339967,7.106880623277576,0.003839430964893253,-19.61653471330127
0.3959909162372526,2.391514728695867,0.06099768533504257,-39.02833436085511
0.9509644473408047,0.0153974913611421,0.4506233426435774,-56.32987734363588
0.3894736045595903,2.494056195981713,0.05713843238771954,-35.47760814057273
1.645685675136605,1.900466283686086,0.08401306820645921,-79.02969521727194
0.9431396878606205,0.02093291069240877,0.4424809354274524,-62.96036101667803
0.4874352609519226,1.330252390756726,0.124380161118666,-32.03651596144901
0.1505154146338481,7.492512914919374,0.003097801921362942,-28.16815770254291
9.555848176237971e-17,10.08138801227674,0.0007488723383280993,-11.51183051873763
0.5955467905262909,0.9635266278417092,0.1631499715180283,-29.91220527804525
0.396575062065848,2.383215796799959,0.06132242384392944,-46.27668319657778
1.028145822447522e-15,7.140109157544074,0.003768928528155469,-20.20631559161423
0.1830497102118129,5.522529856300871,0.009386545339154007,-26.16135583189855
0.9691620451629713,0.004948177104708407,0.4719602174941791,-47.30986580753745
1.516623906575223,1.211957710585381,0.1354723743458381,-81.13104722382154
1.158318104420443,0.1232332897564277,0.362776921672017,-115.1468721029851
0.9530509165844547,0.01173123735429726,0.4568745633618474,-82.0221254368269
2.208523108676195,5.865719618594881,0.007719273005142357,-97.40913110048108
5.840566125974614e-16,10.87588067266557,0.0004871234595786311,-19.20774284863096
0.5842643701374888,1.042888815251061,0.1535752802428678,-58.51757928998124
1,0,1,0
0.1934831277614898,5.045343409751183,0.01234610628050042,-15.71683633860645
5.840566125974614e-16,10.87588188046779,0.0004871231419087407,-27.68386947872821
1.028145822447522e-15,5.704185550142611,0.008462253196221736,-55.21603693903148
5.840566125974614e-16,10.3307076496661,0.0006541751697366482,-20.05888393885728
1.323376885093687,0.5009914080385727,0.2395324148874767,-82.57168267152539
1.483454588045227,0.9559309506674083,0.1641071027846623,-87.13877321300315
3.17603086687411e-16,13.28067453896675,0.0001340779988863727,-21.29746567230163
0.1820251518561916,5.574119093801066,0.009113916085137619,-29.59515725550264
1,0,1,0
0.1946489881383121,4.994132924438603,0.01271669665879888,-32.7829500129322
2.287852447174094e-16,10.33070768289571,0.0006541751579590693,-28.90920630181544
6.728744545674702e-16,13.72099157192791,0.0001060354403006336,-40.83632376602829
0.200576232428098,4.754688091077909,0.01460929393392557,-47.70448165423585
1,0,1,0
3.17603086687411e-16,8.682017650252302,0.00160682508142268,-12.91327139203654
1.011609566085994,0.0003962953327345531,0.4920587135722057,-60.26733184732514
0.1945937596583494,4.996563777178352,0.01269884700655244,-35.30394525290745
0.6818513543116785,0.6992350190144663,0.2015204292107357,-53.46427619468003
0.7603294763239006,0.3292804153242912,0.2830415565737903,-37.09494923936085
0.5713348477994182,1.141955888839178,0.1426197087482714,-59.33697854537017
0.3966782152353044,2.380813590350229,0.06141678001822626,-50.57691556835372
5.840566125974614e-16,10.33070764968847,0.0006541751697287101,-20.67764267404175
0.1982752308416306,4.844815520819573,0.01386467916095402,-15.33370972148045
9.682324783204268e-17,12.77047937203349,0.0001760662919394473,-33.09969928687119
0.8479661941021304,0.114754744488593,0.3673972661317768,-47.26957631560576
9.555848176237971e-17,10.87587227772311,0.0004871256675787472,-19.3325001519631
0.1885685634901197,5.266092238791828,0.01087238677845048,-42.78426302437447
1,0,1,0
0.5670869710188619,0.7831750267920441,0.1880859296773515,-29.68449602806041
9.682324783204268e-17,10.36101119987412,0.0006435234301755965,-24.50336328994706
0.2115742447128764,4.339609292745919,0.01861773359926949,-33.24915740933463
9.555848176237971e-17,13.71439225514801,0.0001064086730991343,-19.05513778649429
0.5825499497504801,1.055814461766232,0.1520858771032344,-38.70358907901694
0.4238605542562314,1.999832047243252,0.07865831891443809,-24.79380464176306
0.3633196314011658,1.478427969073415,0.1120103216217505,-24.98493487329894
0.1581397927880242,6.950812426631604,0.004189058838903581,-14.0659505953609
0.3669437676431366,1.443992430145386,0.1147471848120972,-45.36323912644237
9.682324783204268e-17,10.96665073834607,0.0004638313645454195,-23.27628819464322
0.1939860314663448,5.023770485066166,0.01250083520576367,-44.89331223402073
3.17603086687411e-16,12.74893330727379,0.0001781061273765094,-14.61641861055219
2.449231293967717e-15,5.500995142444069,0.009502827468137076,-35.4379240074334
0.152146363321825,7.371549263280244,0.003313191037936813,-27.85214035999486
9.555848176237971e-17,10.24372146183466,0.0006857530567758174,-4.99827559877117
2.526152946761389,8.363890825432151,0.001913750843692774,-120.8007572955801
1.028145822447522e-15,10.58547397252646,0.0005698983569855098,-34.38302959754792
2.509897052099161e-16,8.192304358037145,0.002103422733686244,-6.374530306664532
0.3974631472623324,2.369642108905097,0.06185770567078208,-35.42755245090627
0.3511348149722213,1.600522787007542,0.1029145699975071,-16.7430434328385
0.2440402410747161,3.371273791585452,0.03317122110799531,-45.46460613461955
0.1582211023604514,6.945271865444056,0.004202053190359989,-26.74454038963154
3.17603086687411e-16,13.25475106684037,0.0001359449439122806,-26.06378942812042
1.028145822447522e-15,5.441363657026656,0.009832655290843151,-34.57139120045295
0.230724018389838,3.731848555041584,0.0266921409506411,-15.7438134927966
5.840566125974614e-16,13.25451296641396,0.0001359622122142357,-13.93550168549782
4.730343101349462e-16,10.96121516735641,0.0004651939207552247,-28.11545061924008
9.555848176237971e-17,10.06203048156312,0.0007567816127548865,-5.866751520775246
2.287852447174094e-16,10.97198705972811,0.0004624976126867963,-20.33362900974735
9.682324783204268e-17,13.26777686983245,0.000135003604743722,-28.21606054095117
3.17603086687411e-16,8.673420046223555,0.001614423311517899,-11.69129969351833
9.555848176237971e-17,10.0715079319685,0.0007528987157117695,-11.51073737726148
9.555848176237971e-17,10.09038989514973,0.0007452228344614897,-4.719032423834737
3.17603086687411e-16,13.26329423166717,0.0001353268089633874,-13.92822792113128
5.840566125974614e-16,13.28031847064736,0.0001341034661964113,-36.39001613692866
1,0,1,0
1,0,1,0
1.028145822447522e-15,13.27654009049701,0.0001343740103551538,-73.51577559108885
0.1184547997410392,10.60581562481467,0.0005636625905190429,-16.31722488028788
0.7720382456478204,0.2919046161595702,0.2945012924153683,-45.33377635764239
0.1831588823967911,5.51730963117717,0.009414597592881602,-15.77691297327382
3.17603086687411e-16,12.76847392205439,0.0001762551557527581,-11.98268320506488
1,0,1,0
9.682324783204268e-17,7.053613827968015,0.003955274954896115,-18.4397869990798
1,0,1,0
1.028145822447522e-15,7.053613828078575,0.003955274954652033,-26.91793483095969
3.17603086687411e-16,10.54369655253235,0.000582925060274686,-25.52455937061248
9.555848176237971e-17,10.54384267963406,0.0005828789749761087,-13.16122723826701
9.682324783204268e-17,5.704416967917318,0.008461137612221892,-19.19582566998578
9.555848176237971e-17,10.26830826863151,0.0006766742056895092,-5.001291757429076
0.395740385791732,2.395413109049443,0.06084579962588843,-47.60188176540895
0.3504245729259378,1.60799100068779,0.1023872178107859,-56.20429790794591
1.028145822447522e-15,13.27736455681458,0.0001343149290298773,-68.57049192323917
9.555848176237971e-17,7.140197324243001,0.003768743232042904,-15.01997117060957
3.17603086687411e-16,12.76953462071727,0.0001761552387186116,-19.18379104484772
1,0,1,0
3.17603086687411e-16,10.98275042036374,0.0004598192207217466,-11.60155162180312
2.449231293967717e-15,10.9827504506072,0.0004598192132179157,-85.81642807692909
3.17603086687411e-16,10.92031907742662,0.0004755761284974125,-19.80762343221085
0.3673561469079347,1.440210270091001,0.1150526586352461,-31.850755385725
2.731941657024047e-16,9.448245448762901,0.00105675591751403,-11.95658919339543
9.555848176237971e-17,13.72113360289735,0.0001060274220732738,-13.41530978179323
9.682324783204268e-17,10.33070764970397,0.0006541751697232145,-17.27977978724024
5.840566125974614e-16,5.704534430740459,0.008460571423155594,-14.25080396116639
1,0,1,0
0.1820472429381965,5.573028435171125,0.0091195943530063,-25.40668105273302
0.1983181492694967,4.843047556429028,0.01387889944391146,-24.43904454513017
5.840566125974614e-16,10.92017695963114,0.0004756126131784666,-32.07186325153517
5.899863443758522,54.50352951776557,7.760458942129844e-14,-178.0849591975461
1,0,1,0
5.840566125974614e-16,10.33070768287197,0.0006541751579674515,-33.5136872638419
1.028145822447522e-15,10.26796305288352,0.0006768008330465536,-37.06512247095258
5.840566125974614e-16,9.448173869257523,0.001056797159668332,-17.59799953890867
0.3854485462608845,2.560430636351882,0.05478436692547173,-28.35456782756729
1,0,1,0
3.17603086687411e-16,8.207559338320181,0.002085811272942883,-14.13910050009851
0.3859129535815626,2.552777128718617,0.05505028630108355,-36.64301407679351
0.39668172330964,2.381596324134478,0.06138601737276589,-22.02600119062645
0.1978946414955003,4.859252280025032,0.013749125543218,-12.95640916059512
5.840566125974614e-16,9.448081497689294,0.001056850384053287,-29.0406739138309
0.1184397701742958,10.60770376774796,0.0005630872897045558,-14.46758986762171
3.17603086687411e-16,10.26825163700485,0.00067669497688988,-19.5147397214191
0.3870643608710209,2.533877236445448,0.05571306026283235,-38.4460035100449
2.804502661847769e-15,5.704452421856573,0.008460966714605667,-33.1296778404496
3.17603086687411e-16,8.682014252503478,0.001606828077032496,-12.611869991065
0.3870879349242665,2.533495539838796,0.05572653557804319,-21.46105381679515
0.1818142768600705,5.582544124172024,0.009070175908698463,-30.99531221304985
0.5827096757831414,1.054438444000823,0.1522435416712637,-51.44978687347896
0.1509155779166052,7.462686603038804,0.003149546359706157,-23.83644063904011
4.730343101349462e-16,9.448133048019017,0.001056820680480963,-17.37506441587648
3.17603086687411e-16,10.10017631306837,0.0007412756971386103,-30.15999224850506
3.17603086687411e-16,8.682042642845918,0.001606803046990624,-13.30451213339235
0.1946785588353209,4.992983029280111,0.01272514936821378,-32.10538525532937
5.840566125974614e-16,10.54358265380165,0.0005829609840051209,-31.63841604722828
2.804502661847769e-15,5.454403662855412,0.00975953259960588,-59.66366177191384
0.1978720893603578,4.860069583476033,0.01374261378210589,-34.67684560788916
0.2115517376837916,4.340496219056568,0.0186080376657638,-23.71481822896286
1,0,1,0
0.1542954036130809,7.214026123563926,0.003616802582408374,-16.53303669384404
0.1978584535892648,4.860671522076011,0.01373781996434126,-20.60308369062982
5.840566125974614e-16,10.26822310326157,0.0006767054426663477,-18.8188268008371
6.728744545674702e-16,5.172260072139821,0.01147516924950837,-26.94472709206209
3.17603086687411e-16,10.26799578057632,0.0006767888272891098,-30.55456488045576
9.555848176237971e-17,9.448255533339642,0.001056750107187754,-4.588893678034892
1.038263951005382e-15,9.446935954611604,0.001057510670523287,-161.8854773772146
0.3858900438696347,2.553157277705935,0.05503704466929477,-29.67633033323518
1,0,1,0
1,0,1,0
9.555848176237971e-17,13.27487860003708,0.0001344931524996373,-6.446750229917908
0.4607750416057538,1.579809831577421,0.1043940439548953,-51.77729804043497
1.028145822447522e-15,5.457841357398934,0.009740349294801443,-49.79534281357728
3.17603086687411e-16,10.92011976889891,0.0004756272960624863,-23.53397328490541
5.840566125974614e-16,10.08138227783238,0.0007488746689205961,-25.84135333288187
1,0,1,0
1,0,1,0
1,0,1,0
1,0,1,0
0.1820846714556747,5.571185260959069,0.009129198728520527,-37.35952421742066
3.17603086687411e-16,10.10024763230177,0.0007412470099275037,-11.22242214741937
0.7313707558912405,0.217569308006432,0.3204491288908881,-68.59862865876185
1.028145822447522e-15,5.509473524851302,0.009456869671882084,-28.92482540098467
0.3858882489419878,2.553186742774159,0.05503601846642198,-35.64489408173307
9.682324783204268e-17,5.452979414285174,0.009767491746495272,-27.86650295477497
1.028145822447522e-15,5.510129534225076,0.00945332330273424,-14.37424094517917
1,0,1,0
9.555848176237971e-17,10.26819460573249,0.0006767158953235319,-18.12333299794605
9.555848176237971e-17,10.10022726878589,0.0007412552007656781,-10.81896077979295
0.1579082494192248,6.966407950460709,0.004152702741036185,-14.8402760264179
9.555848176237971e-17,10.33003706224059,0.0006544128896892598,-14.90694249896518
2.449231293967717e-15,5.50695252023516,0.009470510952054756,-39.81757426649886
5.840566125974614e-16,10.92014847795935,0.0004756199253738158,-24.06122729512688
0.2833149238145085,2.532922424273004,0.0557467754344329,-21.58085998451229
5.840566125974614e-16,10.54369586139718,0.0005829252782523775,-25.990210905095
9.555848176237971e-17,10.92020889782059,0.0004756044137148585,-10.77764721180683
9.555848176237971e-17,7.140418414908464,0.003768278616370802,-12.31985433773636
0.5843539897313463,1.042245631010857,0.1536498860864868,-35.42240739387687
6.728744545674702e-16,10.36400964679547,0.0006424790624381393,-27.90082630940014
2.287852447174094e-16,9.445517354622503,0.001058328925767182,-19.17381838371366
0.981226785359598,0.001803423396552262,0.4830633155900395,-61.45749779630805
6.728744545674702e-16,5.172202737648,0.01147554797216327,-19.74687607977853
9.682324783204268e-17,7.053613828065565,0.003955274954680732,-18.96973938605965
1,0,1,0
0.6345773364809437,0.7247761918462317,0.1972908432605373,-60.40849509159617
0.3860626030643896,2.550320066315678,0.05513595706858776,-37.34735057477045
0.3160000151456305,4.045030452915697,0.02215078970334045,-26.32176558766067
1.024172567899624,0.003954924889370659,0.474927768206289,-81.91765659122878
5.840566125974614e-16,5.704493554462026,0.008460768448737777,-20.08269481060427
4.936130869128893e-15,5.213907153135693,0.01120346280277473,-96.37617899531679
1,0,1,0
0.5846174349981743,1.04032612347649,0.1538728182042577,-47.13906286218366
1,0,1,0
3.17603086687411e-16,10.98275045105325,0.000459819213107282,-29.73425107599176
0.6351228099358608,0.7218178516950218,0.1977741337657618,-50.69208468726121
1,0,1,0
1.592662055326012,1.489207694856759,0.111169715607854,-65.27375154897886
3.17603086687411e-16,12.76812050426355,0.0001762884601421155,-24.98942864940389
3.17603086687411e-16,10.26821940107768,0.0006767068005874566,-18.57597453512824
2.804502661847769e-15,13.27949508257927,0.0001341623766020206,-84.29904847645892
5.840566125974614e-16,10.87580322407783,0.000487143830142811,-31.87572617170514
1,0,1,0
2.731941657024047e-16,10.10022730579374,0.0007412551858799188,-10.81956485538501
0.230409414569191,3.740949914778334,0.02654712639897727,-15.63363554114219
0.2833153184498369,2.532908878396412,0.0557472539115535,-20.19409402928616
1,0,1,0
1,0,1,0
5.840566125974614e-16,10.87584210420802,0.0004871336037648999,-32.45048380283043
0.5495909556777825,1.323348193010716,0.1249960188504546,-47.26694002531128
0.1946260866991255,4.995138367081893,0.01270931057685337,-27.98621065768232
0.5802499047126641,1.072870976190416,0.1501489298282901,-88.69395571742326
1,0,1,0
1,0,1,0
0.7923138669072984,0.2341288028464419,0.3142395700968725,-43.4165990715928
0.1456807038435998,7.868017589782692,0.00251583929796273,-15.54256557114575
0.1928654799313694,5.072038391901771,0.01215738766686686,-47.09759270641804
1,0,1,0
0.1946676685770723,4.993466231447137,0.01272159670989226,-16.83804307449214
1,0,1,0
9.555848176237971e-17,10.33070768290105,0.000654175157957182,-12.7873458638211
9.555848176237971e-17,7.053613828026478,0.003955274954767052,-11.30868544041348
0.1830201428508819,5.524021360002223,0.00937854622299289,-29.09763012531322
1.028145822447522e-15,7.053613828053415,0.003955274954707599,-38.83389604473098
0.1885313161044554,5.26778689385462,0.01086180689605504,-49.66931043176851
9.555848176237971e-17,9.448214767549345,0.001056773594990679,-18.98643805008155
1.028145822447522e-15,7.053613828029228,0.003955274954761001,-32.09098228111399
9.682324783204268e-17,7.141077638073135,0.003766893625387624,-26.74847404881081
0.5942105569473296,0.972410355188174,0.162039889081601,-35.16802162492567
9.555848176237971e-17,10.10026833193141,0.0007412386839878993,-11.92166079687201
0.3645621048800698,2.932109653608791,0.04341697761470664,-35.2482307572377
2.731941657024047e-16,9.44813299778788,0.001056820709423978,-24.38942401652919
9.682324783204268e-17,5.172188748434877,0.01147564037979609,-20.01718783135199
0.3895738010223896,2.492506215333002,0.05719471984166896,-25.8080718501937
3.17603086687411e-16,12.65940290416264,0.0001868407688928042,-26.37560679422991
0.1980650626261112,4.852287198736729,0.01380474933024051,-12.95427151611486
0.3960472076308508,2.390700681571161,0.06102945463267712,-27.40878153053197
1,0,1,0
0.91737680422088,0.03819735915801914,0.4225236861320132,-48.96129584138973
5.840566125974614e-16,13.27713292456234,0.0001343315251711719,-42.68713727337091
0.1928531403491902,5.072573521556215,0.01215363535328251,-28.27897086984819
0.4234003198389898,2.005698878724544,0.07835452849731434,-63.13863025200927
2.804502661847769e-15,5.462822339853915,0.009712623134337184,-77.68854786878603
9.555848176237971e-17,10.100206820026,0.0007412634259839068,-10.53099640069327
0.2799737107183957,2.594338025841928,0.05362312014505149,-21.80638422945978
0.1934782126588138,5.045560137541568,0.01234456195546491,-14.05115183290753
0.4558384918963863,2.445410141786681,0.05893453675672861,-54.88291336252607
0.9930242062255177,0.0002462476385147738,0.4937399431206819,-58.42376330439714
2.287852447174094e-16,7.05361382810478,0.003955274954594135,-19.82377215562687
0.7012044808573094,0.2841807756673447,0.2969869949748406,-27.97149724360362
9.555848176237971e-17,10.08141693841248,0.0007488605822819627,-12.43003774928052
1.028145822447522e-15,5.510751586156147,0.009449961775840399,-16.16737762985861
0.1820168304502764,5.574533602506925,0.009111758996726671,-16.34384463494204
4.730343101349462e-16,10.08137710266725,0.000748876772217133,-25.36624463488219
2.731941657024047e-16,7.053613828026453,0.003955274954767107,-11.30924769235033
9.555848176237971e-17,7.140443025609976,0.003768226901311345,-14.32505480858489
1,0,1,0
0.3857377694994692,2.555668024860452,0.05494967636121145,-35.24169055710441
3.17603086687411e-16,10.98275045105918,0.0004598192131057832,-15.67860997542057
3.17603086687411e-16,13.72096660575343,0.0001060368498060904,-18.19811948944644
9.682324783204268e-17,7.141413505025426,0.003766188187814268,-28.75380579478595
0.7258101506375932,0.228929567081849,0.3161593383662414,-53.24554227666685
0.192803499586507,5.074717006903271,0.01213861733944271,-27.76313275232223
0.366439797414676,1.448761569215364,0.1143633866229503,-61.30036259095501
0.7713071205602411,0.2941436474100811,0.2937886689488161,-51.1560541752097
0.1928701146744296,5.07184565091233,0.01215873945552443,-14.77477542211587
2.731941657024047e-16,8.208399505242404,0.002084845694772686,-14.02494657526484
9.682324783204268e-17,5.454602037317159,0.0097584245530693,-17.0626223611623
3.17603086687411e-16,13.28031910683604,0.0001341034206894798,-13.94366779131306
1,0,1,0
0.1982742574391521,4.844862279621832,0.01386430327129523,-15.25808337157598
0.1456824220004658,7.867777906827442,0.00251617279776406,-27.97138805726255
0.2303275116472845,3.743235364130065,0.0265108428839626,-21.9878265159326
1,0,1,0
1,0,1,0
2.731941657024047e-16,10.87584209139557,0.0004871336071348153,-25.13527431281064
5.840566125974614e-16,8.208399460066246,0.002084845746679997,-18.80876912888317
2.934907695035677,11.45419591840977,0.0003566637418755958,-128.716775483768
1.84326498226458,3.689552579440118,0.02737715107413807,-110.4675901887614
2220.57483601192,33.71787522394265,3.185626928914331e-09,-26.03691274476676
1.47755220760735e-13,0.1823516953565125,0.3346799859634878,-4.580059777355284
0.7044590523737581,0.3643750385429598,0.2730432170413902,-67.38136031478587
2.449231293967717e-15,5.335715323805417,0.01044638218143956,-39.97198012340526
5.161723675125667,21.80379599072768,1.510010224470282e-06,-146.6263045465603
9.555848176237971e-17,10.87584338619497,0.000487133266576234,-25.6058411702836
0.1579264384317781,6.964427199318749,0.004157302289740095,-24.63784396397895
0.1542356164897655,7.21826130449589,0.003608278770410089,-12.88820544553515
3.17603086687411e-16,10.87576644841305,0.0004871535031971685,-59.39342821804674