dN/dS,LRT,p-value,Log(L)
1,0,1,0
2.193271428843833,1.444269164811956,0.1147248721517263,-38.27572956806981
1.270049994564971,0.1055383343542928,0.3726410026877453,-27.36355373082086
0.5433373954603726,0.4602311718244536,0.248757977292786,-12.48817154148112
1.192714803263022,0.02928246980930282,0.4320642278556106,-13.96904641405241
0.6726371498304896,0.1800482674133796,0.3356658818006632,-13.71888573557091
2.023775802264006,1.192351896103553,0.1374278319479909,-28.95930602549122
5.785409119139419,9.259063542807297,0.001171664059675281,-65.72112605217598
1,0,1,0
0.9573358115794259,0.001925940373702417,0.4824978219270976,-18.7156884505511
0.6722257701020001,0.1806433558027294,0.3354104663951251,-12.7153057429259
0.7550669160000508,0.08679246618526903,0.3841475875917056,-12.81319052040087
1.270443353934636,0.1058021724875573,0.3724874365901781,-25.35009319996333
0.6724103487687026,0.1803765964507917,0.3355248995600747,-12.1962861654714
1,0,1,0
1,0,1,0
1.270495782427024,0.1058371117433268,0.3724671161957216,-31.48418596057672
1,0,1,0
6.728744545674702e-16,2.975404321295667,0.04226950043695527,-10.808377359719
1,0,1,0
1,0,1,0
1,0,1,0
1,0,1,0
1,0,1,0
0.6391480367879294,0.2337068652688785,0.3143943811795378,-14.03112792469004
5.840566125974614e-16,3.153978455752572,0.0378710421953507,-12.05445067840506
1,0,1,0
1.028145822447522e-15,3.026236964973222,0.04096391224703111,-11.20835082980194
2.804502661847769e-15,2.047198117257839,0.076243296861982,-13.3704457487168
6.728744545674702e-16,2.975404321307799,0.04226950043663841,-10.40174114858798
1,0,1,0
1,0,1,0
6.728744545674702e-16,2.978546224335734,0.04218751374609259,-10.75959279996549
1,0,1,0
6.728744545674702e-16,2.975404321295674,0.04226950043695515,-10.8078772286491
1,0,1,0
2.804502661847769e-15,1.67698406461583,0.09766284095648287,-29.00993842829354
5.840566125974614e-16,2.91055345454981,0.04400083533074123,-10.81361628210367
0.7317470635098529,0.108364707078394,0.3710068148109148,-18.67887197051674
0.661144422046207,0.1972040114160762,0.3284936081163694,-11.11267190467083
1,0,1,0
0.6722257161200181,0.1806434336673171,0.3354104330077097,-12.71483922633906
1,0,1,0
1,0,1,0
2.804502661847769e-15,3.131510648187707,0.03839627560898029,-17.93053633382099
1,0,1,0
0.6716607983268659,0.1814635871001684,0.3350592311962819,-12.19870318757374
1.322820305439839,0.1426410481490237,0.3528347213064579,-26.35195609366203
4.890744922227344,11.06400729929473,0.0004400985100683763,-64.53465826679081
1.028145822447522e-15,1.67539026063951,0.09776905314088419,-12.50711360544561
0.6871412138647497,0.1599353579434144,0.3446080190635327,-11.58139754481161
1,0,1,0
1,0,1,0
0.6400126106191601,0.2321663355484276,0.3149610775634458,-27.78268874693171
1.324621216408895,0.1439590183096158,0.3521882540079043,-34.92198789342618
0.5338021877728679,0.4907176038054288,0.2418036862034649,-27.16507862505616
1,0,1,0
2.804502661847769e-15,1.676983578575722,0.09766287332593382,-21.73477614461779
1.028145822447522e-15,3.158118637302838,0.03777510201418749,-11.54715169441039
0.7332282362083166,0.1068899794549445,0.3718565083881005,-14.30436050507645
1,0,1,0
1.121217649130637,0.02517509022157327,0.4369657767275453,-20.87176519113328
3.17603086687411e-16,3.746877450469093,0.02645313002826533,-11.45143230954649
6.728744545674702e-16,2.978546224331289,0.04218751374620838,-11.45364660933599
0.6343012420139987,0.2423336421991635,0.3112628464233895,-12.77903866696439
1,0,1,0
1.028145822447522e-15,1.697556555847729,0.09630391832033364,-12.04724642412241
1,0,1,0
2.804502661847769e-15,1.69685257988678,0.0963500530012712,-19.04808403172452
0.53394635290815,0.4902464730890372,0.2419086895479895,-20.52694694853334
1,0,1,0
2.804502661847769e-15,3.158115445250637,0.03777517588273205,-19.46364860957672
0.6610402942710912,0.1973603573155955,0.3284299896259912,-19.65431655403684
1,0,1,0
1,0,1,0
1,0,1,0
1,0,1,0
3.17603086687411e-16,2.933002863170042,0.04339296642029716,-11.2523663660304
1.19186856355525,0.0290538205356512,0.432327413718917,-22.07252989418212
2.449231293967717e-15,3.562518495898374,0.02954900503091351,-20.01931350907981
1,0,1,0
1,0,1,0
6.728744545674702e-16,2.91058016963267,0.04400010650071495,-11.23601967839193
9.682324783204268e-17,3.158131112624769,0.0377748133193091,-12.13026158814322
2.449231293967717e-15,2.910452817076163,0.04400358099882012,-16.70163680986971
1,0,1,0
0.6889397496822012,0.1576841150824748,0.3456488538507974,-22.97436227207896
1.648218311309259,0.4250592860718072,0.2572116468881666,-28.19838619118972
1,0,1,0
0.6345645779846769,0.2418558023904396,0.3114344789510792,-11.80567190681586
0.5048799543853401,0.5938626376382636,0.2204646679143143,-14.06477487520511
0.9777165121993516,0.0005117861386096934,0.4909756219130612,-21.48818602588157
1,0,1,0
1,0,1,0
2.449231293967717e-15,2.089122432975206,0.07417563328504828,-10.77918948499403
1,0,1,0
1.028145822447522e-15,2.978546228515647,0.04218751363713386,-11.876389142987
1,0,1,0
0.6723163985938276,0.1805121186509417,0.3354667514137176,-12.54573920676104
1.643087940369683,0.4201767484533434,0.2584244317220932,-19.60428456470432
1.012470826479629,0.0003047510929192754,0.4930359698366972,-24.07730855745839
1,0,1,0
0.6240954452150465,0.2613810930874116,0.3045864546121821,-13.18563963804412
1,0,1,0
1,0,1,0
1,0,1,0
1.028145822447522e-15,3.158131131447877,0.03777481288372014,-12.13121084690232
1,0,1,0
1,0,1,0
1,0,1,0
1,0,1,0
5.840566125974614e-16,2.650084616546703,0.05177219224919299,-11.97144019582152
1.028145822447522e-15,2.932971464428071,0.04339381023515171,-17.94547000285703
0.6242403814790825,0.2611006987622524,0.3046824832982541,-11.57561779508787
0.9576899382073897,0.001893166137197255,0.4826472857598865,-12.77129202818464
1,0,1,0
2.804502661847769e-15,2.910512972170793,0.04400193977947076,-17.14321365983231
1,0,1,0
1,0,1,0
0.6869381912727354,0.1602006077510367,0.3444859446539705,-18.18088692497577
1.118285323810332,0.01202571984918421,0.4563387812947381,-26.24048635884296
2.804502661847769e-15,1.697556546843327,0.09630391891026741,-12.04717668972861
0.5050589583538451,0.5931682963988898,0.2205982833991305,-12.16423275156293
1,0,1,0
0.6687282083087993,0.1857649438793452,0.3332325218966965,-13.45906974143782
1,0,1,0
0.9778608218966229,0.0005050857304169654,0.4910348810285434,-12.49676237877713
1,0,1,0
0.6874370734104586,0.159544216923571,0.3447882460908375,-11.00902623285105
0.5317890130480042,0.4973134026687944,0.2403414871651147,-26.04936845015028
1,0,1,0
5.840566125974614e-16,2.910479198489909,0.04400286122307773,-9.847027275604935
0.5426929019679848,0.462226792978111,0.2482925566694322,-12.49033367045852
1,0,1,0
1,0,1,0
1,0,1,0
1.345248835641232,0.1594742082524974,0.3448205311833981,-17.85915440987534
5.840566125974614e-16,3.962062756746157,0.023268322000916,-10.58503517729087
1,0,1,0
1,0,1,0
1,0,1,0
1,0,1,0
1,0,1,0
1.028145822447522e-15,3.204727585536325,0.03671286770395943,-17.85442967119012
1.028145822447522e-15,2.168773455091504,0.07041926301687473,-18.68274537762618
6.728744545674702e-16,3.026153461171081,0.04096602091358464,-10.21780022688244
0.7319251514845155,0.108187116002167,0.3711087968071551,-10.98335663570025
5.840566125974614e-16,3.747167857668686,0.02644853393683871,-14.1413797434238
2.013422682706577,1.176846542523734,0.1389994565561915,-32.51220141632174
2.449231293967717e-15,2.975404325464211,0.04226950032806481,-17.42687994286329
0.6355723304891211,0.2400341184459656,0.3120907368734971,-12.60088275450783
1,0,1,0
6.728744545674702e-16,3.158131133664046,0.03777481283243533,-12.1313520377499
1.95402916321926,1.088774604434022,0.148371438249982,-26.93983889503004
1,0,1,0
0.6343351202388539,0.2422724970021264,0.3112847970801566,-12.03033161402384
6.728744545674702e-16,3.562230955549339,0.02955412360770282,-11.71893110597581
1,0,1,0
4.004808294513406e-15,2.731882391534512,0.0491816438764095,-16.85742991483295
1.01033731989817,0.0002098806576711354,0.4942206222378644,-20.11904557491218
1,0,1,0
1,0,1,0
1.466487350184371,0.2585183175630377,0.3055699612784759,-23.09109850346333
1,0,1,0
1.26934279111599,0.05254756747945777,0.4093440827547355,-20.79475489792981
0.5456331606707462,0.4518735698659384,0.2507232831138902,-36.98431397011427
1,0,1,0
2.449231293967717e-15,1.67589380182492,0.09773548220835776,-11.81587751353207
1.028145822447522e-15,2.978546237530495,0.042187513402142,-17.98166874096297
5.840566125974614e-16,2.731982968242502,0.04917854709289676,-10.68070884118636
1.468327868902378,0.2601025844567459,0.3050248433532303,-27.99876315824081
3.390593501200567,6.177386396742094,0.006469663443667117,-58.57315352777299
4.675491010084472,10.5534258879801,0.0005798646743951363,-52.0584630111396
1,0,1,0
1.028145822447522e-15,2.089122432997609,0.07417563328396048,-11.47316640084629
1,0,1,0
0.7323379583636445,0.1077742571939027,0.3713462407458661,-19.338397110051
5.840566125974614e-16,2.905423146218485,0.04414104107808881,-12.91839823956533
1.012605810674143,0.0003113323552454972,0.492961183233963,-28.51811862375241
0.7322268757608943,0.107886187246951,0.3712818176620177,-10.2517056694099
1,0,1,0
1,0,1,0
5.840566125974614e-16,2.933015351715401,0.04339263080605327,-11.83667021431855
1,0,1,0
1,0,1,0
0.7322010253266487,0.1079112859079316,0.3712673768195413,-12.07856778102119
9.682324783204268e-17,3.74687749332648,0.02645312934992616,-11.45158013769019
1,0,1,0
5.840566125974614e-16,2.910519941850005,0.04400174962908476,-10.12058169375626
1.028145822447522e-15,2.978546237476252,0.04218751340355587,-19.53885308241803
5.840566125974614e-16,2.904459946472336,0.04416741821765635,-14.31574336546839
1.028145822447522e-15,2.978546228395061,0.04218751364027729,-28.77577461129644
2.804502661847769e-15,1.676147203475804,0.09771859310398634,-12.8411746222836
1,0,1,0
3.17603086687411e-16,3.747167922524998,0.02644853291049326,-12.41491844658054
0.6820654941132216,0.1667963032246682,0.3414874360822746,-12.11638431267079
1,0,1,0
5.840566125974614e-16,3.131687867338361,0.03839210221397554,-12.11414972456924
0.6494316492332652,0.2161430932705137,0.3209972670319731,-13.50831008941019
1.645931318906203,0.4228816911071434,0.2577513138341046,-20.60970872815433
0.6729867971552915,0.1795431043244662,0.335883091908345,-21.27373982309732
1.011332735587251,0.0002519788658474909,0.4936675191418332,-19.81053259161408
0.6343012498263633,0.2423336281124229,0.3112628514800251,-12.43601048139554
9.682324783204268e-17,3.204774206461344,0.03671182139245005,-18.5491856165462
9.682324783204268e-17,1.793239455487871,0.09026598267422603,-11.5842043554284
5.840566125974614e-16,1.793239544554307,0.09026597726197422,-11.58685504230647
1.012276881403626,0.0002953983910032321,0.4931436536607991,-33.54700316060109
0.6889400053182952,0.1576837807197151,0.3456490090764858,-15.87522929283266
1.028145822447522e-15,2.089122432968225,0.07417563328538729,-10.66989263702768
1,0,1,0
1,0,1,0
1,0,1,0
1,0,1,0
3.190378245068902,4.725832805760788,0.01485639562755015,-39.53215981562114
1,0,1,0
0.6725371631835281,0.1801926138711494,0.3356038817486638,-20.69098064858163
9.682324783204268e-17,2.65007466404564,0.05177251638376712,-11.85858737494777
2.804502661847769e-15,2.978546228473903,0.04218751363822215,-23.68964867594881
2.804502661847769e-15,3.745160528061092,0.0264803199580978,-28.90206070649852
14.36999924800228,55.25688350042853,5.290212712338871e-14,-108.8669662023947
1,0,1,0
1.697018962540994,0.7076927150469459,0.2001054201757813,-24.02813555238424
2.449231293967717e-15,2.089122432975241,0.07417563328504645,-10.77933363790802
3.17603086687411e-16,3.962212237323804,0.02326625598891141,-12.08506710242465
1.028145822447522e-15,2.731908919815879,0.04918082704293486,-16.60610345495656
1,0,1,0
0.7551160261797898,0.08675082763204145,0.3841745863978538,-14.64968532915174
1.028145822447522e-15,2.732009687778714,0.04917772442705493,-11.10324352259331
9.682324783204268e-17,3.080855297984613,0.03960942840720472,-27.72422438851425
1,0,1,0
5.840566125974614e-16,3.681661609345031,0.02750699960342495,-12.59557512738191
1.271359268911714,0.1064157225746811,0.3721311386503817,-18.76368523033135
1,0,1,0
2.449231293967717e-15,3.581588636725748,0.0292116273368272,-17.38126206596282
0.6496792629962532,0.2157321535766243,0.3211556118307269,-22.52004985906541
5.840566125974614e-16,2.731949438235105,0.04917957946707791,-9.987185790535557
1,0,1,0
1,0,1,0
5.667339192961362,16.34483762448144,2.639989507824403e-05,-67.55218825067874
3.357187582532331,3.047017546514056,0.04044277673361646,-33.04664155225801
9.682324783204268e-17,2.910520051705191,0.04400174663196588,-10.12254511419481
5.840566125974614e-16,3.747022602354942,0.02645083269531157,-12.14551896990201
1,0,1,0
1,0,1,0
5.840566125974614e-16,3.026106909144517,0.04096719651212427,-9.929801279762239
1,0,1,0
0.9569406485527601,0.001962857207058022,0.4823309841026233,-13.11514878360669
1,0,1,0
0.672316395623762,0.1805121223113737,0.3354667498434939,-12.54563780752107
2.389514089880426,1.156711781905415,0.1410742666504696,-29.57212965347384
0.671513550838552,0.1816776298158196,0.3349677292750765,-12.36560603283672
1.376256046416476,0.1835190253666923,0.3341831630605407,-32.65985837776492
1.028145822447522e-15,3.080855298789018,0.03960942838761533,-13.82562915118456
1,0,1,0
2.287852447174094e-16,3.204820617894274,0.03671077981434778,-11.45035863043015
1,0,1,0
1,0,1,0
0.6721104834019413,0.1808104013557141,0.3353388587676418,-18.60404902151991
1,0,1,0
1,0,1,0
1,0,1,0
1,0,1,0
1,0,1,0
1,0,1,0
1.028145822447522e-15,1.675387202282558,0.09776925708181949,-31.88019435811722
0.6757614293976795,0.1755746212013349,0.337602126701639,-15.50613183602372
0.6715890595572932,0.1815678724451573,0.335014641903474,-12.15542744753666
2.804502661847769e-15,3.080855297000319,0.03960942843117482,-18.04384684453544
1.028145822447522e-15,3.580674194577483,0.02922771131135082,-11.49153491950544
1,0,1,0
9.682324783204268e-17,3.153978451904567,0.03787104228464183,-11.63504705889172
5.840566125974614e-16,2.650038109658038,0.05177370691170818,-11.27742921837349
0.6347257610085417,0.2415632511046439,0.3115396627044159,-14.65179978318566
1,0,1,0
0.6876267882641254,0.1592940074553084,0.3449036701209338,-10.60193322915658
1.118902856624808,0.02428986305776704,0.4380748189692071,-26.45698691609871
9.682324783204268e-17,3.026236964948293,0.04096391224766055,-11.20835029249304
3.193249026498241,4.731967673923393,0.01480349779792239,-40.99426607534817
0.561533514556131,0.4070443594686424,0.2617367483718159,-26.4774077369755
0.8227153373905765,0.0406434602358523,0.4201138498137781,-12.09487065117114
1.028145822447522e-15,3.747167909797394,0.02644853311190648,-11.20593135091191
1,0,1,0
1,0,1,0
9.682324783204268e-17,2.93298391805828,0.04339347555215989,-10.73680920164395
1,0,1,0
1,0,1,0
1.347723547900429,0.1613620724340663,0.3439527867860833,-22.95676199310907
1.955040500812341,1.090285444797473,0.1482039861245895,-38.05613169937831
1.028145822447522e-15,2.978546237528526,0.04218751340219318,-26.35202676618891
1.923886213206526,1.042668501827436,0.1536008300987606,-56.02943386212495
1.876536252157321,0.9720183337738462,0.1620886638471877,-27.87253358540458
1.028145822447522e-15,3.15811859256489,0.03777510304948506,-11.5455008279003
0.6608729102585695,0.197613449920631,0.3283270679937635,-26.87751431253458
1,0,1,0
0.6723163827516352,0.180512077619543,0.3354667690150493,-13.07175094812872
1,0,1,0
2.804502661847769e-15,1.793199786335833,0.09026839326535002,-10.90632070133527
2.449231293967717e-15,2.975404321291229,0.04226950043707117,-11.50142876382877
2.609761087702489,2.736172632035363,0.04904973503220661,-34.73467159230022
1.463933101799484,0.2562960792578366,0.3063381471229736,-30.74257917559929
5.840566125974614e-16,3.747022984997226,0.02645082663947423,-13.4689620175558
9.682324783204268e-17,3.153978464099822,0.03787104200165659,-12.21648396724979
1,0,1,0
0.6609796839658422,0.1974502445536075,0.3283934273950464,-17.57391235523383
1,0,1,0
1,0,1,0
1.028145822447522e-15,2.901566419265741,0.04424675999239552,-21.71069551509408
1,0,1,0
1,0,1,0
1.059362293936452,0.003258248232473449,0.4772403090105193,-15.1551870307419
9.682324783204268e-17,3.026237131577147,0.04096390804000888,-11.20986945809137
9.682324783204268e-17,3.677929458041394,0.0275686406681892,-11.49684739111627
1,0,1,0
0.6514184422464209,0.212861363341041,0.3222669407112714,-29.09276775491962
0.6820660009121817,0.1667957088122769,0.3414877031711555,-13.15317486548911
6.728744545674702e-16,2.975404321295674,0.04226950043695515,-10.8078531331128
1,0,1,0
2.804502661847769e-15,3.563533012595357,0.0295309528954078,-19.61571651089208
2.204457259123673,1.460965946590683,0.1133882455713989,-28.07457207503779
9.682324783204268e-17,3.158131131009011,0.03777481289387602,-12.13118288731663
2.804502661847769e-15,3.080855241042144,0.03960942979390147,-22.6536895782908
1,0,1,0
0.9585726851233641,0.001812773038611937,0.4830194956493294,-12.76941846718825
1,0,1,0
0.7320312891025887,0.1080808176680677,0.3711698832002364,-11.38567323551199
1,0,1,0
1,0,1,0
0.7322010087587931,0.1079113031490309,0.3712673669002891,-12.07846592422264
1,0,1,0
1,0,1,0
1.028145822447522e-15,1.676116274546008,0.09772065431998811,-13.60569958236051
1,0,1,0
1,0,1,0
1,0,1,0
1.028145822447522e-15,1.697556325858454,0.09630393338834192,-12.44719190177423
0.5313992668560453,0.4986196103119624,0.2400536410956811,-19.44671173948554
1,0,1,0
2.01928380417145,1.185630117277157,0.1381063944695325,-39.40857530406308
1,0,1,0
1,0,1,0
1.365847660550257,0.1753814513349994,0.3376863832208553,-18.6282773450437
1,0,1,0
4.936130869128893e-15,2.430868849306677,0.0594834715575116,-21.40873655817255
9.682324783204268e-17,3.580897342357041,0.02922378553349642,-10.39224538802104
5.840566125974614e-16,3.747167918058324,0.026448532981178,-11.72026270728186
1,0,1,0
0.7548365012012889,0.08699036368978597,0.3840193652225955,-13.50712864076616
1,0,1,0
9.682324783204268e-17,3.153978464099833,0.03787104200165636,-12.32592485327351
1,0,1,0
1,0,1,0
9.682324783204268e-17,3.747167917228293,0.02644853299431316,-11.61173872229016
1,0,1,0
1,0,1,0
1,0,1,0
5.840566125974614e-16,3.741946059681641,0.02653130526415065,-11.44036535951201
5.840566125974614e-16,3.74687736358765,0.02645313140340955,-11.45113269597168
1,0,1,0
1,0,1,0
1.028145822447522e-15,3.746442644137659,0.02646001301439505,-31.26038375574606
0.4156305342839505,1.054935441018806,0.1521865712127173,-14.85104083097067
0.6713958688642335,0.1818490970275128,0.3348944740543381,-11.67207478872054
1,0,1,0
2.287852447174094e-16,3.562808092454468,0.02954385080358546,-10.62417129729669
1,0,1,0
9.682324783204268e-17,2.089122432975252,0.07417563328504595,-10.77972081351778
1,0,1,0
1,0,1,0
1.028145822447522e-15,3.131650826319866,0.03839297446538698,-11.52908231728225
1,0,1,0
1,0,1,0
1,0,1,0
5.840566125974614e-16,2.910546565814531,0.04400102326853683,-10.54194909983967
2.804502661847769e-15,1.793233404242201,0.09026635038786218,-18.60939023858685
2.804502661847769e-15,3.747022009658437,0.0264508420755471,-20.03374561136817
1,0,1,0
2.287852447174094e-16,3.562518205364977,0.02954901020229467,-10.62365064277084
1,0,1,0
1,0,1,0
1.028145822447522e-15,3.153978464099829,0.03787104200165642,-18.32463516913612
1,0,1,0
1,0,1,0
1,0,1,0
1,0,1,0
1,0,1,0
2.449231293967717e-15,1.793267015127,0.09026430799052781,-12.00863788818423
1,0,1,0
0.6346649975607069,0.2416733917693534,0.3115000535032847,-16.27083871425242
0.6825270552461603,0.1661667700369414,0.3417706175794015,-15.47573525747969
1,0,1,0
3.465204140766274,5.298214611284962,0.01067364733328113,-50.5900580491844
1,0,1,0
6.728744545674702e-16,2.975404334508518,0.04226950009180935,-12.08385197157139
1.028145822447522e-15,3.026200077201914,0.0409648437351976,-18.41651081869689
5.840566125974614e-16,2.731949407550694,0.04917958041184839,-9.986585746555297
2.449231293967717e-15,2.978546224331286,0.0421875137462086,-11.45351726128747
1,0,1,0
1,0,1,0
0.67169454290455,0.1814142641493923,0.3350803254869956,-12.89141482881436
0.6820654969448258,0.1667962996742993,0.3414874376775696,-12.11703766017586
1,0,1,0
6.728744545674702e-16,2.7319087460905,0.04918083239207222,-9.714524139755216
0.4154628089523543,1.056070130436122,0.1520566057679303,-13.28564536693085
9.682324783204268e-17,3.026190511002394,0.04096508530412463,-10.51467436497217
1.028145822447522e-15,2.975404321291229,0.04226950043707117,-11.5016655145487
2.804502661847769e-15,1.793233488651751,0.09026634525856875,-18.61188221225488
1,0,1,0
0.6722913278042969,0.1805486734871735,0.3354510713411442,-11.85191399744367
0.6337549915653323,0.2429443940000837,0.311043779799763,-27.96975710547767
1.370139345394898,0.1785996818878601,0.336289711903851,-25.50603060124042
0.5378689269959622,0.4775905019229256,0.2447578760505774,-20.95887892157819
1,0,1,0
1,0,1,0
5.840566125974614e-16,2.650084586560162,0.05177219322579596,-11.97079442753002
3.17603086687411e-16,3.026246487268647,0.0409636717942124,-11.31765439516408
2.449231293967717e-15,3.131511207484344,0.03839626243714306,-17.93441940406455
2.804502661847769e-15,1.676116296843659,0.09772065283397358,-20.20894190347841
0.6871590046455589,0.1599088043608248,0.3446202461318697,-20.02386472389787
0.7326238075869224,0.1074877187066363,0.371511331481198,-21.15890017495027
1,0,1,0
1,0,1,0
1,0,1,0
6.728744545674702e-16,3.026236968318713,0.04096391216255196,-11.20842293067956
2.449231293967717e-15,1.57565427989422,0.1046938858001474,-11.62451710569039
1.028145822447522e-15,3.026190523770964,0.04096508498168727,-10.51481187085684
1,0,1,0
4.936130869128893e-15,2.731646098492192,0.04918892023892107,-44.09207966171324
0.6716622427549471,0.1814612202559793,0.3350602433636907,-12.8917717644394
1,0,1,0
1,0,1,0
1,0,1,0
2.449231293967717e-15,2.650038186510578,0.0517737044086915,-19.06990790242072
4.936130869128893e-15,1.676116389098844,0.09772064668567798,-19.1092951193274
9.682324783204268e-17,3.204727595477397,0.03671286748084901,-10.35041624959574
1.028145822447522e-15,2.932968205470615,0.04339389781791753,-17.7791832901625
1,0,1,0
1,0,1,0
1,0,1,0
1,0,1,0
0.635097520360876,0.2408909770580223,0.3117816717935887,-19.8766044928745
1,0,1,0
2.386769995999444,1.154141897894647,0.1413418904701412,-24.28449093225987
2.804502661847769e-15,1.69719942221974,0.09632731965283509,-19.74479744251227
1.344707227074327,0.1590622042361929,0.3450106969878838,-17.89924888898041
1,0,1,0
1,0,1,0
1,0,1,0
1,0,1,0
2.287852447174094e-16,2.910486333430175,0.04400266655954843,-9.713699488345421
0.5587252099562707,0.4149052177823975,0.2597451259257902,-12.3923489198378
1,0,1,0
2.804502661847769e-15,1.696115735627103,0.09639836934076573,-25.99210491170169
3.17603086687411e-16,3.204774062657201,0.03671182461979139,-10.75579391700692
1,0,1,0
5.840566125974614e-16,3.131697405649312,0.03839187760683155,-12.22364378642017
1,0,1,0
2.804502661847769e-15,2.047469034287086,0.07622972781850496,-10.96493556465189
1,0,1,0
1.028145822447522e-15,2.978546228487083,0.04218751363787859,-17.37497138439766
1,0,1,0
1.322781578822269,0.1426127344327028,0.3528486466270719,-27.5179846554797
1,0,1,0
1.028145822447522e-15,2.089122432968221,0.07417563328538757,-10.66986548053807
1,0,1,0
1,0,1,0
1.028145822447522e-15,2.978546224331289,0.04218751374620838,-11.45310358842516
0.5587216938337006,0.4148893113917893,0.2597491289446034,-17.58814273206798
0.5054432478874598,0.5916445237259111,0.2208919476591885,-19.26212043049624
2.804502661847769e-15,1.793267024350985,0.090264307430031,-12.00891294667282
1.038263951005382e-15,1.618605799639951,0.1016431493021595,-42.46674911298675
1,0,1,0
0.6613802005122641,0.1968395010514534,0.3286420478550811,-14.79946466691944
1,0,1,0
1,0,1,0
1.465730364693622,0.2578698771886891,0.3057936844305458,-21.39725448202024
1,0,1,0
3.471053982253035,5.313470300330337,0.01058058215051472,-33.94393419113737
1,0,1,0
5.840566125974614e-16,3.026246477734595,0.04096367203496132,-11.31744903195453
1,0,1,0
3.17603086687411e-16,3.158134354685146,0.03777473829428052,-12.24061638944419
1,0,1,0
5.840566125974614e-16,2.910486381129061,0.04400266525817637,-9.714173757512201
0.7562709782206387,0.08576316331249245,0.3848170724279951,-13.10551949185417
1,0,1,0
1,0,1,0
1,0,1,0
5.840566125974614e-16,3.158134188131022,0.03777474214853177,-12.23675047162932
1.249792931699709,0.09227075024065812,0.3806549873274873,-18.44977379065339
3.17603086687411e-16,3.026246491961032,0.04096367167572262,-11.31775548452623
0.6713934376043471,0.1818526252916044,0.3348929671174603,-19.31275440504842
1,0,1,0
1,0,1,0
0.6862901017068315,0.1610647770104201,0.3440890443729578,-12.27714965686878
1,0,1,0
1,0,1,0
1,0,1,0
1,0,1,0
1,0,1,0
1,0,1,0
1,0,1,0
1,0,1,0
2.449231293967717e-15,2.089122432997609,0.07417563328396048,-11.47303053595347
9.682324783204268e-17,3.080855240812564,0.03960942979949228,-11.71390905338527
5.840566125974614e-16,2.731982985488671,0.04917854656190079,-10.68142792034929
1,0,1,0
1.028145822447522e-15,2.047182748557969,0.0762440666946273,-10.55712977793053
1.378186822359402,0.1850667770491583,0.3335273056317252,-19.45073104533494
1,0,1,0
0.634725762096095,0.2415632995584609,0.3115396452768067,-14.65175962302017
1,0,1,0
1.028145822447522e-15,1.575716393772041,0.104689396504127,-10.93115289725733
1,0,1,0
1,0,1,0
1,0,1,0
1,0,1,0
1,0,1,0
1,0,1,0
5.840566125974614e-16,3.74673240074701,0.02645542595527972,-11.04566698812793
0.6715135719106711,0.1816776126640676,0.3349677366047907,-12.365706224746
0.7331242040181684,0.1069808827148933,0.3718039456485224,-39.30635667225918
1.028145822447522e-15,1.679036891911004,0.09752623807324406,-21.55850725066603
1,0,1,0
1,0,1,0
1,0,1,0
1,0,1,0
1.366460154610747,0.1758604616242252,0.3374775491997207,-19.72747968400567
1.028145822447522e-15,2.089122432997613,0.0741756332839601,-11.47337422551157
1,0,1,0
1,0,1,0
2.449231293967717e-15,1.697621020810786,0.0962996949337353,-13.14024865540797
0.634335055257047,0.2422727535243148,0.3112847049834708,-12.59949037788577
3.17603086687411e-16,2.932987099237607,0.04339339006053872,-10.84507358108745
1,0,1,0
1,0,1,0
1,0,1,0
1.028145822447522e-15,2.978546237530519,0.04218751340214116,-11.45120751293712
5.840566125974614e-16,3.153978464097982,0.03787104200169927,-13.7223824407501
1.028145822447522e-15,3.962063180412542,0.02326831614503355,-10.58783161429551
1,0,1,0
1,0,1,0
0.6719580450306716,0.181031736185723,0.335244039025213,-19.64073033423845
1.192914582273995,0.02933671223094336,0.4320019476823968,-16.1663964436155
0.671264495152941,0.1820402988087473,0.3348128358338405,-12.36538503679263
1,0,1,0
1,0,1,0
1,0,1,0
5.840566125974614e-16,3.746877426766762,0.02645313040342162,-11.45135056269888
1,0,1,0
1,0,1,0
9.682324783204268e-17,3.962202692127438,0.02326638790990465,-11.97526084675604
1,0,1,0
1,0,1,0
1,0,1,0
1.028145822447522e-15,3.158087176623368,0.03777583006500951,-18.23887743828626
1,0,1,0
5.165042855354403,11.78548380708283,0.0002984718815533527,-57.49236813540969
4.884615408180061,13.4565765090432,0.0001220744268729534,-67.99492184376652
9997.936766204721,19.66867338379087,4.604943576236309e-06,-8.548650250096111
1.082150223322643,7.283063041541027e-14,0.4999998923368455,-4.535257970124043
1.67058543352676,0.3938373822921761,0.2651445881121406,-38.35097677700388
8.48884454792928e-15,1.659339388253329,0.09884627099845833,-37.01766579511241
7.494430718408764,13.58156710548847,0.0001142087315835205,-56.37114582779753
1,0,1,0
0.5590629928955443,0.4137606014755733,0.2600334588084841,-21.98074294730893
1,0,1,0
2.804502661847769e-15,3.158068254164633,0.03777626796846056,-17.67030246643672
6.728744545674702e-16,2.933015355551674,0.04339263070295862,-11.83691474745044