dN/dS,LRT,p-value,Log(L)
1,0,1,0
1.095160787162767,0.04797459738344401,0.4133129333851671,-80.08239773996027
1.097828029287648,0.05882305969149115,0.4041829530860682,-71.8120057910578
0.2661489605078179,5.724037449813153,0.008367103630492034,-21.88648370785003
0.3175971282241493,2.001411626763584,0.07857639521020382,-34.10458608652532
1.66864570226885,2.220318147825964,0.06810249475234603,-78.39803349034709
0.8332298658878123,0.1766883539372088,0.3371174002733102,-49.36416752443007
1.573561204070607,0.8869292124734329,0.1731554105297981,-89.39633594227611
2.449231293967717e-15,6.290306420444395,0.006070003083369302,-36.30925096916078
0.7340111579573305,0.3181852394660041,0.2863501480063559,-54.95520649608084
0.1667885017303204,6.400553645977016,0.005704239051454452,-15.77843160841132
0.7983785464364259,0.218613058714638,0.3200493680398083,-36.6391490765949
1.098061957483436,0.05907663286998854,0.4039806784115911,-61.26720590342024
0.8351898762040451,0.1720265953869671,0.3391584765974074,-57.16230697043395
0.9413386559396266,0.02233290488646844,0.4406024448521016,-72.26193888566753
0.6741712766985233,0.7106934124475117,0.1996068559485252,-36.06232800589733
0.7836572807177198,0.3222651995480987,0.2851247562791999,-79.00608441651819
0.1579303074628046,6.962623752773133,0.004161494648454278,-15.62640807712651
9.555848176237971e-17,11.98237459074048,0.0002685305170991303,-13.16887713090645
5.840566125974614e-16,5.974421148260056,0.007257422494669763,-19.74111141093191
1,0,1,0
0.1330550735292561,8.983459262457103,0.001362172016824925,-13.76815760343112
1,0,1,0
4.730343101349462e-16,8.171225170538481,0.002128007460653891,-11.26033693963336
0.1641081634059754,6.565972433600194,0.005197346156531391,-28.81922775703252
0.3131495098316426,4.123547604946509,0.02114515363148567,-61.92359251776314
0.1683651043069878,6.30546155558774,0.00601832863238122,-28.48234192409225
3.17603086687411e-16,11.86889666876927,0.0002853960883157369,-25.58492736615473
3.17603086687411e-16,8.312071903032827,0.001969122042284055,-14.65437136262375
9.555848176237971e-17,11.98237459074787,0.0002685305170980756,-12.06880869844408
0.1578919392527137,6.965211692854695,0.004155479975849141,-17.64034062848372
9.555848176237971e-17,11.98237463487379,0.0002685305107394398,-18.53965272477031
0.1661839512433693,6.436889004104188,0.005588711412635117,-32.71360482373523
0.1578834262610344,6.965776825407282,0.004154167725893831,-21.24826865156219
3.17603086687411e-16,11.98237459074149,0.0002685305170989638,-12.47498483826155
0.9970374562069716,5.333682625519032e-05,0.4970864680153444,-72.53560894818959
1.028145822447522e-15,6.291267798863274,0.006066711575586026,-50.34742745421951
0.1703643818464133,6.189794777774424,0.006424454311661609,-33.37223929840042
0.546686185470271,1.34894071289493,0.1227316941234435,-38.86047387040306
0.1683735576238106,6.304853532052718,0.006020393085033049,-18.80724618179576
3.17603086687411e-16,12.02596999616972,0.0002623219411685418,-11.73941808899795
0.166788498207672,6.400553858016945,0.005704238370173365,-15.77799419583331
3.17603086687411e-16,12.02596999615994,0.0002623219411699296,-18.52056234837328
3.17603086687411e-16,11.98237459074786,0.0002685305170980756,-12.06896258927634
6.728744545674702e-16,12.18255881913863,0.0002411921342848067,-47.24143066863053
5.840566125974614e-16,9.524804859778293,0.001013565709179487,-30.43013480124271
0.9989515229413043,6.591420074641974e-06,0.4989757662465132,-63.43397425329588
1.01112991007195,0.0007304845974260843,0.4892189086559758,-89.36116999576021
1.566055300118692,1.565400722235978,0.1054380997756482,-100.3610242649764
3.17603086687411e-16,6.289270558125686,0.006073551657438891,-27.74218085670017
0.3407671290867725,3.425844425901175,0.03209170575387538,-28.79027578016646
1.745881799511409,2.852286974210699,0.04562202816251354,-105.2492423636556
0.5484027003230897,1.333390936393073,0.1241014307637642,-51.36734769850744
0.3285889087821708,3.716920078666888,0.02693182012484097,-52.6325134131927
0.6743099029430657,0.7098734489061655,0.1997429135194676,-73.0989375421471
0.6521367619839403,1.057495738516565,0.1518935223234857,-70.0025625642911
0.1827145844619538,5.536884126592369,0.009309853195976714,-28.41645609367301
1.028145822447522e-15,6.289609886812855,0.006072388977820531,-62.80124996205338
9.555848176237971e-17,12.58084486298747,0.0001948602578500935,-13.1834523232738
0.7317506270976495,0.4331095172166641,0.2552335434399615,-38.10859506124617
0.3178166552886209,1.998310861364999,0.07873730586989847,-36.94377066845625
0.8214723256933036,0.2475701787998759,0.3093956048592414,-58.31726083936857
0.1298292273231646,9.310818228591913,0.001139023617887869,-30.14218840895957
1.165761502850829,0.1562198467566702,0.3463304654344578,-73.80475941037126
0.7842705431161506,0.3201137408954935,0.2857696494496308,-45.58822930400928
0.1626586132367203,6.658608515927575,0.004933896957786621,-17.71560293081925
2.804502661847769e-15,6.359795646604496,0.005836749385405404,-41.19688837368144
0.1641686997840662,6.562404866323615,0.005207775725001862,-15.87602277858208
2.449231293967717e-15,6.358910451473804,0.005839662091432107,-34.98706259515465
0.1297540577344923,9.318580202604608,0.001134208499801226,-34.70619809375427
0.9143023041086166,0.04125389069341168,0.4195243175966009,-46.30496484892994
2.731941657024047e-16,12.58081564745777,0.0001948633039672854,-27.20054548447382
0.8432370760118086,0.1536263467148871,0.3475468512538116,-56.84806074421495
0.1714410281508766,6.130207436415091,0.006644563912808266,-21.89715062926327
4.004733053112191e-17,12.77202384724777,0.0001759209796836081,-12.82536218943686
0.1297934029084797,9.314519266316125,0.001136725108630221,-40.94450421182502
1,0,1,0
5.840566125974614e-16,11.65720168174549,0.000319772345776681,-40.41867312153929
0.3177012620635019,1.999897864406705,0.07865490341876824,-46.18362758686037
9.682324783204268e-17,14.82437037720513,5.90003705149833e-05,-53.73153338498851
0.168356863674599,6.305827511025228,0.006017086436112984,-33.84148671165919
1,0,1,0
0.170373530801334,6.18917435654852,0.006426707046011226,-44.71480385486599
3.17603086687411e-16,12.58084370358106,0.0001948603787331193,-13.41065343984438
0.5112140230134182,1.707410737888978,0.09566082949970833,-51.66840014900828
1.450767550815106,0.7350117679845738,0.1956317436926565,-48.13903213260474
0.5198489806795945,1.614767660665976,0.1019114544416752,-45.93740056762912
0.6301362723316959,0.7497905960878342,0.193271268717416,-49.68918188861726
0.1667946695049319,6.400185083830092,0.005705423362371065,-15.61150223059228
1.257133234600172,0.3878318287047762,0.2667206459746314,-79.41401418571678
1.010892759169229,0.0009338596871657501,0.4878105730486219,-77.51464266399597
0.4811635015503317,1.384968761946965,0.1196282981604993,-32.72675836741933
1,0,1,0
0.2097576721396379,4.406758506299134,0.01789840017697725,-29.27798258956409
3.17603086687411e-16,8.171225170697873,0.002128007460466874,-12.41878199033492
9.555848176237971e-17,11.65743487701914,0.0003197322640902667,-13.3980606037462
3.17603086687411e-16,12.02597001011434,0.0002623219392060006,-27.26473501845756
9.555848176237971e-17,11.7309617658596,0.0003073440897632396,-25.86051521234863
0.5006829073330561,1.82984464258206,0.08807294834769785,-39.3788540206119
1.889539092483082,2.97412580159758,0.04230291218109095,-85.78734416147218
1.011711261251675,0.00107832026418464,0.4869019723369096,-64.82081291257593
0.4810645763345406,1.385858096139771,0.1195529076516678,-24.49432348144176
0.7896048503569093,0.3016868620249795,0.2914134186864605,-46.75584040828686
1,0,1,0
2.731941657024047e-16,14.82062857405911,5.911754565784966e-05,-13.39289896585834
5.840566125974614e-16,11.98237460469004,0.0002685305150889605,-32.91927900746045
9.682324783204268e-17,12.58082497569488,0.0001948623313661746,-19.95791505405372
3.17603086687411e-16,8.171225170697895,0.002128007460466874,-12.41921799111188
1,0,1,0
3.17603086687411e-16,14.82121294705594,5.909923050412269e-05,-29.09120895283174
0.7906961470282939,0.2980173799051613,0.292564011672909,-67.35074722290594
5.840566125974614e-16,10.02336920308321,0.0007728323426872685,-19.2317557482575
0.5147087419840607,1.668459434104307,0.09823250386635757,-78.05823959284454
1.432559901246295,1.032375936589148,0.1548006405671131,-77.24866470308572
0.4896239737790906,1.310515663295845,0.1261506565025325,-25.12749638947557
5.840566125974614e-16,11.73104913351385,0.0003073296617124854,-19.10908559979532
9.682324783204268e-17,11.73076899779528,0.0003073759262458564,-54.38479350222785
1.028145822447522e-15,6.289627481604356,0.0060723286970642,-54.44053736863643
0.1363777138707975,8.670125748768541,0.001617344351063199,-21.75892325245199
0.1703172983367132,6.192382384481107,0.006415067522399731,-38.0238525407963
0.3039829404674357,2.194577398499291,0.06924859446072534,-29.4423325973724
0.62874275836781,0.5051339937115955,0.2386264671619843,-40.73490638840622
0.1260552277433143,9.71278919669021,0.0009149503880228615,-21.50261623333659
4.730343101349462e-16,8.311828388026065,0.001969386062568523,-15.34913294189998
0.3320436921356982,3.631102963248011,0.02835461115396026,-36.25852458959898
5.840566125974614e-16,8.312869115765203,0.001968257951835306,-20.45019145712218
0.4816577524481512,1.38053467960286,0.1200050465082756,-37.70651458853833
1,0,1,0
1.024651860538938,0.003520787938896319,0.4763421531323516,-46.54349266541966
0.7892026064953709,0.3637680966725725,0.2732104711130308,-95.98515397168487
0.1994959939082635,4.796669640495814,0.01425740318703839,-16.71875645958745
5.840566125974614e-16,11.73082885321703,0.0003073660405066292,-28.32610298374237
1.330244717151859,0.7395662337421243,0.1948999321961945,-94.65720712797592
3.17603086687411e-16,10.02325871218572,0.0007728787050897967,-24.44768984212288
0.1626090109617409,6.661751166775957,0.004925203478785667,-44.46392931725335
0.3654245501561771,2.913658606790023,0.04391620935774176,-44.78250784751577
0.8346272322452386,0.1733567833055787,0.3385727988382056,-40.87004552786177
0.6311666811215688,1.239813263295446,0.1327535228166085,-52.12523305346654
1,0,1,0
1,0,1,0
0.162588232863756,6.663065509597509,0.00492157228416723,-24.97787791318631
1.181434729447913,0.1837252792742845,0.3340955746401402,-75.68249246975608
0.3283411490694019,3.723159909932228,0.02683136247831708,-28.84980731835891
2.287852447174094e-16,12.65857661324858,0.0001869233629552269,-32.72990337025774
0.6899424774528665,0.4687689366011796,0.2467770305456408,-103.819586713546
0.6747196136095838,0.7075339992483549,0.2001318409737768,-59.25846398179554
0.3652803966272178,2.916378331105832,0.04384223245416469,-32.58899873400031
1.028145822447522e-15,15.40448670966066,4.339099877859187e-05,-35.87878824165971
0.9975927625179434,3.527804737757378e-05,0.4976304832565545,-62.89881342420588
2.287852447174094e-16,11.98237460467993,0.0002685305150904038,-38.1280407507704
0.3131193275326158,4.124385855916387,0.02113468021036552,-41.79268412870415
3.17603086687411e-16,12.77202380659706,0.0001759209835066056,-12.61177185602685
1.028145822447522e-15,12.58066520822273,0.0001948789900684811,-51.76177978086256
1.141073033648035,0.1165398245925928,0.3664090292266962,-62.93688824385388
0.8218507401033405,0.2053821061578844,0.3252055969040035,-47.95526793834973
1.098275524709286,0.05951359768943121,0.4036331885961356,-65.75386168110956
0.2697248351344443,5.5808469225382,0.009078969791559754,-55.17265333301648
1.099248501293633,0.06036724073869948,0.4029582201666659,-62.15303646220283
0.7304175142126179,0.4384541310028851,0.2539347628652205,-64.64607664270815
0.7573269337937645,0.5088109546788644,0.2378270191221036,-63.57402115355542
9.555848176237971e-17,10.02339677302442,0.000772820774673777,-19.22933261048433
3.17603086687411e-16,8.171225170712965,0.002128007460449166,-13.11059065360832
0.3654516890222406,2.913148094469719,0.04393011043614964,-33.83428341851733
0.3365611078903931,3.522785154574585,0.03026532446535757,-19.93605463749429
0.3344658306974769,1.787109847890903,0.09063934807830337,-60.98375807426789
0.1334767441811317,8.937267435253617,0.001397052009907196,-40.03479414071875
1,0,1,0
0.3176621821754552,2.00040210929474,0.07862874188242852,-61.61156179324085
0.3325134567705427,3.619758140110235,0.02854858661802578,-40.9717755608462
0.3654384067814667,2.913405145863337,0.04392311041758951,-34.83135932548635
1.099494524286933,0.05193759987162139,0.4098626822652431,-91.74856252177103
2.584282800024404,12.74743832584102,0.0001782485432215153,-181.0704704740114
3.394865030846572,20.58708125545019,2.848966140223119e-06,-166.1708994916503
0.2405207812655687,3.461227864682009,0.03141182335437342,-29.29943747596188
1.028145822447522e-15,8.171225170440067,0.002128007460769354,-36.86802160398176
1,0,1,0
0.3654308030277124,2.913548638103748,0.04391920336524946,-56.63806172976245
0.1731182137448233,6.040449170652636,0.006990863235800948,-26.62821888311368
0.6335428503972655,1.218003022630953,0.1348764579944107,-58.53330390575471
1.46634429777121,1.032541475542871,0.1547812474164262,-84.87019491996978
0.2098352874687135,4.403970099250415,0.01792768433088576,-35.50549686076949
3.17603086687411e-16,8.171225170713015,0.002128007460449111,-13.113560833811
0.1713347930607965,6.135590495515331,0.006624364701717234,-62.02354479395056
9.555848176237971e-17,11.86900706591609,0.0002853791713844922,-11.79552139247487
0.1578799810445313,6.965832839163639,0.004154037683840983,-25.94073848617001
0.3653426356915876,2.915232030619208,0.04387339552574188,-28.51453662760263
1.301872791532144,0.6371607300333153,0.2123704059636489,-94.99071420333296
9.555848176237971e-17,10.94136467622251,0.0004702043905645548,-11.34999627088313
0.6824057416126352,0.6647052185193729,0.2074518611686511,-46.49255233695033
0.8323554763600762,0.1787919089026104,0.3362067585320546,-82.2750368862129
2.449231293967717e-15,11.53578610491263,0.0003413460216349917,-67.30201020854469
5.840566125974614e-16,12.02597001001162,0.000262321939220489,-49.49812106993934
9.682324783204268e-17,6.290398963139069,0.006069686161665921,-34.01136454525476
1,0,1,0
9.555848176237971e-17,15.4046034212262,4.338831890032813e-05,-29.50486011440006
0.5150296102398225,1.66569122648005,0.09841832727549682,-43.65215944225778
3.17603086687411e-16,12.18289109783012,0.0002411491741900473,-23.4407255314921
9.555848176237971e-17,12.18313804692197,0.0002411172513059334,-26.48836727000796
0.1625968033476575,6.662520584302563,0.0049230774409873,-25.76872590382594
1.04976847789882,0.01158751699909999,0.4571385190059215,-71.57541360876027
0.5010527812669713,1.825433837625752,0.08833391567153193,-47.8029639433565
1.01390300767674,0.001515293521890726,0.4844743861761724,-71.84761361907334
1.891015623639815,3.972548626676655,0.02312386185081367,-107.0360392968804
0.1578618760405084,6.96714630443843,0.004150989524324467,-42.85107843512509
9.682324783204268e-17,6.579916202316483,0.005156787389067385,-20.13299437562906
9.682324783204268e-17,6.57975678525316,0.005157249252930207,-24.13713650886907
0.8844333583568885,0.1098292293419263,0.3701693197874297,-110.167490617712
0.1731323191690578,6.039672128832535,0.006993940900562157,-35.33120201679044
3.17603086687411e-16,8.171225170659635,0.002128007460511783,-11.95386935263065
9.682324783204268e-17,6.579990468939663,0.005156572237938861,-20.56912674949907
0.1683556674239811,6.306069405597693,0.006016265495622009,-15.30118854585998
1,0,1,0
1,0,1,0
1.579253444862919,1.799125568906305,0.08990912267954954,-84.36951093909785
0.2445717076166569,3.355643231368504,0.03348752016436729,-20.57827887608999
0.4989924711850861,1.850125398531716,0.08688440527023356,-39.49697228761649
0.398932344370601,2.34808672014158,0.0627184388787424,-28.98955234646251
5.840566125974614e-16,12.02597001005378,0.0002623219392145493,-31.68911684147852
0.5199495136345811,2.15059046844101,0.07125753558233389,-100.2502669751947
4.196789065824467,30.82362157309024,1.412885836105104e-08,-200.4816098146104
3.17603086687411e-16,8.311894480338157,0.001969314401366218,-12.63359209859791
1.647903335257379,2.545932955450809,0.05528928798827171,-86.73042098124768
0.4895172739689419,1.311423154726626,0.1260685735537488,-38.10846204119275
0.1260616842454284,9.712103135888505,0.0009152920113192908,-21.90854242342446
0.1826163096354623,5.541722358066252,0.009284149541135045,-40.86878841160076
0.365430370633709,2.91356987293625,0.04391862520846207,-43.0509225444764
0.3989728371076466,2.347402113153223,0.06274599320348556,-35.97753571996419
0.3656653088884212,2.909004765522297,0.04404310840157161,-70.5441587501393
2.287852447174094e-16,12.29658882833631,0.0002268934523153021,-60.90032790468688
3.17603086687411e-16,11.73100151141469,0.0003073375260263522,-11.4860196636509
0.1330381543917692,8.984556723377366,0.001361354152004057,-22.62539443299665
1.41403972036306,0.9633763851012986,0.1631688317834699,-126.6647620720833
0.1333210667266171,8.956361707886565,0.001382525042854965,-21.94664128519327
9.682324783204268e-17,14.65446508829064,6.456418985528734e-05,-31.72535912751049
0.3253677652591403,3.799150746310872,0.0256392926037729,-51.65067709484683
9.555848176237971e-17,10.9413646632391,0.0004702043938594747,-11.34967081436204
0.1661305625053992,6.440122541035862,0.005578547482946505,-37.2450639714641
0.525443699585371,2.07381971145567,0.07492290865069773,-50.59476023904684
3.183931149256867,18.81753788815757,7.191919794147239e-06,-145.316800870228
1.827412630091527,1.796866544250776,0.09004588827507182,-64.07110846050257
5.840566125974614e-16,11.73096169607723,0.0003073441012874656,-25.85851253574599
3.17603086687411e-16,15.40401693033292,4.340178732387123e-05,-26.43228114439202
9.555848176237971e-17,14.65322210426443,6.460678186603896e-05,-12.94539185368971
0.3072843143104093,6.437103463283663,0.005588036718226941,-28.74678758585703
0.3369028115162705,3.514667926497182,0.03041392276516225,-36.0224136170016
9.682324783204268e-17,8.171225170639829,0.002128007460534986,-25.73919758644969
1.711331517119695,1.697635269750862,0.09629876145145416,-56.34900400222553
1,0,1,0
0.5008882998426887,1.827397077189289,0.08821764971863855,-30.80223502124129
0.9531255474919919,0.007016220902016812,0.4666224788840368,-75.54126616834355
1.167645032899659,0.1594436996290653,0.3448346030644637,-65.31556821609016
1.195997127619161,0.2108666502677181,0.3230444894475564,-104.303533788924
0.1626156222171227,6.661332119856269,0.00492636177586675,-57.82515984897482
3.17603086687411e-16,14.82121430014627,5.9099188102818e-05,-20.74705725991859
0.6322256292885691,0.9836421483557416,0.1606506348221976,-53.06259338864943
1,0,1,0
1,0,1,0
0.668706903736633,0.7427541660698438,0.194390023231182,-45.71759780962346
3.17603086687411e-16,10.02342453533051,0.000772809126123486,-12.51051302764266
9.555848176237971e-17,11.73088175869065,0.000307357302890221,-31.24732982914228
1,0,1,0
0.1668253372612201,6.39834854999684,0.005711328510308145,-24.53304145053362
3.17603086687411e-16,14.82133291891788,5.909547110710678e-05,-25.67678619073201
9.555848176237971e-17,11.86903473937479,0.0002853749309444931,-12.49039144122965
1.028145822447522e-15,6.290215368010223,0.006070314918114494,-55.7804158825609
0.667480747881367,0.7500396584617306,0.1932318375043587,-67.97068940061823
0.998505525522954,1.339970469871332e-05,0.498539650825001,-65.99856155044019
5.840566125974614e-16,12.29658882738316,0.0002268934524311539,-58.47308806357329
0.136421032056412,8.666037881900223,0.001620976514298489,-26.44676726587638
0.4896958825375231,1.309910055196028,0.1262054705303773,-35.63046690799297
3.17603086687411e-16,12.77202380659982,0.0001759209835063835,-13.30689129051047
6.728744545674702e-16,10.02336932106289,0.0007728322931840337,-26.24152494238172
1.25611322175419,0.385188941006021,0.2674196012097826,-87.2500543624503
0.3073809406104555,6.432875370419481,0.005601353846515778,-26.98664988020732
0.3408928868237769,3.422924570688963,0.03214850656670798,-40.22360705207727
0.821077737393225,0.2488217149412293,0.3089529844174661,-57.7490553976123
0.336899598827174,3.514779460140801,0.03041187571816717,-35.98582778207521
1.414372767378658,0.9646107039790763,0.1630139708461967,-80.69833879796899
0.6762576405317565,0.8739470704743297,0.1749324526961863,-57.99110075290174
0.4199091121272449,2.052434758175252,0.07598150042654567,-32.65995298486603
0.1297448119382676,9.319535892958868,0.001133617069561443,-35.14915214258809
9.555848176237971e-17,11.6573973468086,0.0003197387144535657,-11.78556178488203
0.859184905099433,0.1209205290862059,0.3640191191076239,-50.67268002150738
0.3429367778686543,3.377929649520723,0.03303750375496423,-46.81713851540825
0.2405655529690425,3.460053195908522,0.03143414615690482,-31.13566074100952
0.1578914880743899,6.964990061971555,0.00415599472329875,-31.80739761290733
0.8353228347250464,0.1717131153568374,0.3392968871109715,-48.76702336679726
1.963376240030838,4.408837688077369,0.01787659696285143,-104.6570536846327
1.833407801987744,3.326822606133419,0.03407921475592268,-139.0807486611451
1.153913738275957,0.1366052247745984,0.3558397388505575,-114.1848367347778
1.904601950380874,4.051234697669429,0.02206952515966132,-99.41066242660811
9.682324783204268e-17,12.58082610649726,0.0001948622134643196,-19.49811816332377
0.5054362271860058,1.773304252942509,0.09148683994062368,-59.51260797501283
9.555848176237971e-17,11.98237459074786,0.0002685305170980756,-12.06913521610437
0.1667946548455969,6.400185064100484,0.005705423425775513,-16.17385603954637
1.028145822447522e-15,12.58078755501668,0.0001948662330324424,-33.3411985640758
1.028145822447522e-15,6.579726707309177,0.005157336399646217,-56.00935735162196
4.730343101349462e-16,11.98237459074481,0.0002685305170985197,-20.35513700066906
1.141475551706624,0.1171504869941487,0.3660729019990107,-88.19203842149832
1.280155126506856,0.3926954545149783,0.2654429742948351,-96.74305392943354
5.840566125974614e-16,15.40460314975726,4.338832513350876e-05,-23.76406986617797
0.1564983674797242,7.061870431727556,0.00393708717024327,-36.16541264791358
1,0,1,0
0.1683596591021467,6.30571352297072,0.006017473328033984,-32.89916320212685
0.8315505874101536,4.796163466380676e-14,0.4999999126310625,-4.365838186290993
1.181001063968777,1.882938249764265e-13,0.499999826887629,-4.453357845343656
0.9977020353444453,3.375077994860476e-14,0.4999999267087764,-5.091371532476254
9.682324783204268e-17,11.98237463486441,0.0002685305107407721,-29.27939103442369
3.17603086687411e-16,15.85735093232175,3.415035266945976e-05,-46.97370525973636
0.3468539585121841,3.293815807407938,0.03477061751962218,-61.67814766484247
3.17603086687411e-16,12.29658849787172,0.0002268934924890553,-16.09593545488801
9.555848176237971e-17,10.02344860979402,0.0007727990250677164,-13.1430594346303
0.8824464113449203,0.04883784242215938,0.4125489977687007,-71.03647246976887
0.168333350309729,6.30716174667991,0.006012559746678414,-47.11693436659186
0.5833858366218053,1.457038116102595,0.1137009880378084,-54.14743106207346
0.6577937297211131,0.8097956757087843,0.1840903330872708,-44.43856409222409
0.4920390987056688,1.937023505951743,0.08199604100388186,-63.0304469952095
0.6865724627038555,0.6422857846220182,0.211442145791999,-59.19175841043671
3.17603086687411e-16,11.98237459076671,0.0002685305170953556,-20.98753122910002
0.1714426240097073,6.130119178700159,0.00664489561525744,-15.75598988787408
5.840566125974614e-16,14.82472144808553,5.898938867943126e-05,-52.04884098685281
0.9152861383235148,0.0402544245440879,0.420491973467461,-53.76291006536659
9.555848176237971e-17,12.58081560395065,0.0001948633085034901,-19.55307641702486
0.1626296271131886,6.660447658690686,0.004928807451490491,-51.99940830098567
1,0,1,0
0.4893246130776812,1.313063192350334,0.1259203979219931,-30.18600906362668
9.555848176237971e-17,12.02596999619053,0.0002623219411656552,-18.70074062093463
0.5481698410143869,1.335479214697401,0.1239163970311153,-47.36312961517918
3.17603086687411e-16,15.85746145939019,3.414835813914108e-05,-26.35115649720594
0.8366894384648855,0.1685128673721863,0.3407184326923842,-54.55319335642793
0.3654322927447014,2.913540793449521,0.04391941695225932,-25.34957153319372
0.3142964258344915,2.046483936248279,0.07627908016580764,-25.80569441448659
0.1364012269088984,8.667948173084575,0.001619278146230752,-20.97964865936568
0.6357198442212252,0.4794880844447249,0.2443271424511146,-56.74982036573694
9.682324783204268e-17,12.77202384722059,0.0001759209796861616,-23.70392943162265
0.1669584343367479,6.390409434419382,0.005736928020007914,-38.17391252609895
3.17603086687411e-16,14.82144664867159,5.90919075329488e-05,-20.75063543606533
2.449231293967717e-15,6.359066667075496,0.005839147960618407,-36.07366943713123
0.1311864759741186,9.172134896538289,0.001228638761865519,-28.5000896152372
1,0,1,0
2.171780875147503,6.119006606720632,0.006686796766877667,-119.9540641050488
5.840566125974614e-16,12.29658883046885,0.000226893452056065,-40.04765994158615
1,0,1,0
0.3430176619692399,3.376109806996254,0.03307400743015482,-42.10601090393677
0.3037884154976242,2.19755437282894,0.06911494631714399,-17.16183059826424
0.2098119642498376,4.404807789097376,0.01791888155616261,-45.89353727278606
0.136404586026383,8.667572557407098,0.001619611949115085,-26.73631601015837
5.840566125974614e-16,15.40472046784868,4.338563149591801e-05,-26.41496169235806
2.804502661847769e-15,6.288210657304063,0.006077184786227152,-35.21126956548886
0.1994408941714454,4.798885629217914,0.01423907567909671,-16.12028040964932
3.17603086687411e-16,15.40307986532344,4.342331520917897e-05,-24.1228870390202
2.731941657024047e-16,12.77202384712567,0.0001759209796950989,-28.49671743580565
3.17603086687411e-16,11.65741617059996,0.000319735479169081,-12.29916190353615
5.840566125974614e-16,12.77202384724776,0.0001759209796836081,-20.70221331254437
3.17603086687411e-16,15.40472047168708,4.33856314077663e-05,-28.5131279300454
9.555848176237971e-17,10.02331362514012,0.000772855663052352,-18.31100574718099
3.17603086687411e-16,11.65739738579072,0.0003197387077535918,-11.78639353299745
1,0,1,0
9.555848176237971e-17,15.4005096949858,4.348241679080767e-05,-14.48889679227003
6.728744545674702e-16,15.40331087842513,4.341800697726939e-05,-41.36585866792444
1,0,1,0
1,0,1,0
1.028145822447522e-15,15.39535891684085,4.360110371343096e-05,-80.47262202710436
0.1023554862332253,12.96557014580534,0.0001586359129771009,-16.46454048069212
0.4988225126310034,1.852176584627983,0.08676522841042617,-39.63782317718458
0.1579731196701284,6.959718745973753,0.004168256832478345,-16.18668256516987
3.17603086687411e-16,14.82179710182879,5.908092789835839e-05,-12.29689866191899
1,0,1,0
3.17603086687411e-16,8.171225170105942,0.002128007461161374,-29.67754556612906
1,0,1,0
5.840566125974614e-16,8.17122517053442,0.002128007460658665,-25.74140643947709
9.682324783204268e-17,12.18308583791408,0.0002411239999612902,-32.80413957629391
9.555848176237971e-17,12.18311025284613,0.0002411208440077917,-18.5539334854695
5.840566125974614e-16,6.579896226748758,0.005156845260051723,-19.43779701826981
1,0,1,0
0.1703373694020447,6.191328406986685,0.006418889223315849,-41.48713372195201
0.3037700625171707,2.197840301542612,0.06910212507839741,-43.74999928748075
1.028145822447522e-15,15.40015554140058,4.349056696562048e-05,-74.46411635894881
3.17603086687411e-16,8.311828382195493,0.001969386068890466,-15.34915702774
3.17603086687411e-16,14.82284848391504,5.904800060624327e-05,-19.48466447042615
0.2446284333554092,3.354211666290105,0.03351664988888675,-17.01636313128692
9.555848176237971e-17,12.77202380661447,0.0001759209835049957,-11.91660593211743
1.028145822447522e-15,12.77202384680564,0.0001759209797251859,-86.11712500440017
9.555848176237971e-17,12.65868734376171,0.0001869122924615385,-20.10243475619057
0.318104927048556,1.99458811337756,0.07893098874316917,-40.30548121027462
3.17603086687411e-16,10.9414120997069,0.0004701923555945342,-12.4551569701178
9.555848176237971e-17,15.85757190623342,3.414636517357073e-05,-13.71955546302016
4.730343101349462e-16,11.98237459078239,0.0002685305170930796,-24.75471722856964
5.840566125974614e-16,6.580030471920232,0.005156456352729488,-14.74946923390032
0.3369825085328045,3.512924463014109,0.03044594071482309,-23.4190468424441
0.156523216970461,7.06015799719161,0.003940852307111442,-32.25866653289071
0.171475168986609,6.128266104332141,0.006651864030687293,-24.86335012498357
2.287852447174094e-16,12.65854924034575,0.0001869260997152122,-32.32851389244443
4.375925941960437,35.06648207344779,1.593192411331046e-09,-171.7647524943913
9.555848176237971e-17,11.65739734991573,0.0003197387139195484,-11.78562805474512
5.840566125974614e-16,11.98237463483693,0.0002685305107447689,-42.78175302819592
9.682324783204268e-17,11.86867857264886,0.0002854295116941907,-43.90102271689819
3.17603086687411e-16,10.94128468393776,0.0004702246914393138,-24.61630478634766
0.3321856223784054,3.627665071974512,0.02841324455899674,-28.92750023260319
1,0,1,0
2.731941657024047e-16,9.526200782257934,0.001012795052812265,-14.47038437961482
0.1662096551540548,6.435344227877351,0.005593573790934503,-22.54465583133401
0.3430161649935054,3.376175200461695,0.03307269497640353,-22.58229779400004
0.1703551855174138,6.190268609426234,0.006422734387095619,-18.75664716333731
0.1825886791606698,5.543028091445507,0.009277225252911969,-38.3817745803425
0.1023441026279895,12.96752046181149,0.0001584707459328372,-14.59278435675862
9.682324783204268e-17,11.86886944150464,0.0002854002606966777,-32.83001512067963
0.3336817579863626,3.591912151095528,0.02903069967497052,-39.02284074289897
6.728744545674702e-16,6.579990195242402,0.005156573030825617,-27.77451978090007
3.17603086687411e-16,10.02345216502526,0.0007727975333910453,-12.91612137432656
0.333698525086538,3.591515797674965,0.02903762405714849,-22.05830617967199
0.156351174666513,7.069870622410235,0.003919545793752532,-37.96415746258835
0.334354608147137,3.575367766709746,0.0293212311477058,-44.11903265488914
0.1300485476276144,9.288314865450417,0.001153101061315054,-36.48031167493536
3.17603086687411e-16,10.94128487834485,0.0004702246421005585,-17.61809909306433
5.840566125974614e-16,11.73096912120766,0.0003073428750615115,-31.03864939335732
2.731941657024047e-16,10.02347976048527,0.0007727859551984739,-13.60900560160846
0.1683967591792159,6.303547986424775,0.006024828326988363,-37.94582231060126
9.682324783204268e-17,12.18297520067313,0.0002411383018132152,-38.89980128949208
1.028145822447522e-15,6.290515314144869,0.006069287730138428,-73.09674650521454
0.1703377282133725,6.19121018417664,0.006419318042745981,-34.37344945567372
0.1826604718155472,5.539580072672656,0.009295521620883151,-24.12435115492435
9.555848176237971e-17,14.65351504538411,6.459674141751082e-05,-11.5548034511422
0.1331562115035428,8.973589231595156,0.001369549952900562,-16.73677425236029
0.3408757759036373,3.423354449279586,0.03214013728303255,-29.89611484353913
5.840566125974614e-16,11.86886912590416,0.0002854003090604906,-24.89180082948521
1.028145822447522e-15,5.974835346872496,0.007255718142933798,-39.92138321619737
5.840566125974614e-16,11.86873110682084,0.0002854214604353644,-30.05217763265356
0.1827316815801812,5.536118660619419,0.009313926550917506,-14.82788995176052
4.936130869128893e-15,10.94033632047928,0.0004704654397921781,-143.635852637941
0.3325125432876217,3.619776169661954,0.02854827723090508,-30.24670337588585
1,0,1,0
1,0,1,0
1,0,1,0
0.1994797602741867,4.79723694054897,0.01425270895038883,-43.88178106948641
1.028145822447522e-15,6.294241399511179,0.00605654234555042,-55.96395631177036
3.17603086687411e-16,12.65849365186691,0.0001869316576105229,-23.80920357593964
5.840566125974614e-16,11.65736937219349,0.0003197435225704703,-32.63307123979087
1,0,1,0
3.17603086687411e-16,11.9823746348738,0.0002685305107394398,-13.09186509332197
3.17603086687411e-16,8.171225170712994,0.002128007460449166,-13.11142785206031
1,0,1,0
0.1565512426868328,7.05823659242624,0.003945081291482577,-37.87034091006036
3.17603086687411e-16,11.73096195437979,0.0003073440586299214,-17.98683920780924
0.6343280178158114,0.4844720366288016,0.2432018101347238,-82.07498137254802
1.028145822447522e-15,6.357559049205562,0.005844111715417932,-41.89616056953167
0.4989563419134392,1.850566303233563,0.0868587721867895,-42.19239544678818
5.840566125974614e-16,6.289109247317313,0.006074104454783735,-28.5133465107611
9.682324783204268e-17,6.359476268756836,0.005837800115885805,-26.28375180028432
1,0,1,0
5.840566125974614e-16,11.86892425109675,0.0002853918615868256,-17.93738429091155
9.555848176237971e-17,11.73098152530326,0.0003073408265935051,-11.08055807795206
0.1364026720888718,8.667823383308125,0.001619389036900232,-22.44389386643434
0.1668879632171108,6.394607268941456,0.00572337755209873,-40.17123716575915
2.804502661847769e-15,6.355789326792333,0.005849943963692983,-50.17426608536655
3.17603086687411e-16,12.65852157567437,0.0001869288656874413,-24.33667426937293
0.2445484621114212,3.356230985453312,0.03347556828121701,-15.01528892666506
5.840566125974614e-16,12.18283567488912,0.0002411563392492044,-43.87953205706267
9.682324783204268e-17,12.65854580687252,0.000186926442998836,-18.25648582102896
0.2406029027900611,3.459094411316542,0.03145237893799085,-20.11543314200199
0.5054603045480088,1.773041109833841,0.09150308259490936,-36.07552549998376
5.840566125974614e-16,12.02597001021246,0.0002623219391921783,-41.16232462127056
3.17603086687411e-16,10.94143212331991,0.0004701872741639246,-19.66207396162217
1.187710705559775,0.1952786129371304,0.3292795559289971,-76.29543906490699
5.840566125974614e-16,5.975109297202195,0.007254591113665332,-26.65188740099791
9.682324783204268e-17,8.171225170657472,0.002128007460514281,-19.19420223916011
1,0,1,0
0.5479528857752962,1.337392615713469,0.1237471548168709,-77.40124679251909
0.3326447522455976,3.616594515454736,0.02860292957067684,-30.72376995946208
0.2729435126232452,5.453368874471479,0.009765314654730184,-26.86395251974337
1.012973807552334,0.001321083804157297,0.4855029500544752,-89.95998538453921
6.728744545674702e-16,6.579870638997377,0.005156919391000658,-38.32321594775385
2.449231293967717e-15,6.015353405094743,0.007090969060799535,-79.64749057115091
9.555848176237971e-17,10.94132479024556,0.0004702145129327762,-10.65677614377154
1.013040590776566,0.001000356082613507,0.4873841948997394,-67.69753612703693
1,0,1,0
5.840566125974614e-16,12.77202384722553,0.000175920979685662,-30.11014667048529
0.5483518304866231,1.333838364194591,0.1240617575740269,-58.10228534783193
1,0,1,0
1.550329272206236,1.499116085423367,0.1104037083876784,-73.41661580731494
5.840566125974614e-16,14.82179884076481,5.908087342293422e-05,-31.36039877185225
9.682324783204268e-17,11.86895518908673,0.0002853871207098568,-25.87341260374968
1.028145822447522e-15,15.40331761975852,4.341785208433757e-05,-105.0346236277747
9.682324783204268e-17,12.58075069063939,0.000194870076773046,-32.12827349506217
1,0,1,0
9.555848176237971e-17,11.73098156462268,0.0003073408201001437,-11.08121487392806
1,0,1,0
0.2446112564496453,3.354649836030283,0.03350773106361316,-26.0342127863001
1,0,1,0
1,0,1,0
9.555848176237971e-17,12.58079792471773,0.0001948651518278721,-25.69404127024148
0.6324403266705022,0.9820533048952029,0.1608462017710857,-62.40627883772643
0.3369091885290147,3.514570048654761,0.03041571929947323,-34.84068329154336
0.4999910232904343,1.838112214321114,0.08758618429629034,-96.15615060089654
1,0,1,0
1,0,1,0
0.6820555036466699,0.6666184941814777,0.2071165219684178,-37.7464387428129
0.1260367506323905,9.714751387227615,0.0009139740303671373,-21.77318906971341
0.1662015063229245,6.435835814472711,0.005592025989296923,-48.73767367674826
1,0,1,0
0.1683884762694751,6.304069241085891,0.006023057101448903,-23.08384778905774
9.555848176237971e-17,15.40401529533532,4.340182487649891e-05,-13.39883052577951
9.555848176237971e-17,11.9823746348738,0.0002685305107394398,-19.63987191147388
3.17603086687411e-16,8.171225170618566,0.002128007460559966,-11.54831620454432
0.3158570217795855,4.047321198954734,0.02212074840061395,-48.9919478780504
1.028145822447522e-15,8.171225170656882,0.002128007460515002,-46.08058866827481
0.162602121498546,6.662183868701675,0.004924007730469249,-66.28355667971393
3.17603086687411e-16,10.94136459811932,0.0004702044103855885,-19.22621487005731
9.682324783204268e-17,8.171225170652242,0.002128007460520442,-26.03114939784462
3.17603086687411e-16,8.312702285044409,0.001968438745964807,-27.05542877220524
0.3409901922402398,3.420807623915252,0.03218975521854689,-36.82044462966197
9.555848176237971e-17,11.7310216712655,0.0003073341968036214,-12.18416870839017
0.3134034737965383,4.116449838917461,0.02123405475146212,-35.90504144868967
3.17603086687411e-16,10.94130478846046,0.0004702195891214123,-17.43525445618319
1.028145822447522e-15,5.974643915627176,0.007256505796378154,-25.95661060499571
0.3369746399943523,3.513100734027134,0.03044270194470317,-26.44491296558318
3.17603086687411e-16,14.65551850797752,6.452811557450255e-05,-27.31220893342929
1,0,1,0
0.8536434591788563,0.1317630232705085,0.3583055170641393,-45.23868342406279
1,0,1,0
0.791139486542481,0.2965449210361584,0.2930282983087536,-49.94459563576292
2.287852447174094e-16,15.39980288014398,4.349868432468318e-05,-60.02332964482861
0.1661840204014274,6.436889485343102,0.005588709898550814,-41.84255088939725
0.3655522436339855,2.911245806556451,0.04398195108727987,-58.05415868517147
4.936130869128893e-15,6.299009893942639,0.006040271404569253,-72.03653189259006
0.1703420950681387,6.191094377346069,0.006419738127448504,-16.27796081768696
0.240614333302767,3.458779048236892,0.03145837852066719,-22.25528685348212
9.555848176237971e-17,11.98237459074196,0.0002685305170989083,-15.42182802946084
0.3940433435128466,3.633513170393144,0.02831358153593316,-65.79456243963531
0.6864378384231959,0.6432220528556343,0.211273223954413,-52.73761031116464
6.728744545674702e-16,8.171225170710215,0.002128007460452441,-20.11830677035136
0.6078413612930799,0.5882824956770918,0.2215420182874563,-28.7757061786469
3.17603086687411e-16,11.65738806188798,0.0003197403102845331,-18.55714496079827
6.728744545674702e-16,6.360579979465783,0.005834169809692369,-16.83346711262979
0.1565005263794045,7.061724879831985,0.003937407052701014,-17.04567599393959
3.17603086687411e-16,11.6573890525918,0.0003197401400085176,-25.67927750928617
4.730343101349462e-16,8.17122517065965,0.002128007460511727,-11.95468233007692
4.730343101349462e-16,8.312072044961649,0.001969121888414582,-14.65407931278081
0.1667760367297781,6.401321565382368,0.005701772285313211,-14.37973091120684
0.6651432951236185,0.7640700755615342,0.1910288983426416,-57.01643558887196
3.17603086687411e-16,12.77202384724679,0.0001759209796836636,-16.09278782164862
9.555848176237971e-17,15.85740278317861,3.414941697360563e-05,-18.41337952268907
5.840566125974614e-16,8.313034945942952,0.001968078258735073,-29.07484758101235
0.6288208450104351,0.5048120210186795,0.238696679193736,-59.57987658571432
0.1661473068576187,6.439095824040045,0.005581772690777531,-28.19124022606001
0.3177286526359711,1.999445486982978,0.0786783823574117,-77.69046483042958
0.6647155937910686,0.7666537820568351,0.1906271132196047,-63.18756591780244
0.1661971455894565,6.436108125106387,0.005591168785584355,-15.30556596134124
3.17603086687411e-16,9.527032982223698,0.00101233589725408,-14.41037424495749
2.287852447174094e-16,6.290701417992103,0.006068650493340266,-17.97075943283724
9.555848176237971e-17,15.4044845206023,4.33910490443834e-05,-14.50072525791745
1,0,1,0
0.1714417557118256,6.130177157349252,0.006644677709896463,-15.75939200185242
0.126037617270209,9.714658070391295,0.0009140204395525764,-28.60697768058247
0.1994829418279448,4.797108464304237,0.01425377191158489,-22.44574824890327
1,0,1,0
1,0,1,0
9.555848176237971e-17,12.5807885644078,0.000194866127787241,-25.40774125136549
3.17603086687411e-16,9.527032779853279,0.001012336008883674,-30.97992192964396
2.207218651572784,5.938801614190595,0.007405542969708079,-116.7256508620946
1.318456052041227,0.6970629517672933,0.2018861741868023,-100.3331744592397
425.8028455867412,23.30442484275171,6.914075667552311e-07,-21.77427598127217
0.9966099156581005,5.329070518200751e-14,0.4999999079050536,-4.533713434456828
0.5992140197895603,0.8158193575073938,0.183202664931062,-62.35847470125552
2.804502661847769e-15,6.171295991633755,0.006491972953019787,-46.75284574202684
5.029851144167218,23.69472661083182,5.644572355634203e-07,-176.2119842517918
5.840566125974614e-16,12.58078745499673,0.0001948662434611559,-25.81132370268793
0.1364169995922061,8.665708305677754,0.001621269711180318,-25.06085850226518
0.1331019768249872,8.978875597914143,0.001365593314731461,-13.07558337381754
5.840566125974614e-16,12.58063712346603,0.0001948819185702,-57.32633617949642
9.555848176237971e-17,11.65743487599334,0.0003197322642665701,-13.39795075150345