dN/dS,LRT,p-value,Log(L)
1,0,1,0
1.016152882373422,0.001782603764382884,0.4831613037984206,-97.59940575292374
1.125453476471035,0.1206386480023127,0.364171426981553,-85.32482986818964
0.3142225446241141,6.137016447760224,0.006619024590758915,-29.16486330366585
0.2524397428755669,3.166205219752939,0.03758846453083553,-35.68867858734418
1.589138869280304,2.213337421274247,0.06841119518285976,-92.58915728855752
0.6610022739831145,0.9866410985372625,0.1602823537061608,-65.86919487668033
1.492317168553967,0.8436551348446528,0.1791767443050244,-100.3093327222675
1.028145822447522e-15,7.91411895337842,0.002452523111051486,-37.58038655880241
0.5862020065094421,1.028588290883732,0.1552452341766655,-67.42429518272888
0.1321534424033166,9.074252310885079,0.001296167734783582,-16.63833101775109
0.634140073529861,0.9702182956045107,0.1623128713496187,-41.53633951500064
1.000078732617794,4.947781917508109e-08,0.4999112608352306,-85.30021081507958
1.059501948705071,0.0261590699541614,0.4357562241557953,-95.90448336995404
0.7500214333341112,0.5466584698882286,0.2298431325402279,-74.32070290063538
0.9387766725230906,0.02846391534544068,0.4330113841182011,-59.9303015380556
0.7496166198673802,0.5488156215575941,0.2294010173728981,-87.11238649513861
0.1263893445771697,9.672298578098086,0.000935335617982036,-16.40840140868325
5.840566125974614e-16,15.12159609835534,5.040175386034074e-05,-20.2514173117832
9.682324783204268e-17,7.522320822335381,0.003046955927884398,-20.58237432737562
9.555848176237971e-17,15.94146901152981,3.266577705829388e-05,-6.689828907643161
0.2095741040680571,8.820029664634454,0.001489709109808002,-21.40909645386335
3.17603086687411e-16,19.47342858711967,5.100444138705917e-06,-13.25803714418709
0.3915240147932589,2.460792365728622,0.05835994449832238,-37.15299435267647
0.1312008226943079,9.171589831260036,0.001229004740066597,-29.51534092853352
0.3745669365352605,4.120342878441789,0.02118524500856944,-101.8038848828105
0.1339922695575771,8.891923771079931,0.001432173890217048,-29.25633279629207
4.730343101349462e-16,14.91208891756308,5.631943261702466e-05,-26.02929819396948
2.731941657024047e-16,10.45674273092747,0.000611012844348946,-16.00149765515881
0.1321956468073341,9.070063788420832,0.001299140027827717,-31.29142841013347
0.2530776564352339,6.298210478546309,0.006042996014862967,-26.70459054938122
3.17603086687411e-16,15.10663720941072,5.080271330876185e-05,-19.14361489340612
0.1320351130333768,9.086023411609219,0.001287851536636686,-40.66664957194442
0.1265009848074592,9.660108062342935,0.0009415627150962114,-22.017948816302
3.17603086687411e-16,15.10663715151045,5.080271486690435e-05,-19.55843791562464
1.056711494133468,0.02384715865517251,0.438637221875418,-88.00700121195628
6.728744545674702e-16,7.907265095862044,0.002461832544092102,-51.60244830291261
0.2727786746146796,5.457088237183243,0.009744548581094747,-48.40628596245598
0.4349338384891481,2.793592062961736,0.04732093162097684,-41.01900804220545
0.1341095773084227,8.8805366253833,0.001441134066182792,-19.61869888366494
9.555848176237971e-17,15.15014154093518,4.964543445851177e-05,-12.35205114337381
0.132153441436507,9.074252403729169,0.00129616766897539,-16.63815539859296
2.731941657024047e-16,15.15014012360478,4.96454717261452e-05,-19.10947071761713
5.114956077737342e-17,15.12159609835971,5.040175386022971e-05,-12.68160902203104
9.682324783204268e-17,15.24077895648172,4.731883874137255e-05,-53.15662719890993
0.167053579635612,6.386172067901967,0.005750639494665644,-46.33780021280288
0.7926465715235494,0.3499036667541873,0.2770838335406126,-65.38301693718297
0.938207447066287,0.02901713905794168,0.4323697348666686,-110.8599669693138
1.239270435315014,0.3854176448330691,0.2673589855828873,-111.0438151802497
6.728744545674702e-16,7.914723406522199,0.00245170381962373,-43.31160662936205
0.2724233898885001,5.471000727080252,0.009667275733042491,-36.20831210571468
1.651151728042077,2.77643806576279,0.04783035174289879,-120.7618827243598
0.8727381999612372,0.1160711529032596,0.3666676679259805,-86.47714375094927
0.2625645010232447,5.877927926980078,0.007665927272286543,-66.59866094506052
0.8053286971173153,0.3019233296083712,0.2913395853888991,-99.89523466175255
0.9288590637597747,0.05014780565790034,0.4114031401430997,-111.2943552839669
0.2905029431392208,4.814678373759804,0.01410916861668554,-42.34072042084671
1.028145822447522e-15,7.909296028307665,0.002459070228891413,-80.8403506083164
9.555848176237971e-17,15.9412709908687,3.266919451672123e-05,-13.768342839326
0.5812805102129659,1.419090346477532,0.1167765928329781,-45.61795275980171
0.2526820221574465,3.160408416414256,0.03772215329976475,-44.29444733807235
0.7539510706244208,0.6136747233629478,0.2167037786336785,-66.39937136318579
0.1026829989170849,12.90955407553497,0.0001634545832659984,-31.82124759596204
1.057134381162445,0.0241913364617119,0.4381995281185947,-80.72359059582467
0.8765412642742956,0.1268128320596702,0.3608798829122796,-60.16169376086994
0.1294251694337689,9.355911775130217,0.001111336843211019,-23.65584758707807
9.682324783204268e-17,7.990852208282121,0.002350714024281164,-53.65698834799193
0.1311952329789593,9.172352015116516,0.001228493010742293,-16.61267194796408
1.028145822447522e-15,7.98865932590752,0.002353562911537987,-46.55364849580484
0.3080806195290967,6.402133806971477,0.005699164335710993,-52.59741338880531
0.7261850955206949,0.5696174545706896,0.2252054849160418,-47.99027854483533
3.17603086687411e-16,15.94653555411892,3.257846039717016e-05,-39.3256551532067
0.9394133025120397,0.02784857527706208,0.4337326584053173,-85.24880460897084
0.1350932838954271,8.784297179400056,0.001519173020540443,-35.60414796499628
9.555848176237971e-17,16.02105906749371,3.132091264085313e-05,-13.43575971707855
0.1026251166313782,12.91940877119266,0.000162596278929894,-49.28761493561156
1,0,1,0
5.840566125974614e-16,14.77189983096117,6.066505626278751e-05,-53.02604468714026
0.2525068994810082,3.164510330674759,0.03762750016744926,-59.38652439104211
3.17603086687411e-16,18.76677433852942,7.385915399893417e-06,-54.27607041837874
0.1339865283137674,8.892351127783456,0.001431838720791556,-34.51529162022163
1,0,1,0
0.1362116714918499,8.681609630590387,0.001607184850684118,-58.15005733761961
9.555848176237971e-17,15.94665248707232,3.257644795168213e-05,-13.91092930883203
0.5450436869068205,1.818499187131636,0.0887460132894744,-61.17300677924253
1.533921775172092,1.273041372826526,0.1295984474951632,-76.38875388380163
0.4117554285445164,3.24426632973865,0.03583688639922727,-47.43229436209231
0.6691898884133594,0.7401238157405601,0.1948106092287704,-66.41790904025781
0.2643740169702882,5.799458839614161,0.008015553920109109,-32.74283837407229
1.001940118356408,2.997176184749151e-05,0.4978159426760918,-96.21081601354483
0.8969009965829654,0.1103196630915022,0.3698902485408394,-85.80275441593476
0.3818946876459268,2.619773011306066,0.05276976860845128,-41.65757012094251
2.804502661847769e-15,6.991463055655883,0.004094969099995349,-4.562473337762539
0.1670308493876327,6.387531824409692,0.005746235867676197,-43.71707801815146
5.840566125974614e-16,10.22980890824737,0.000690944896836243,-17.78751828926756
0.1351153626062486,8.78329027611008,0.001520011804657995,-36.34327444198549
3.17603086687411e-16,15.15014155902327,4.964543398289223e-05,-28.30826436293373
3.17603086687411e-16,14.67096667585719,6.400141885865018e-05,-26.31570360328964
0.3966624837098857,3.572107070578213,0.02937885495436376,-40.67891104127956
1.671917761077007,2.236935281081429,0.0673739093104313,-94.53997897120279
1.201298216243855,0.3792641462345614,0.2689986580792375,-97.00251021040401
0.3817390371254095,2.622416106660914,0.05268194967165973,-25.59098312075668
0.6317449378965729,1.233808664914037,0.1333338100687768,-48.45078243693692
1,0,1,0
3.17603086687411e-16,18.76310889189368,7.400124878154113e-06,-20.48179755022033
0.1321565525455972,9.073944521442684,0.001296385915624698,-48.94621494777498
3.17603086687411e-16,15.94657152302013,3.257784135002328e-05,-25.45855804580458
9.682324783204268e-17,10.22980890965967,0.0006909448963071663,-18.59910095138209
1,0,1,0
5.840566125974614e-16,18.76379505524837,7.397462808589328e-06,-35.78285801964906
0.6328654083022929,1.223498562819714,0.1343375744526975,-69.18867715175865
3.17603086687411e-16,12.62261157273737,0.0001905542575130759,-26.80478961755851
0.4060703213440586,3.361319223167357,0.03337229012616338,-79.92757003347765
1.149252745438277,0.165923409962204,0.3418802553461686,-81.57105482337067
0.3909768365629921,2.469485548450578,0.05803795564259018,-26.06715272788665
5.840566125974614e-16,14.67094201956467,6.400225604358267e-05,-31.24901442581724
1.028145822447522e-15,14.67054335464204,6.401579392634194e-05,-70.16495887280043
6.728744545674702e-16,7.911288829472255,0.002456362846397997,-49.19591565161859
0.1072738000107462,12.16339842237836,0.0002436824785266301,-48.02234328760076
0.1361754793651907,8.684872558664267,0.00160431006908851,-55.90614013419907
0.2452872269410144,3.338096329670179,0.03384644223553435,-31.54169361240461
0.50041205010139,1.222486613943772,0.1344366022878676,-65.59264266097354
0.1988469501464071,9.643068963931029,0.0009503370275159018,-36.7381590682977
9.682324783204268e-17,10.47320759886779,0.0006055912099078298,-16.00221037377722
0.263595055059196,5.832345210679847,0.00786706726894365,-37.76287074331402
9.682324783204268e-17,10.47422377647358,0.0006052581971734416,-21.08277631842859
0.3821130947055248,2.616057823065447,0.05289348012070871,-38.74370547898688
6.740639792367023e-18,12.6217161065744,0.0001906455624572367,-6.415317089973056
1.092544207023569,0.06077763312951845,0.4026355273052502,-63.51351294995331
0.6214376087871833,1.598552519820515,0.1030542302531512,-109.7736858877303
0.1583919966395691,6.934506294500387,0.004227419881123518,-17.48837684298192
6.728744545674702e-16,14.67084552057806,6.400553269642062e-05,-35.71488683296698
1.678325647360075,3.622062224270167,0.02850907735586256,-133.248614884913
3.17603086687411e-16,12.6225334092736,0.0001905622255830575,-25.0171814840797
0.2588406620658437,6.041752076256429,0.0069857058850889,-53.92405091103279
0.5813343468088921,1.418526944277914,0.116823006546579,-80.72749460760126
0.5288220561059396,2.027423348835029,0.07724116055100955,-36.80238162649748
0.6977721393375044,1.02397134215181,0.1557894221714199,-74.75467146341236
1.843763237323921e-16,10.46938911182451,0.0006068442289117182,-6.767385414970206
2.804502661847769e-15,6.990682941733445,0.00409675424694067,-4.562473337762539
0.259075290412085,6.031385527407309,0.007026848853126211,-33.85554752595101
1.211168752108475,0.3092833237659249,0.2890601499144764,-95.82164301018959
0.2627432706285506,5.870474849734471,0.007698449104969751,-30.83540856856725
5.840566125974614e-16,15.79666725240658,3.526331421743745e-05,-45.19480842029839
0.9136587464432473,0.04194837996277556,0.4188591006015336,-143.2646089563073
0.8077089578234504,0.293461441994026,0.2940054239537405,-76.36664159693488
0.2901584215315203,4.826292973453576,0.01401441742164761,-33.5447007300798
3.17603086687411e-16,19.47955090167383,5.084122094767274e-06,-36.52807603264068
1.188951756081764,0.2540860454293181,0.3071062748457057,-96.68078445998577
5.840566125974614e-16,15.12159611646732,5.04017533767831e-05,-62.32055301810094
0.3749181941781654,4.110964125457429,0.02130303370752185,-49.95865838364706
9.555848176237971e-17,16.02105901362415,3.132091353202915e-05,-13.2104466784557
9.682324783204268e-17,15.94646356336338,3.257969943831762e-05,-51.56711921286186
1.038040446301215,0.01099880923860042,0.4582374158366174,-79.84814044995458
0.9203737960368473,0.04947171832890263,0.4119925429050403,-69.6902109276503
0.8750725387666098,0.1301340233927135,0.3591465596840598,-68.02558237298688
0.1064757228133847,12.28851236404974,0.0002278774345275125,-55.47718932881519
1.505236383409628,1.754875242715144,0.09263250925514688,-98.37113283717179
0.7253541691462569,0.5739265065416532,0.2243514162117592,-71.92920039939141
0.8967499587528736,0.1106668439397822,0.3696931085243841,-84.21583948628125
3.17603086687411e-16,12.62266461814004,0.0001905488501974806,-19.80421950419835
0.1954186147362591,4.960713173752637,0.01296475567164007,-24.43670064097348
0.4358419976154272,2.777333020965571,0.04780362725751974,-43.68464038832557
0.2679330214934587,5.65038305737707,0.00872577979151884,-27.58356943711626
0.2655463695353713,2.876172017692099,0.04494975156367592,-62.31854864548679
0.1049359695909965,12.52416367508381,0.0002008613359962275,-40.4404675028868
1,0,1,0
0.2524960513193371,3.164643584455831,0.03762442957183443,-75.78674646785376
0.3960333157162091,3.586602281884439,0.02912361011772902,-42.59779651204062
0.4357041427693594,2.779787258266367,0.04773042404991473,-42.47191124219589
1.019789858498547,0.002662932386442662,0.4794222720963915,-99.0605849632064
2.479514585423087,14.28026489907086,7.875381247501867e-05,-209.8475195278183
2.972938494653533,18.66265646975717,7.800410701697125e-06,-187.0948794987333
0.1908613314191736,5.160100106566233,0.01155578258578094,-30.14322061828726
6.728744545674702e-16,10.22980890954254,0.0006909448963510756,-44.41497767539688
1,0,1,0
0.2903079213647861,4.821291168609406,0.01405514040238037,-64.3525161786386
0.1371306929072618,8.603866726743547,0.001677250179981604,-27.60269741088473
1.30991533514114,0.8657399415265843,0.176068689521211,-113.997360051039
1.896802148205412,4.335892404851108,0.01865842444378185,-126.0757789816166
0.3342994790462804,3.578111111666459,0.02927284313353246,-58.67689604706325
3.17603086687411e-16,10.2298089093543,0.0006909448964215748,-18.88868207647799
0.2705017716766474,5.547998994505349,0.009250913385240644,-70.83902198279604
3.17603086687411e-16,14.91203679689519,5.632098861085844e-05,-17.71284036553411
0.2528395144069829,6.309085859136076,0.006006037927386965,-39.02333670527495
0.2901996994631519,4.824944057403037,0.01402538772824846,-29.49016393444674
1.028852233188417,0.007998225736031372,0.4643689785935886,-109.4555671430792
0.1451410673334317,7.905760908542824,0.00246388045956758,-21.14063256522081
0.6821440302692119,0.8325368375008537,0.1807700001686431,-52.82603790737213
0.660524949535628,0.9903421895234032,0.1598293774113854,-103.046679363137
6.728744545674702e-16,14.55869152707112,6.79302435673268e-05,-80.94687281913589
5.840566125974614e-16,15.15014155892507,4.964543398550125e-05,-49.80896525729415
9.682324783204268e-17,7.914210485603761,0.002452399027985663,-36.59875544773305
2.804502661847769e-15,6.986905349991678,0.00410540983714619,-4.562473337762539
5.840566125974614e-16,19.46039454822323,5.135368242592531e-06,-42.16204710974509
0.4064411054069688,3.354450726158746,0.03351178357619156,-44.87403629570581
5.840566125974614e-16,15.22760441259398,4.765007979457003e-05,-30.04547264623401
5.840566125974614e-16,15.24142587175274,4.730263348351471e-05,-34.11533234894578
0.1293855752597858,9.360026046688674,0.001108844974308909,-35.38503679489533
0.9974166535699707,4.061548648337521e-05,0.4974575468687215,-80.65662180437597
0.396948474277338,3.565537901436002,0.02949531271513922,-56.34111304715797
1.125008292429785,0.1464964000960833,0.3509531318250879,-96.22333474466335
2.521366504033374,12.81824012114447,0.0001716282221836951,-159.1557959368634
0.1264481266365278,9.665789363905859,0.000938655410040623,-43.61597497774984
3.17603086687411e-16,8.144445072950056,0.002159663571712656,-26.15528711179174
5.840566125974614e-16,8.14615996527592,0.002157622147008487,-18.81452624934063
0.597805829767375,1.896279672895702,0.08424766693884439,-104.6163499394634
0.6881309714209939,0.7933645826269924,0.1865423423866077,-84.01326585347697
5.840566125974614e-16,10.22282304459544,0.0006935668476612533,-20.34253842286277
5.840566125974614e-16,8.146890468205349,0.002156753145845125,-21.5001459520531
0.2681335029606839,5.642277576537332,0.008766208614115478,-23.13649533705678
1,0,1,0
9.555848176237971e-17,15.79606815283519,3.52744818933326e-05,-5.874251942784213
1.640889427245516,2.714477804245178,0.04972075402042408,-110.0359518105928
0.1954144145551122,4.960890702462208,0.01296342476292534,-21.26071081732272
0.7924204960446155,0.3507985562759472,0.2768307172607564,-60.19441634669467
0.3167563323216769,4.024841709422688,0.02241741348920029,-29.90265312126443
2.287852447174094e-16,15.15014155896641,4.964543398439103e-05,-32.72261670765125
0.5146471409028819,2.783485620522953,0.04762034243625884,-102.4342387239234
3.411457100081316,24.882117457346,3.04725736754996e-07,-213.4475278190468
2.731941657024047e-16,10.47326781353319,0.0006055714717237426,-13.23934251494964
1.844913529242098,5.23778886607306,0.01105067364716555,-116.0742402812732
0.3909107598500964,2.470537336347277,0.05799913143520569,-39.11209761947836
0.09944933356250769,13.478596225193,0.0001206501309360952,-29.72502460781291
0.1450666936245579,7.911751385591671,0.002455734860673964,-36.62455834177916
0.4360202311409,2.774114629206395,0.04789980845496655,-67.72712472783037
0.6338877510182624,0.9720330022701233,0.1620868384637468,-51.25205662975583
0.2905490168384181,4.813137560092912,0.01412178847514167,-67.03393712827327
3.17603086687411e-16,15.45093537490671,4.233751264864916e-05,-61.9369353852753
3.17603086687411e-16,14.67094743024506,6.400207232726274e-05,-18.04397900097644
0.1046584282329182,12.57428555865796,0.0001955453613849412,-22.99112991953213
1.378684202971647,1.019589835104682,0.1563081606111758,-149.8250333330591
0.5269015997362938,2.565390034695056,0.05461280784997397,-51.80472393268973
5.840566125974614e-16,18.62618288039694,7.951073685286136e-06,-38.00459838927065
0.2588936693639798,6.039407759016257,0.006994988319870221,-59.89094445064746
2.731941657024047e-16,13.77155552196783,0.0001032191551110784,-11.86005078660401
0.2637548089774456,5.825590552139474,0.00789733247540908,-51.99914891724371
0.413805873635513,4.267098828012323,0.01942860960785214,-58.33166970654838
4.093501537554857,41.64899132195796,5.461087138058929e-11,-214.3612572427233
2.217134890676013,4.437188995135642,0.01758204988033008,-89.53591086916781
2.287852447174094e-16,14.66540008087753,6.419070819091433e-05,-33.47621313541763
9.555848176237971e-17,19.4790897137125,5.085349789712978e-06,-27.48393739223332
3.17603086687411e-16,18.62515127066671,7.955377240409511e-06,-18.88208038472429
0.2429104670973509,10.19562746928154,0.0007038702563934018,-30.11468258545402
0.2680822424742441,5.644215817621799,0.00875652342910066,-50.3844222916056
6.728744545674702e-16,10.22980890973683,0.0006909448962783005,-34.09105207099311
1.563017897384486,1.378351866504744,0.1201910420285988,-64.86976066585208
1,0,1,0
0.3967891744007377,3.569200837837315,0.02943031604590002,-32.10327403859301
0.7576174006545284,0.2537312623094579,0.3072299745709466,-95.61947729302076
1.191155258722734,0.2593980050938001,0.3052670176368524,-79.47909000914272
1.22981602595055,0.358792615653357,0.2745887758325236,-120.3775111964641
0.1293974850771568,9.35879117079989,0.00110959229916896,-73.44240069573613
3.17603086687411e-16,18.76356732459398,7.39834621582558e-06,-28.54366416581222
0.505766709554233,2.359300890404796,0.06226899499141264,-54.51244197949863
1,0,1,0
1,0,1,0
0.6621108461004206,0.9780840486624385,0.1613361409625195,-53.67298317243174
9.682324783204268e-17,12.62248055917701,0.0001905676133708289,-31.6103100376768
9.555848176237971e-17,14.67089075388947,6.400399676437241e-05,-31.68206134538894
1,0,1,0
0.1321771904467859,9.07189374272297,0.001297840590772981,-25.41264623138586
5.840566125974614e-16,18.76379682590631,7.397455940305608e-06,-32.72876527120271
3.17603086687411e-16,14.90782532974848,5.644685951983197e-05,-12.97480968742483
2.804502661847769e-15,7.914030332405332,0.002452643253655351,-64.17810336834631
0.8001653970455825,0.3210063512681813,0.2855017457535821,-90.92671527723071
0.7921996606654651,0.3516712106809621,0.2765843097421181,-94.06946493525844
1.028145822447522e-15,15.45093537280255,4.233751269583363e-05,-65.26655044450997
0.1073092389431184,12.15797042824578,0.000244392679915495,-33.68303374837468
0.3910234751931895,2.468751783539275,0.05806505779158005,-36.54409829265981
5.114956077737342e-17,16.02105901362674,3.132091353197364e-05,-13.90525824124227
1.028145822447522e-15,12.62261225959526,0.0001905541874955285,-33.81354053584575
1.126350538700991,0.1222399949828059,0.3633088096130714,-93.7792389308993
0.3240585401893982,7.660832526304091,0.002821622930468004,-37.44728852450522
0.2724925158404507,5.468233556058777,0.009682594555632529,-41.11657561440785
0.6456854449670637,1.333122132068809,0.1241252729724059,-65.97139980186945
0.5368243149458881,1.921519172153296,0.08284464225309696,-53.58896060994176
1.126627888486659,0.122735378294152,0.3630432404751724,-91.03052586762105
0.6417510674188935,1.373713887815484,0.1205874049893743,-73.15344806908618
0.3342491893328225,3.579304570031482,0.02925181901975121,-33.78504955735039
0.102592368421268,12.92498707862215,0.0001621124466279489,-42.08131616647648
3.17603086687411e-16,14.77213494576922,6.065749250994124e-05,-18.20547509544683
0.9494460891956416,0.01911565139755567,0.4450177204056898,-77.73063000486039
0.4059952814863848,3.364058819234089,0.03331682440408856,-61.16879140058076
0.1908899027988075,5.158831562249595,0.01156422602893403,-31.97907893011827
0.1263807477724226,9.673060608154742,0.0009349477507529236,-33.30630615425913
0.6616847378018588,0.9813643285101108,0.1609311037304966,-58.67229596268868
1.434515779682452,1.272332060042572,0.1296648212982747,-103.8744998417281
1.587713383544847,2.20539369565779,0.06876438941217894,-156.1674485901914
0.6585332970465561,1.00625555156779,0.1579007836046968,-98.10033585416556
1.523345898761818,1.850961828776178,0.08683578473839587,-114.2486321638687
3.17603086687411e-16,15.94663815296611,3.257669463851975e-05,-20.08115147109537
0.4021732330021683,3.446611954495864,0.03169078364997824,-60.58710722427461
0.1321509609180456,9.074531945331778,0.001295969544319653,-20.57288089552108
0.1321576614882621,9.073832960674174,0.00129646500623698,-17.03402276821068
3.17603086687411e-16,15.94658078465399,3.257768195347177e-05,-40.30875001835051
9.682324783204268e-17,8.152092898993573,0.002150574665853111,-61.59150555831006
5.840566125974614e-16,15.1215960983578,5.040175386028523e-05,-28.11096958152735
0.9076867154203029,0.06775312228120356,0.3973183847806459,-88.02218045993577
1.308446260245365,0.5940218210987496,0.2204340530037962,-111.809954750053
2.287852447174094e-16,19.47966430385328,5.083820260654015e-06,-39.01099375362895
0.1247456426727393,9.856865223027484,0.0008459958238172249,-50.30259023224996
0.314285060034413,6.134412637140073,0.006628779055650236,-29.22725912939556
0.1339895497180279,8.891979180216936,0.001432130429170064,-38.72403083481026
0.9999425719923589,1.243449787580175e-14,0.4999999555139145,-4.358695638797643
1.131689871294479,2.575717417130363e-13,0.4999997975307038,-4.468969847108499
0.2926463460610284,8.881784197001252e-14,0.4999998811059355,-5.083917106821159
6.728744545674702e-16,15.12159615632015,5.040175231280086e-05,-38.05060085496087
3.17603086687411e-16,20.10728595919515,3.660861129350934e-06,-53.44529949808924
0.1372865647199283,8.589588562827998,0.001690451924821368,-70.88415442136508
5.840566125974614e-16,15.45093491546712,4.233752294074966e-05,-16.74102893632292
9.555848176237971e-17,12.62270649877373,0.0001905445810997941,-13.63454660656054
0.7158324502353786,0.3752380654690057,0.2700814132421996,-78.34106185463173
0.2680284298505566,5.646200256718089,0.008746618838131603,-73.28645162187631
0.7829184103092193,0.4680147258129352,0.2469509540226786,-75.4682325412621
0.5256287240981625,2.071524020155053,0.07503574612819652,-56.76747683527783
0.3910306080150068,3.706461229577201,0.02710109619361484,-71.22555956813079
0.677382897348348,0.8655194301802851,0.1760993568425392,-74.72720404274679
0.1322741628887939,9.062305506016585,0.001304663812421003,-39.34619311517632
0.1352765535681871,8.771082939575692,0.00153021843345974,-16.58437830218867
3.17603086687411e-16,18.7670031182425,7.385029421103084e-06,-45.4309905133923
0.8718477178859588,0.1178603858354563,0.3656833798902738,-72.80031438072471
0.1253556620125062,9.791354314409602,0.00087667140006642,-28.90240561735553
0.1294062706987696,9.357880464209103,0.001110143769863792,-76.4514800103062
1,0,1,0
0.3907862678792913,2.472519995680798,0.05792602430214716,-31.07369508756772
0.1319207780960126,9.097406270758597,0.001279861137526761,-65.63111745399162
0.5808622499823292,1.423239096556387,0.1164354993359799,-54.6347199413025
0.1989223538381523,9.636980735709628,0.0009534922306623783,-50.12709089500473
0.7962908827353268,0.3356899121527022,0.2811638575379692,-63.87914131748036
0.2905560280983767,4.812979391696416,0.01412308460001316,-26.36554969487806
0.2503653044375989,3.215148209294313,0.03647979186664396,-27.35547523785635
0.1074569503850619,12.12997781240108,0.0002480885514248854,-36.25030629161249
0.5056334242661286,1.181596297801747,0.1385156302899258,-69.84610437728115
9.555848176237971e-17,16.00470793841863,3.159258218082828e-05,-24.4524851368082
0.1323972688741615,9.050105762769803,0.001313398118416853,-46.23684632692007
9.555848176237971e-17,18.74464558565967,7.472118335294375e-06,-28.5442164701978
1.028145822447522e-15,7.982450534182803,0.002361648164585561,-45.18944483914932
0.1034767421421395,12.77542387526818,0.0001756015134417033,-29.71590213862493
9.555848176237971e-17,14.89243984344996,5.69091072417649e-05,-5.750951322420645
1.857079202955298,4.397340971353344,0.01799750562477476,-135.4221759114065
2.287852447174094e-16,15.435106705786,4.269359481462454e-05,-61.40245526767782
3.17603086687411e-16,11.95414238654791,0.0002726300969545514,-13.17322247137325
0.2709124658088081,5.532104735406236,0.009335316433788432,-43.08789602580978
0.2454133119928419,3.334958045007411,0.03391106826594859,-17.9157560528141
0.1671918554262153,6.377934868295242,0.00577739015855,-52.52208142249734
0.1076297794029708,12.10247758020435,0.0002517743479704682,-35.77033928064636
9.555848176237971e-17,19.45981862369598,5.136916932935165e-06,-27.12427107309095
1.028145822447522e-15,7.903768296513462,0.002466596026719614,-48.68939316225246
0.158519195238045,6.925982185506626,0.004247616181548175,-16.83948501037766
3.17603086687411e-16,19.45786646229407,5.14216988378724e-06,-31.89645321573289
5.840566125974614e-16,16.00464136810996,3.159369305860693e-05,-35.11491842600562
5.840566125974614e-16,14.75705796323684,6.114445275695601e-05,-19.41645253762565
3.17603086687411e-16,16.01558162876659,3.141165607206675e-05,-29.02944303021212
3.17603086687411e-16,19.47312064030886,5.10126651093179e-06,-35.46435324600819
5.840566125974614e-16,12.61821932399705,0.0001910025297886531,-25.19335450145224
9.555848176237971e-17,14.76711952508174,6.081904698651552e-05,-12.37608285566125
6.740639792367023e-18,14.66602334343546,6.416948646492671e-05,-5.511988354523186
3.17603086687411e-16,19.46876487336,5.112912860261165e-06,-15.55673548565657
5.840566125974614e-16,19.47839788951688,5.087192002817265e-06,-42.47069873796704
1,0,1,0
1,0,1,0
1.028145822447522e-15,19.45419696701902,5.152058504764856e-06,-93.70426731393414
0.08091150114721501,17.66754293253727,1.315387878936258e-05,-16.72600766718757
0.6600793962378937,0.9938086219645328,0.1594066461540047,-54.27244951276266
0.12643394309164,9.667409790026561,0.0009378278547337304,-16.92010377981725
4.004733053112191e-17,18.76402373905114,7.396575810558748e-06,-12.91841148892066
1,0,1,0
3.17603086687411e-16,10.229808909292,0.0006909448964448894,-24.7875437690206
1,0,1,0
0.195395695793671,4.961676940088552,0.01295753215197587,-44.56713725016805
5.840566125974614e-16,15.24109484437413,4.731092503706957e-05,-50.60940778929439
3.17603086687411e-16,15.2414798735885,4.730128098756614e-05,-19.98309381847205
6.728744545674702e-16,8.152338788450599,0.002150283090395833,-19.91378086266079
5.114956077737342e-17,14.91224637885004,5.631473208067561e-05,-5.753295192193902
0.5452750270278084,1.815717591390097,0.08891193518413859,-65.31467337897234
0.245151083231955,3.341452090199169,0.03377748341601966,-68.19196477546018
1.028145822447522e-15,19.47518426964771,5.095758129236572e-06,-91.41977500528597
3.17603086687411e-16,10.47320759400066,0.0006055912115032758,-16.00223088004041
3.17603086687411e-16,18.77397506433621,7.358080795272226e-06,-38.49958146876149
0.1953603516101557,4.963164327142493,0.01294639225058591,-17.7646614389895
9.555848176237971e-17,16.02105901364071,3.132091353175159e-05,-19.67866788689852
6.728744545674702e-16,16.02105906707445,3.132091264779202e-05,-86.88074165310904
9.555848176237971e-17,15.81148340790162,3.498825840375641e-05,-38.77103727111328
0.2527699682313245,3.158464308110254,0.03776710362758517,-48.0703098805087
9.555848176237971e-17,13.77162663742959,0.0001032152477005721,-13.41477309629997
3.17603086687411e-16,20.10757473757024,3.660308424302539e-06,-14.31491882010631
3.17603086687411e-16,15.12159609839172,5.040175385934154e-05,-25.32540019151554
3.17603086687411e-16,8.152476630662711,0.002150119654850069,-22.20089018765923
0.2681370337209713,5.642160654027016,0.008766793216945679,-24.37403074980017
0.1247566724181507,9.855623961376963,0.0008465668175757224,-33.19379677397301
0.2708771442093686,5.5335464141953,0.009327628010333266,-35.69576291523655
9.682324783204268e-17,15.81153616726743,3.498728281398078e-05,-39.87358535837245
4.068403306947221,37.46275043578157,4.658778918198436e-10,-187.1385753950007
5.840566125974614e-16,14.77215305737854,6.065690989043304e-05,-18.90412665262085
6.728744545674702e-16,15.12159615630239,5.040175231330046e-05,-50.36532775205539
9.682324783204268e-17,14.9118365474249,5.632696719731767e-05,-50.75678731655603
5.840566125974614e-16,13.77144187148736,0.0001032253999004862,-31.55825667542513
0.26367909350965,5.828779423855494,0.007883029360121807,-35.76718684517365
9.555848176237971e-17,14.91211078772266,5.631877972511745e-05,-18.79405062258025
3.17603086687411e-16,11.96295551253519,0.0002713436102174116,-23.85500125826715
0.2639057778497745,5.819202359167178,0.007926066082455552,-48.41599779075018
0.2706340671844246,5.543209561921415,0.009276263339467683,-23.62877250418125
0.1362000535530702,8.682704586210839,0.001606219564006361,-25.24907783760614
0.1450493930735524,7.912896538040826,0.002454180857018928,-48.91087070186331
0.08090427516503994,17.66957393743976,1.313984057765838e-05,-14.81409658791534
9.682324783204268e-17,14.91177259123327,5.632887678824749e-05,-58.73549107999675
0.2643609621082318,5.800013676294611,0.008013024945972558,-45.6625178797349
6.728744545674702e-16,8.152457308666385,0.002150142563623281,-28.69767908246477
9.555848176237971e-17,12.62271724748176,0.0001905434854470589,-13.49628242820412
0.2643734492663541,5.799494766324372,0.008015390139407774,-23.11967733684561
0.1246385845055704,9.866551293326836,0.0008415535083550751,-38.81085445567997
0.5303916050563695,2.006136390413133,0.07833192718250515,-64.48714996345024
0.1027831313069957,12.89262653767551,0.0001649395817542865,-44.55633582823268
4.730343101349462e-16,13.77142298937007,0.0001032264374590808,-24.17332815377467
0.1362355541708794,8.679467411976788,0.001609075084641476,-48.64783478492663
3.17603086687411e-16,12.62274347231375,0.0001905408122863661,-14.18904681222775
0.1340127821513708,8.889806333102371,0.001433835740781486,-51.64256112448458
6.728744545674702e-16,15.24125389024805,4.730694108323608e-05,-45.74517488031653
4.0479524494288e-15,7.914272493201025,0.002452314972778924,-74.43700017043591
0.2724338172654002,5.470460000266087,0.009670267180084569,-55.08875573235184
0.1450907661929687,7.909757980030442,0.002458442359315027,-24.87691832255635
4.004733053112191e-17,18.61610158983696,7.993230122183004e-06,-12.12052856616465
0.1047333398927358,12.56268867837298,0.0001967625788018013,-17.10926339159994
0.2724961494106075,5.468095545687888,0.009683359225823363,-36.02351504614714
9.555848176237971e-17,14.90549426997583,5.651665114164706e-05,-25.33622912365737
1.028145822447522e-15,7.525175979486633,0.003042130544802679,-40.70260882114849
3.17603086687411e-16,14.91190533427557,5.632491344631507e-05,-37.69726098302971
0.145141369859813,7.905677378257071,0.002463994234934985,-15.5919517310681
4.936130869128893e-15,13.76989781371469,0.0001033102794631424,-204.5285597522503
0.263897975032084,5.819533374349383,0.007924574557919395,-31.32480253119968
1,0,1,0
1,0,1,0
4.004733053112191e-17,19.47368516218164,5.099759056437225e-06,-7.426223493211243
0.4754631967265962,2.155529539819639,0.07102873003440247,-75.61956540268156
5.840566125974614e-16,7.918004106172972,0.002447261935888234,-58.21676520119066
3.17603086687411e-16,15.81150963603039,3.498777340787962e-05,-24.35766734300909
9.682324783204268e-17,14.77214417809778,6.065719552100779e-05,-33.16565242186564
1,0,1,0
3.17603086687411e-16,15.12159615633708,5.040175231235677e-05,-13.71871096111327
3.17603086687411e-16,10.22980890979369,0.0006909448962569842,-19.9867795993326
1,0,1,0
0.1247748089432961,9.853559699757014,0.0008475172649707874,-38.81091569752147
3.17603086687411e-16,14.67100475871981,6.400012580681791e-05,-19.85054707666739
0.5043389266085467,1.191552831985746,0.1375082776963423,-90.05168627105824
1.028145822447522e-15,7.988910679836351,0.002353236186242169,-55.15228766347331
0.3959678296337266,3.588115035936426,0.02909710828070128,-43.5089610855872
3.17603086687411e-16,7.912943403389249,0.002454117280785595,-29.81358066590059
6.728744545674702e-16,7.990811611186373,0.002350766734150134,-35.16070042049446
9.555848176237971e-17,14.6710043790362,6.400013869833909e-05,-11.98261165920093
3.17603086687411e-16,14.91211519732104,5.631864808591791e-05,-18.40241170588443
9.555848176237971e-17,14.67098544030735,6.400078173396384e-05,-11.57728963737835
0.1072993043701198,12.1595789796119,0.0002441819987404892,-29.29323590745686
0.1322194852150027,9.067700437350283,0.001300820180450357,-60.73528774773862
5.840566125974614e-16,7.987394476598269,0.002355207741868648,-51.53515878895115
0.1263768427386728,9.673514267586725,0.0009347169191372129,-35.29820298772853
0.1953097971445795,4.965296461374173,0.01293044081604061,-29.10610571073551
2.287852447174094e-16,15.2411208535456,4.731027350796113e-05,-57.94099917447356
9.555848176237971e-17,15.81134132127293,3.499088590774857e-05,-23.84564620368441
0.1908702980915865,5.159702565602295,0.01155842793443812,-22.20119332513228
0.5367386551324489,1.922633959707724,0.08278329244160182,-46.0230829844626
0.1319182603793237,9.09765767214374,0.00127968523099159,-49.06215272192213
1.028145822447522e-15,13.76868011900748,0.0001033772678670219,-37.20850680222698
0.6737023925448282,0.8916562069915415,0.1725144429604977,-64.33348726825359
9.682324783204268e-17,7.540903226966208,0.003015690001491489,-39.83062268059948
3.17603086687411e-16,10.22980890974149,0.0006909448962765241,-19.65237580364508
1,0,1,0
0.4352579470737869,2.787628055756898,0.04749737107901914,-82.83902062144519
0.2639794931039456,5.816102070357999,0.007940049756118173,-38.95184501693337
0.4304537633063145,3.835362982079232,0.02509106211691975,-47.11662731682014
1.331573060183267,0.9689408249951725,0.1624722381235386,-131.4722407436103
1.028145822447522e-15,8.152343884466575,0.002150277047971161,-39.23079038451991
1.028145822447522e-15,7.567743457656974,0.002971106687081115,-92.25132768526788
2.731941657024047e-16,13.77151765869989,0.0001032212355538964,-11.16693702488561
0.8059695453798532,0.2996374811614544,0.2920548884152608,-74.77772508414783
9.555848176237971e-17,14.91216744936032,5.63170882354469e-05,-11.87212355593372
9.555848176237971e-17,16.02105906747256,3.13209126412417e-05,-30.82832086890006
0.5809151404519785,1.422685479548136,0.1164809458388381,-69.56966195267525
1,0,1,0
1.358141629181865,0.8461196288880046,0.1788261993873103,-81.48052504587245
9.682324783204268e-17,18.76391162428034,7.397010657828051e-06,-32.20610934682216
5.840566125974614e-16,14.91207201742895,5.631993714350081e-05,-32.32456590873404
6.728744545674702e-16,19.47840534179076,5.087172155082698e-06,-113.0511532850058
9.682324783204268e-17,15.94654795567386,3.257824695734879e-05,-39.00847946541645
1,0,1,0
3.17603086687411e-16,14.67092893777011,6.400270023004806e-05,-17.64765010542408
0.1584236752778008,6.93238606414328,0.004232434175924782,-16.79389938534925
0.1953503220343896,4.963592521629856,0.0129431870994115,-26.80054356734671
1,0,1,0
1,0,1,0
9.682324783204268e-17,15.94657475123719,3.257778579096593e-05,-46.57554716804905
0.506127681406652,2.353700273136155,0.06249300887178788,-70.21110044751472
0.2680879295154504,5.644088197314616,0.008757160794479302,-35.84507112164872
0.5285729590636847,2.030772965942191,0.07707109718171312,-119.4458574086906
3.17603086687411e-16,15.9466201373419,3.257700468617397e-05,-19.38722827197602
0.08090799819164256,17.66853731202244,1.314700380244949e-05,-13.05703289553981
0.5452118975355457,1.816479744415403,0.08886643724547055,-45.63444042967923
0.1988396310212352,9.643672979834385,0.0009500245760197257,-30.21347093141688
0.3959639943029191,3.588200527760563,0.02909561132025429,-69.7112013408258
0.1450771394663823,7.9108765627739,0.0024569226949816,-15.59350719332923
0.1340068887026955,8.890486337231614,0.001433301832792333,-23.82280054413879
2.731941657024047e-16,19.47908817475872,5.08535388693554e-06,-14.46925950871979
3.17603086687411e-16,15.12159615633708,5.040175231235677e-05,-20.24662004376883
9.555848176237971e-17,10.22980890970358,0.000690944896290735,-12.02530703747294
0.2528172152442532,6.310146680138331,0.006002445359791275,-62.99840129011649
6.728744545674702e-16,10.22980890977479,0.0006909448962640341,-33.30280031385992
0.1293889851110733,9.359672027741709,0.00110905916804227,-91.33438344555854
5.840566125974614e-16,13.77155559256818,0.0001032191512318481,-19.7192052369902
5.840566125974614e-16,10.22980890975143,0.0006909448962728049,-26.58610633446711
5.840566125974614e-16,10.47428677703559,0.0006052375572880297,-33.71259604773122
0.4088876667775291,3.301133920940032,0.03461603821358805,-53.37791564730048
9.555848176237971e-17,14.6710235144992,6.399948898949681e-05,-12.67973857549752
0.249804691397029,6.454811593281562,0.005532613834311417,-37.03069285546211
9.682324783204268e-17,13.77147975222659,0.0001032233184130593,-25.0880748156542
1.028145822447522e-15,7.525165584200096,0.003042148099295261,-40.41201614931875
0.2681275632364913,5.642540140675784,0.008764895961865693,-27.52584764643487
9.555848176237971e-17,18.62682818031706,7.948382883482541e-06,-27.83629742519337
0.1362753964560509,8.675844534375507,0.001612276953501968,-14.09923006626019
1.231230542092744,0.3626695057358518,0.2735136927030263,-69.25673015405212
1,0,1,0
0.7599165201313228,0.4955110757943402,0.240739592587555,-58.64020501677741
1.028145822447522e-15,19.47277376544898,5.102192999983934e-06,-70.32537026364844
0.1319044776658013,9.099030697588219,0.001278724952617549,-42.65385864051763
0.2903382261337315,4.820161254741151,0.01406435681242219,-74.84390092561772
2.449231293967717e-15,7.922915441287614,0.002440627582561528,-74.4473201021293
0.1361922524508208,8.683510908447019,0.001605509106306913,-22.82220061112499
0.1909207870624224,5.157466818320451,0.01157331691969504,-23.07246269601179
0.1321554553842101,9.07405820550153,0.001296305324751668,-32.44161857247035
0.4134817166745959,4.275903614713826,0.01932820248795364,-76.95408139557459
0.9488542485063453,0.01959180101152924,0.4443415643776031,-74.79545878776737
3.17603086687411e-16,10.22980890980786,0.0006909448962516551,-20.67855582395005
0.4905117415325711,1.303233487574836,0.1268117168233879,-30.19840261989376
0.1352758893878008,8.771112569546752,0.001530193575547845,-27.90776571300671
5.840566125974614e-16,7.99169087122398,0.002349625402506439,-23.25297457204831
0.1247417905063109,9.857302637023984,0.0008457947016499712,-18.32451111852975
6.728744545674702e-16,14.77189736213899,6.066513569097376e-05,-40.50708653920104
2.287852447174094e-16,10.22980890968674,0.0006909448962970632,-18.55368211120852
9.555848176237971e-17,10.4734465428755,0.0006055128886228722,-15.30726618509395
0.2644380648350751,5.796774710065733,0.008027799942540659,-27.75582717537025
0.5280424817238321,2.037935902125028,0.07670885083173751,-58.60482448434903
3.17603086687411e-16,16.02105906749275,3.132091264090864e-05,-16.82213345461977
9.555848176237971e-17,20.10740665093663,3.660630122193087e-06,-18.90061480315827
5.840566125974614e-16,10.47438750987437,0.0006052045572487175,-29.71981687404193
0.5004334137291064,1.222321262378699,0.1344527920089933,-71.6857583048436
0.5279855254683262,2.03871152502191,0.07666974173823932,-50.53817652413847
0.5050466713792111,1.186101773361486,0.1380586437193163,-94.80704773466023
0.7913786444527616,0.3549371500739369,0.2756657735852807,-76.42428414183192
0.1319125659393643,9.09823980552158,0.001279278004180429,-16.25245443902684
9.555848176237971e-17,11.96640332729293,0.0002708419884199786,-15.11844503262652
9.682324783204268e-17,7.91449735442049,0.002452010183843112,-19.73254743842481
3.17603086687411e-16,19.47931890587935,5.084739636673774e-06,-15.57076145322854
1,0,1,0
0.1352761302140325,8.771134390335149,0.001530175269371936,-16.66186458839177
0.0993886124040705,13.48948971486566,0.0001199517137304706,-42.77907708911825
0.1583836299368349,6.93492523728559,0.004226429810764099,-29.16901096148882
1,0,1,0
1,0,1,0
3.17603086687411e-16,15.94660220680119,3.257731327244162e-05,-25.98545501253605
3.17603086687411e-16,11.96640316056829,0.0002708420126540934,-32.06558847276224
1.830589037210305,3.737403784501197,0.02660352845255953,-126.7628365208798
1.249390992435613,0.5518444010323265,0.2287825253750861,-116.9010737833743
320.5518436548274,22.78594623563934,9.0542546016259e-07,-21.0351551665126
1.003574311056922,7.460698725481052e-14,0.4999998910317899,-4.534497832753625
0.4634376515832115,1.98432170218075,0.07946793194519752,-69.562947808723
9.682324783204268e-17,7.809208115203688,0.002599033873443179,-61.72622386211745
3.059175580350893,9.825526661897641,0.0008605320650004189,-159.2896676474389
9.555848176237971e-17,15.94661663705229,3.257706492620915e-05,-19.74843527915021