dN/dS,LRT,p-value,Log(L)
1,0,1,0
3.386903547771653,2.055080784129125,0.07584960436991306,-23.26333639503342
1.46064854988755,0.1268377892377472,0.3608667629430987,-11.41410765194552
1.246940720524702,0.04523106486786688,0.4157898586448993,-11.54716475141652
1,0,1,0
1.55298806041408,0.1679642266010113,0.3409637188383675,-12.62314324847811
1.547591883678582,0.1654961069301066,0.3420729895023306,-11.68328215171227
10.17912059537333,11.30677009787436,0.0003861249577157277,-47.5085854469525
1,0,1,0
2.227210449174724,0.4985223109172594,0.2400750632632049,-10.9756434094554
1,0,1,0
1,0,1,0
2.928047641096635,1.660551913694832,0.09876441106275202,-16.71874299513844
1,0,1,0
1,0,1,0
1,0,1,0
1.459731348896593,0.126442539571535,0.3610747165372726,-20.71072204841708
1,0,1,0
1,0,1,0
1,0,1,0
1,0,1,0
1,0,1,0
1,0,1,0
1,0,1,0
1,0,1,0
1,0,1,0
1,0,1,0
1,0,1,0
1,0,1,0
1,0,1,0
1,0,1,0
1,0,1,0
2.804502661847769e-15,1.294040864001325,0.1276523021460376,-10.4042752296773
1,0,1,0
1.038263951005382e-15,1.292821364522862,0.1277643297554221,-10.45282049782928
1,0,1,0
1,0,1,0
1.028145822447522e-15,1.263682053386656,0.1304776386133341,-10.54252883038414
2.804502661847769e-15,1.184704318654408,0.138200183276743,-10.59770949515451
1,0,1,0
1,0,1,0
1,0,1,0
1,0,1,0
1,0,1,0
1,0,1,0
1,0,1,0
1,0,1,0
3.076088304908563,1.790995548123647,0.0904024562126553,-17.22467397379472
1.59506296717764,0.1875152841521199,0.3324963605164828,-21.71657893186625
2.804502661847769e-15,0.7109289831195866,0.1995677922398308,-11.80955161672765
1,0,1,0
1,0,1,0
1,0,1,0
1,0,1,0
1.028145822447522e-15,1.30323794599078,0.12681131079619,-11.00017055748566
1.221903932644721,0.03756567449652692,0.423158936207891,-25.00348450339481
1,0,1,0
2.804502661847769e-15,0.7110757982162568,0.1995434521011389,-11.8105535184441
1,0,1,0
1.696427846487481,0.235551162054346,0.3137189642158605,-12.59606557891073
1,0,1,0
1,0,1,0
1,0,1,0
4.936130869128893e-15,1.294040863997729,0.1276523021463676,-11.09822025104936
1,0,1,0
1,0,1,0
1,0,1,0
1,0,1,0
2.804502661847769e-15,0.7197464949243049,0.19811353802262,-11.38033852982009
1.221956733598834,0.0375813430504941,0.4231431124681994,-11.99246586449467
1,0,1,0
2.449231293967717e-15,1.367027529899328,0.121161626237629,-11.87480227368389
2.804502661847769e-15,1.303237908521922,0.1268113142084659,-10.99956944222475
1,0,1,0
1,0,1,0
1,0,1,0
1,0,1,0
2.804502661847769e-15,1.268591675269498,0.1300155235259218,-10.8573383734146
2.805525010099152,0.7751331135397344,0.1893168759996524,-13.77895513258873
1,0,1,0
1,0,1,0
1,0,1,0
2.449231293967717e-15,1.263690328058988,0.1304768580551426,-10.73011051563637
1,0,1,0
2.804502661847769e-15,1.263653680899743,0.1304803150625822,-9.849216557678259
1,0,1,0
1.598582024028046,0.1891721513215856,0.3318032618404756,-21.0730614362614
3.838695250863472,2.41865169795323,0.0599490439221318,-19.74377831819839
1,0,1,0
1,0,1,0
1.165444087084346,0.02226333196342978,0.4406943509591553,-13.00592596952852
2.248233505024153,0.5091117332044917,0.2377618165163544,-11.30895737056961
1,0,1,0
1,0,1,0
1,0,1,0
1,0,1,0
1,0,1,0
1,0,1,0
1,0,1,0
3.812119772293128,2.398219411224936,0.06073672212530307,-17.52150466478822
1,0,1,0
1,0,1,0
1.44831760732077,0.1215190211900996,0.363696396360648,-12.02620133091816
1,0,1,0
1,0,1,0
1,0,1,0
1,0,1,0
1,0,1,0
1,0,1,0
1,0,1,0
1,0,1,0
1.028145822447522e-15,1.127562574461759,0.1441479219792497,-11.65389338560643
1,0,1,0
1.449134317656759,0.1218674533753621,0.36350892286267,-10.47755305542644
1,0,1,0
1,0,1,0
4.936130869128893e-15,1.263661849121792,0.1304795445263355,-10.03406793983223
1,0,1,0
1,0,1,0
1.028145822447522e-15,1.263661904160632,0.1304795393343532,-10.03622245361612
2.664329674692659,0.7093778285946293,0.1998252175831666,-12.4482227074999
5.64667360488876e-15,0.7197464946520284,0.1981135380672894,-11.38033621120402
1.166465840375523,0.02251251205829163,0.4403658574780959,-11.00960921397983
1,0,1,0
1.532043264034613,0.1584121852144662,0.3453113030227318,-12.04043171472085
1,0,1,0
1,0,1,0
1,0,1,0
1,0,1,0
1.028145822447522e-15,1.638525491671786,0.1002639483490429,-10.688449834738
1,0,1,0
1,0,1,0
1,0,1,0
1,0,1,0
1,0,1,0
1,0,1,0
3.099735077430252,1.81217955635195,0.08912349635264138,-15.81021487045913
1,0,1,0
1,0,1,0
1,0,1,0
1,0,1,0
1,0,1,0
1,0,1,0
1.028145822447522e-15,1.382185782522786,0.1198645898835221,-10.43923534498838
1,0,1,0
1,0,1,0
1.688797126365658,0.2318712528294462,0.3150698903791923,-9.876226486649744
1,0,1,0
4.655820314096908,4.506927171511705,0.01687891764929933,-22.32226928655411
1,0,1,0
1.459905886008812,0.1265182246476257,0.3610348678630553,-10.72106161532653
1,0,1,0
4.936130869128893e-15,1.367027520089263,0.121161627082552,-11.87441595549823
3.006787276173723,1.731807897510805,0.0940900884979044,-18.94817015684443
1,0,1,0
1.460795309812051,0.1269023579122965,0.3608328259888421,-10.8215531972183
1,0,1,0
1,0,1,0
2.804502661847769e-15,1.184639325171421,0.1382067705038173,-9.31154513586905
2.333424369625502,1.101871544118822,0.1469278726343373,-18.1033404010095
1,0,1,0
1,0,1,0
1.690998352478166,0.2329293360390494,0.3146801128456298,-12.93080224958233
1,0,1,0
2.983973025148361,0.8553920269023578,0.1775157106170742,-19.57728137462045
9.682324783204268e-17,1.605039011491474,0.102595284364466,-12.81492960627779
1,0,1,0
4.936130869128893e-15,0.7109614362286969,0.1995624115429965,-11.11498283439478
2.804502661847769e-15,1.294040866629167,0.127652301904765,-17.58265546166865
1,0,1,0
1,0,1,0
1.280116454743272,0.05618137898886744,0.4063182654807629,-17.9989789505514
4.639066009316015,4.487982561132299,0.01706696837426969,-27.72686549292343
1,0,1,0
1.038263951005382e-15,0.8986133820901436,0.1715768933414394,-11.15568859083891
1,0,1,0
1,0,1,0
1,0,1,0
2.346075655378376,1.11416097426747,0.1455896152100292,-26.56872371492012
1,0,1,0
1,0,1,0
1,0,1,0
1,0,1,0
1,0,1,0
1,0,1,0
1.690360277890021,0.2326220692973919,0.3147931913949167,-10.97154743866117
1,0,1,0
1,0,1,0
2.449231293967717e-15,1.263625341404335,0.1304829884675551,-9.444027241557109
1,0,1,0
1,0,1,0
4.936130869128893e-15,1.294040864779198,0.1276523020746179,-17.15738937573614
2.449231293967717e-15,0.7111896331101555,0.1995245826337798,-12.14181194833069
1,0,1,0
9.682324783204268e-17,1.638522327159613,0.100264165698972,-11.97919105810333
1,0,1,0
1,0,1,0
1,0,1,0
1.501413590892368,0.1447723221487678,0.3517910141709408,-12.31288089789703
1.912273996782288,0.3420583823032501,0.279321743795357,-12.57900561942985
1,0,1,0
2.334891041174042,1.103294105570143,0.1467721604042801,-17.85651601099324
1.45990577909416,0.126518185513067,0.3610348884641795,-11.22883201280365
2.804502661847769e-15,1.382146459588355,0.1198679326982564,-17.51257132798829
1,0,1,0
5.64667360488876e-15,0.7552813277570891,0.1924046326195755,-17.17910295674151
1.028145822447522e-15,1.718059705541116,0.09497149760662538,-11.02550502244887
1.596063685047774,0.1879938848949223,0.3322957804025942,-14.69438267273558
1,0,1,0
1,0,1,0
1,0,1,0
1,0,1,0
1,0,1,0
1.45973137700438,0.1264425572269374,0.3610747072400246,-11.41435374962882
1,0,1,0
1.028145822447522e-15,1.294040866616253,0.1276523019059507,-12.22625581765945
1,0,1,0
2.804502661847769e-15,1.294040864831462,0.1276523020698193,-11.28546002767648
1.028145822447522e-15,1.63703362315599,0.1003664766161885,-10.45162586226295
10.69047916077248,14.58140221454966,6.711640721540624e-05,-38.82618588223937
1,0,1,0
1.294103921303424,0.0610248611886206,0.4024416886306714,-11.25620991079768
1.028145822447522e-15,0.8986133820706605,0.1715768933440553,-10.462359205778
2.804502661847769e-15,1.718101932936055,0.09496877568224288,-11.76716100061993
2.271595610028619e-15,1.184647442879839,0.1382059477353123,-9.497729352990522
1,0,1,0
1.777024469502334,0.2750371402989984,0.299986328164944,-13.57208037617397
1,0,1,0
2.271595610028619e-15,1.333872543920577,0.1240587275140099,-14.71689154200946
1,0,1,0
1,0,1,0
1,0,1,0
1,0,1,0
2.804502661847769e-15,1.565063139396116,0.1054627082839911,-10.50249619659782
1.028145822447522e-15,1.33387257253246,0.1240587249775817,-11.96828119827629
1.028145822447522e-15,1.184667686356701,0.1382038959891107,-9.717076926263474
1,0,1,0
1,0,1,0
4.362242940344538,4.202402147030611,0.02018337993783947,-31.11276504133515
5.319459865582606,3.429405935181833,0.03202256752615285,-17.3992583183951
1.028145822447522e-15,1.26365380107535,0.1304803037259664,-9.851668184899475
1.028145822447522e-15,1.638387263748214,0.1002734428497495,-11.554416643107
1,0,1,0
1,0,1,0
1,0,1,0
1,0,1,0
1,0,1,0
1,0,1,0
1,0,1,0
2.812528772512628,0.7783432986629357,0.1888241486670711,-12.91557860470237
1,0,1,0
1.028145822447522e-15,1.263661884412393,0.130479541197265,-10.03587484207043
1,0,1,0
1,0,1,0
2.804502661847769e-15,1.382225078909688,0.1198612494387336,-11.13246995943209
1,0,1,0
1,0,1,0
2.804502661847769e-15,1.292821364522855,0.1277643297554228,-10.45340570949099
1,0,1,0
1,0,1,0
1,0,1,0
1,0,1,0
1,0,1,0
1,0,1,0
1.038263951005382e-15,0.7108474733246055,0.1995813074185328,-17.95938656524811
1.555154543624843,0.1689561585991157,0.3405205867642573,-14.17770180104614
1,0,1,0
2.804502661847769e-15,1.333872543430257,0.1240587275574766,-12.23688891059927
1,0,1,0
1,0,1,0
2.804502661847769e-15,1.371808501473339,0.1207507005513039,-11.27830155771427
4.936130869128893e-15,1.127523210640415,0.1441521299039359,-10.95979028743673
1,0,1,0
1,0,1,0
1,0,1,0
2.569962270569241,1.329676095537003,0.1244314244759626,-24.44995295713034
4.936130869128893e-15,1.303235001160505,0.1268115789812135,-10.95180553892599
2.927385945954225,1.659947932260323,0.09880517707591485,-19.71325909648387
1.283318470082711,0.05727760986975028,0.4054258558315908,-25.24653073742317
1,0,1,0
1,0,1,0
1,0,1,0
1,0,1,0
1,0,1,0
1,0,1,0
1,0,1,0
1.551618861191909,0.1673365070990052,0.3412449340676539,-13.36636899479618
3.015173750831297,1.739182037451897,0.09362125072258093,-22.10010488769953
5.840566125974614e-16,1.294040866629185,0.1276523019047632,-11.01616144031929
1.028145822447522e-15,1.344210257407223,0.1231464217308411,-10.80354751061144
4.365158737047627,4.205916681642094,0.0201415981728752,-25.13470062643288
1,0,1,0
1.535721949606738,0.1600528717173191,0.3445539218909148,-11.11365429193564
1,0,1,0
1,0,1,0
1,0,1,0
1.028145822447522e-15,0.7553179208398113,0.1923988754608419,-10.39837480827585
2.804502661847769e-15,1.292821364519273,0.127764329755752,-11.14624730674212
3.011476745794698,1.73596109366941,0.09382569885165443,-19.37376174637988
1.69114128025866,0.2329765496145342,0.3146627457269453,-16.58358900161499
1,0,1,0
1,0,1,0
1,0,1,0
1,0,1,0
1,0,1,0
1,0,1,0
4.0479524494288e-15,1.255117760377711,0.1312886296053473,-13.973891875823
1,0,1,0
1,0,1,0
2.61686717825584,0.6871195419136207,0.2035729313735867,-13.32723379956148
1,0,1,0
1,0,1,0
1,0,1,0
2.804502661847769e-15,1.333872543428932,0.124058727557594,-12.23309387959354
1.578607055954347,0.1797618615687178,0.3357889864349545,-11.91911510691543
2.804502661847769e-15,1.292821364522858,0.1277643297554224,-10.45309314179634
1,0,1,0
1.028145822447522e-15,1.56412179523269,0.1055313646738635,-11.36710773591263
3.404318424862337,2.069840994785849,0.07511859202736626,-20.91570540932632
2.804502661847769e-15,1.367027520090236,0.121161627082468,-11.87441602870038
2.271595610028619e-15,1.333872529951364,0.1240587287523733,-13.8609762888289
1,0,1,0
2.232067277914989,0.5009248678073952,0.2395470125049996,-10.9722155663099
1,0,1,0
1,0,1,0
1,0,1,0
1,0,1,0
1,0,1,0
1,0,1,0
1,0,1,0
2.804502661847769e-15,0.7111648786259082,0.1995286857596895,-12.67181212413607
1,0,1,0
1,0,1,0
1,0,1,0
1,0,1,0
1.028145822447522e-15,1.638688970735409,0.1002527207798752,-11.3820629766213
1,0,1,0
1.548809430479685,0.1660519211665559,0.3418223472348347,-19.03697262176697
1,0,1,0
1,0,1,0
1,0,1,0
1,0,1,0
1.028145822447522e-15,1.046379389141855,0.153171211082296,-13.1031207959271
1,0,1,0
1,0,1,0
1,0,1,0
1.774807474858944,0.2739478096063301,0.3003478791620539,-11.29498110359359
1,0,1,0
1,0,1,0
1,0,1,0
1,0,1,0
1,0,1,0
1,0,1,0
1,0,1,0
1,0,1,0
1.028145822447522e-15,1.634200812513257,0.1005615002004832,-10.8503538786633
2.804502661847769e-15,1.638252120132844,0.1002827265193723,-10.86034297591631
1,0,1,0
1,0,1,0
4.936130869128893e-15,1.637982226021151,0.1003012698770223,-24.01537404625333
1,0,1,0
1,0,1,0
1,0,1,0
1,0,1,0
1,0,1,0
1,0,1,0
1,0,1,0
1,0,1,0
1,0,1,0
1,0,1,0
1,0,1,0
1,0,1,0
1,0,1,0
1.038263951005382e-15,0.7553464201281912,0.1923943918614857,-18.07738848274837
2.804502661847769e-15,1.638387259414792,0.1002734431474172,-11.55438452947068
1,0,1,0
1,0,1,0
1,0,1,0
1,0,1,0
1,0,1,0
1,0,1,0
1,0,1,0
1,0,1,0
1,0,1,0
1,0,1,0
4.936130869128893e-15,0.7553748259311917,0.1923899231172895,-11.50096731611795
1,0,1,0
1,0,1,0
1,0,1,0
1,0,1,0
2.449231293967717e-15,1.263689962022752,0.1304768925835878,-10.71998414081193
1,0,1,0
2.804502661847769e-15,1.292821367153827,0.1277643295136016,-11.70965234155773
1.028145822447522e-15,1.303237950028223,0.1268113104285014,-11.00027334088899
1,0,1,0
1,0,1,0
1,0,1,0
1,0,1,0
1.547591907964053,0.1654961081562476,0.3420729889488663,-11.68324983313167
1.578578193540112,0.1797489377541268,0.3357945441519397,-10.94387195290209
1,0,1,0
1,0,1,0
1,0,1,0
1,0,1,0
1,0,1,0
4.936130869128893e-15,0.7553748328001966,0.1923899220366891,-11.50120938981234
1,0,1,0
1,0,1,0
1,0,1,0
1,0,1,0
2.804502661847769e-15,1.638522326969188,0.100264165712051,-11.92852005056448
1,0,1,0
1,0,1,0
1,0,1,0
1,0,1,0
1.028145822447522e-15,1.344289103759721,0.1231394951070975,-11.90391376463536
2.093959926088373e-15,0.7111648973740827,0.1995286826520801,-19.24954866738065
2.804502661847769e-15,1.263682062122612,0.1304776377892596,-10.54283685632393
1,0,1,0
1,0,1,0
1,0,1,0
1,0,1,0
1,0,1,0
1,0,1,0
1,0,1,0
1,0,1,0
1.028145822447522e-15,1.18469605270284,0.138201021026521,-10.41043528874482
1.547702372547085,0.1655465375917657,0.3420502277724163,-11.68311425035207
1,0,1,0
1,0,1,0
1,0,1,0
1.028145822447522e-15,1.127523275948171,0.1441521229225199,-18.72735090651614
2.093959926088373e-15,0.7111648913970292,0.1995286836428085,-12.67232822643034
1,0,1,0
1,0,1,0
1,0,1,0
1,0,1,0
1,0,1,0
1,0,1,0
9.682324783204268e-17,1.371808503906308,0.1207507003426217,-11.89048935587306
1,0,1,0
5.625616485268448,3.614239674068173,0.02864345099703991,-21.80531395958861
1.038263951005382e-15,0.7194559789612356,0.1981612079730897,-18.35594652803646
3.101687043604562,1.81390129709844,0.08902047022000559,-15.83073188147834
1,0,1,0
1,0,1,0
1,0,1,0
1,0,1,0
1,0,1,0
1.280294484776155,0.05624101029006212,0.4062694860353331,-11.26645087033226
1,0,1,0
5.64667360488876e-15,0.7197202254884232,0.1981178478203388,-19.3946148546267
2.804502661847769e-15,1.382185707574617,0.119864596254705,-10.43828204309709
1,0,1,0
1,0,1,0
1,0,1,0
2.804502661847769e-15,0.8920182978626663,0.172465476935864,-10.60956690148064
1,0,1,0
2.804502661847769e-15,1.294040864818115,0.1276523020710448,-10.1852445114891
1,0,1,0
1.534285403098401,0.159404036890038,0.3448528995488335,-10.73598778057043
1,0,1,0
2.449231293967717e-15,0.8986133820696871,0.171576893344186,-10.4134518999956
1,0,1,0
1,0,1,0
2.804502661847769e-15,1.294040863997736,0.127652302146367,-11.09773523631505
1,0,1,0
1,0,1,0
1,0,1,0
8.48884454792928e-15,0.6928446853163734,0.2025992399979482,-57.36931798114875
1,0,1,0
1,0,1,0
1,0,1,0
1,0,1,0
1.690957837705856,0.2329138140016518,0.3146858229712048,-13.55795804193412
1,0,1,0
1.578077451299963,0.1795182652594498,0.3358937815064661,-10.53826742293561
1,0,1,0
1.028145822447522e-15,1.303237936563729,0.1268113116547082,-10.99993060883562
1,0,1,0
1.028145822447522e-15,1.367028515761991,0.1211615413271254,-11.92281569433095
1,0,1,0
2.804502661847769e-15,1.263625319684259,0.1304829905165436,-9.443771917982733
1,0,1,0
1,0,1,0
1,0,1,0
1,0,1,0
2.804502661847769e-15,1.367015221606604,0.1211626863339166,-11.22921296241459
1.448961994298176,0.1217934261696243,0.3635487279317896,-11.17173865928279
1.028145822447522e-15,1.303237945981998,0.1268113107969897,-11.0001703338388
2.804502661847769e-15,1.292821365353991,0.1277643296790303,-11.33342025105851
1,0,1,0
1,0,1,0
1.583144523959395,0.181820046810742,0.3349068821845714,-11.16976512048191
1,0,1,0
1,0,1,0
1,0,1,0
1,0,1,0
1,0,1,0
1,0,1,0
1,0,1,0
1,0,1,0
1.028145822447522e-15,0.8986133820901472,0.1715768933414389,-11.15585768553229
1,0,1,0
1,0,1,0
1,0,1,0
1,0,1,0
1.586985543332144,0.183610562082432,0.334144283610204,-11.33404960498823
1,0,1,0
1,0,1,0
1,0,1,0
1.028145822447522e-15,0.6707904742918309,0.2063880737417556,-10.49985820229498
1,0,1,0
1,0,1,0
1,0,1,0
1,0,1,0
1,0,1,0
1,0,1,0
1,0,1,0
1,0,1,0
1.695559430850284,0.2350808965767612,0.3138908734674751,-25.09119711318499
2.093959926088373e-15,0.7141510038280465,0.1990346069765802,-14.81131936666383
1,0,1,0
1,0,1,0
1,0,1,0
1,0,1,0
1.578610976035637,0.1797633491288266,0.3357883467443633,-11.63703985968312
1.028145822447522e-15,0.8986133820901472,0.1715768933414389,-11.15582657238737
1,0,1,0
1,0,1,0
2.449231293967717e-15,0.7198077957050231,0.1981034814630977,-12.47224022941817
1,0,1,0
1,0,1,0
1,0,1,0
1,0,1,0
1,0,1,0
9.682324783204268e-17,1.294040866629185,0.1276523019047632,-11.01582041045033
1,0,1,0
1,0,1,0
1,0,1,0
1,0,1,0
2.804502661847769e-15,1.294040864005932,0.1276523021456146,-11.09910178822807
2.811397515824232,0.7778304244683589,0.1889027477487565,-14.47161030242688
1.546207516810177,0.1648649320064557,0.342358210910849,-10.48185608020802
1,0,1,0
1,0,1,0
1,0,1,0
1.028145822447522e-15,1.638252095103166,0.1002827282388757,-10.86025025992951
1,0,1,0
1,0,1,0
1.028145822447522e-15,1.718098971872152,0.09496896654570663,-11.71838049973827
1,0,1,0
1,0,1,0
1,0,1,0
1,0,1,0
9.682324783204268e-17,0.9935531975311402,0.1594377449782137,-4.544344014043152
1.227712831931575,2.664535259100376e-14,0.4999999348790389,-4.358562925307724
0.8836434224324204,1.77635683940025e-14,0.4999999468289579,-4.362810627869275
7.902353367734034,11.89486000214858,0.0002814452932815015,-39.05176953108828
4.839320522749313,5.5155154896471,0.009424258872546776,-34.19062534739198
3.851287033937402,2.4283727425004,0.05957826724921045,-25.18256427264778
4.936130869128893e-15,0.7109617802065777,0.1995623545128929,-11.11640201684202
1,0,1,0
1,0,1,0
1.28331347413189,0.05719409825224631,0.4054935208655286,-20.92294652885674
1,0,1,0
2.449231293967717e-15,1.367014239507132,0.1211627709212773,-11.1813609757423
1,0,1,0