dN/dS,LRT,p-value,Log(L)
1,0,1,0
1.895414387783928,0.6664886876574272,0.2071392477475785,-30.90326954472768
0.8230390788141462,0.04046480086405779,0.4202872631040213,-19.62124634868381
0.7041547682196342,0.1385536675372485,0.3548615584966383,-12.2023499145767
1,0,1,0
0.8731352614608704,0.01924042055852127,0.444839719839202,-13.35208560658344
2.629275195535913,2.077990570541438,0.07471839374294043,-28.0976566946965
7.325864688131511,11.24238530669508,0.000399751708116014,-63.72577001386974
1,0,1,0
1.24464943269065,0.04450212298424816,0.416461090345943,-17.96980941033674
0.8720587916165534,0.0196001490828337,0.4443297848582041,-12.32941671661301
0.9834448640328866,0.0002804947071979313,0.4933188365183766,-12.0569348306759
1.648699529490863,0.4253929140367703,0.2571291389191783,-24.71974202822467
1,0,1,0
1,0,1,0
1,0,1,0
1.64879419173214,0.4254822225805057,0.257107060266594,-30.89347446016998
1,0,1,0
2.449231293967717e-15,2.294113077859066,0.06493268715226935,-10.68281621656178
1,0,1,0
1,0,1,0
1,0,1,0
1,0,1,0
1,0,1,0
0.8313725406201535,0.03626901740774002,0.4244805076261751,-13.70160321835853
2.804502661847769e-15,2.432053876664622,0.05943852570226194,-11.83445724527409
1,0,1,0
9.682324783204268e-17,2.328944048827726,0.06349399694324703,-11.12266709762103
1,0,1,0
2.449231293967717e-15,2.294113077870225,0.06493268715180261,-10.27606794662956
1,0,1,0
1,0,1,0
2.804502661847769e-15,2.296208177582059,0.06484513023193983,-10.63361407505466
1,0,1,0
1.028145822447522e-15,2.294113077859077,0.06493268715226885,-10.68221115128618
1,0,1,0
4.936130869128893e-15,1.285833180804406,0.1284086323821159,-12.57602252388215
9.682324783204268e-17,2.243491095658904,0.06708886890427501,-10.72123358934372
1.028145822447522e-15,2.105572719968283,0.07338169209866119,-10.91665788603709
1,0,1,0
1,0,1,0
0.8720587355282997,0.01960016873460546,0.4443297571316521,-12.32911362731983
1,0,1,0
1,0,1,0
2.804502661847769e-15,2.408336383470058,0.06034528270756451,-17.60450398869412
1,0,1,0
1,0,1,0
1.719768591200738,0.4936005031865847,0.2411627917821785,-25.73336564228218
2.704765896295037,2.185059843571281,0.06967782375917309,-36.40252893208987
4.936130869128893e-15,1.285098011628541,0.1284766469329013,-12.24206276555847
1,0,1,0
1,0,1,0
1,0,1,0
1,0,1,0
1.722835677251713,0.4965315340895842,0.2405140567356502,-34.33161414126078
0.6916102611161694,0.1541592463170858,0.3472959521529827,-26.7012165230885
1,0,1,0
4.936130869128893e-15,1.285710992537449,0.1284199336122222,-12.24491697883156
9.682324783204268e-17,2.432953683203753,0.059404422828509,-11.43635361349683
0.9520726227593039,0.002447777654616345,0.4802703717811687,-13.97149852515425
1,0,1,0
0.7248917227955367,0.1154247627831388,0.3670253393298013,-11.33602238197295
2.449231293967717e-15,2.892525294693463,0.04449566869491195,-11.23018229096296
2.804502661847769e-15,2.296208177577967,0.06484513023211069,-11.3278420230609
1,0,1,0
1,0,1,0
2.449231293967717e-15,1.30205419824966,0.1269191707035733,-11.79483271352337
1,0,1,0
1.028145822447522e-15,1.301495344604724,0.1269701311752154,-11.79285343919335
0.6918552704519586,0.1538438699876892,0.3474443766741768,-20.14235432328135
1,0,1,0
2.804502661847769e-15,2.432921405839146,0.05940564577366969,-18.28772642284955
0.859235374591516,0.02418727291136946,0.4382046771006918,-19.28998600231594
1,0,1,0
1,0,1,0
1,0,1,0
1,0,1,0
9.682324783204268e-17,2.259221221418915,0.06641041997617703,-11.11072576387396
1.553373281703584,0.1681989833301145,0.3408587066764195,-21.47587618434154
4.936130869128893e-15,2.752720451272829,0.04854455393603196,-19.92143355082961
1,0,1,0
1,0,1,0
2.804502661847769e-15,2.243510830144185,0.06708801290637462,-11.04904898016023
9.682324783204268e-17,2.432966260954984,0.0594039462822728,-12.04399092667233
9.682324783204268e-17,2.24345912342293,0.06709025574958372,-10.0277928798027
1,0,1,0
0.8947795638089356,0.01282070566887938,0.4549246788120559,-22.58294141446718
2.143694484341578,0.9146956595323132,0.1694357921248974,-27.55126044629493
1,0,1,0
0.8232523320641291,0.04035368673225292,0.4203953154885217,-11.41947624768689
0.6552567998847995,0.2065572254137287,0.3247396513792876,-13.71338548033036
1.267917514334385,0.05206361327132214,0.4097552831043798,-21.13032228634023
1,0,1,0
1,0,1,0
1,0,1,0
1,0,1,0
1.028145822447522e-15,2.296208180859942,0.06484513009505599,-11.65499542283881
1,0,1,0
1,0,1,0
2.135080387110467,0.9061415457082731,0.1705701286126848,-18.95467093883073
1.315026061377041,0.1370016788438733,0.3556400664426799,-23.51642012519286
1,0,1,0
0.8109835599959258,0.04705784300072935,0.4141321510750055,-12.81301262490562
1,0,1,0
1,0,1,0
1,0,1,0
1,0,1,0
1,0,1,0
1,0,1,0
1,0,1,0
1,0,1,0
9.682324783204268e-17,2.034187578666931,0.07689817089550111,-11.86056810043753
1,0,1,0
0.8112273907110695,0.04691784550218969,0.4142579869372394,-11.22786401002385
1,0,1,0
1,0,1,0
2.804502661847769e-15,2.243446779006966,0.06709079121634337,-16.96400506433166
1,0,1,0
1,0,1,0
2.804502661847769e-15,2.243478796836456,0.06708940238097477,-10.35488968341253
1.461526646418751,0.1271433050563004,0.3607062712668512,-25.91370518492315
2.804502661847769e-15,1.30205419825009,0.1269191707035341,-11.79483271694754
0.6555587897814026,0.206073236247839,0.3249313634102264,-11.79292293311954
1,0,1,0
0.8666260537072193,0.02147624097993273,0.4417445016263147,-12.97924747988695
1,0,1,0
1.268153349573904,0.05214214594981925,0.409688420136125,-12.11099913107035
1,0,1,0
1,0,1,0
0.6898200943444815,0.1564706901242587,0.3462134372637237,-18.99701046309632
1,0,1,0
1,0,1,0
0.7037904424046223,0.1389883861766776,0.3546443857461343,-12.20501830198947
1,0,1,0
1,0,1,0
1,0,1,0
1.745444443697388,0.5187859222998554,0.2356800164783148,-17.22083165936252
9.682324783204268e-17,3.05346932920629,0.04028243706700219,-10.27640437252125
1,0,1,0
1,0,1,0
1,0,1,0
1,0,1,0
1,0,1,0
4.936130869128893e-15,2.466803187220755,0.0581370984902923,-17.75172021133045
2.804502661847769e-15,1.671475104375048,0.09803053645699178,-18.46945729581696
5.840566125974614e-16,2.328862396590434,0.06349732781206591,-10.107340935047
0.9498812561234448,0.002684960103781719,0.4793374139557509,-10.63108054021471
6.728744545674702e-16,2.892807614270314,0.04448787331391435,-14.02774399517149
3.494556161300034,4.288851704417283,0.01918153358941777,-37.31014603658137
2.804502661847769e-15,2.294113081140949,0.0649326870150122,-11.70318768626867
0.8229073727713365,0.04053365425257738,0.4202203844131718,-11.52392498031394
1,0,1,0
6.728744545674702e-16,2.432966277893978,0.05940394564049056,-12.04488002248337
2.535649818865921,1.946642604622745,0.08147455098893125,-26.04075425004671
1,0,1,0
0.8230897501918254,0.04043855128124818,0.4203127754415016,-11.6358446348689
9.682324783204268e-17,2.75244084069951,0.04855304277591793,-11.59301523067961
1,0,1,0
1.028145822447522e-15,2.105457153389608,0.07338723613928516,-16.77461916707183
1.3114531781004,0.1344110248417465,0.3569508366466164,-19.49509240632924
1,0,1,0
1,0,1,0
1.904200106352489,0.6752603927469281,0.2056117921746551,-22.52625332800208
1,0,1,0
1.654042550521103,0.2153045407742411,0.3213205759500561,-20.3998285301515
1.028145822447522e-15,2.830305735834934,0.04625037412894328,-28.14820779736092
1,0,1,0
2.804502661847769e-15,1.285588253305736,0.1284312870370571,-11.54939952481992
1.028145822447522e-15,2.296208187930169,0.06484512979980428,-17.85615614221009
1,0,1,0
1.90679134178183,0.6778403031924682,0.2051657007084652,-19.44588597439038
2.188713870672737,1.438525423762968,0.1151890540466088,-43.85215744529495
3.461374381250082,4.232921095654845,0.01982357500819737,-34.61162497889804
1,0,1,0
1.028145822447522e-15,1.607297056523958,0.1024360846438115,-11.36227723313812
1,0,1,0
1,0,1,0
1.028145822447522e-15,2.237875354603759,0.06733295277837642,-12.75993268816959
1.315263450999534,0.137171269841069,0.3555547529673968,-27.9202473730282
0.9508911011842224,0.002574229067949574,0.4797676018023281,-9.89749277611115
1,0,1,0
1,0,1,0
1,0,1,0
1,0,1,0
1,0,1,0
0.9503471124465336,0.002633547774582468,0.4795360211959374,-11.72650084818811
6.728744545674702e-16,2.892525255901102,0.04449566976614466,-11.23004469845194
1,0,1,0
5.840566125974614e-16,2.243459170304948,0.06709025371597999,-10.02885505836543
1.028145822447522e-15,2.296208187930194,0.06484512979980311,-11.98726365611372
6.728744545674702e-16,2.236919521836708,0.06737459613672303,-14.17689328961448
2.804502661847769e-15,2.296208180744379,0.06484513009988163,-22.66001226127504
1.028145822447522e-15,1.285833180796562,0.1284086323828412,-12.5764015950815
1,0,1,0
2.287852447174094e-16,2.892807676745033,0.04448787158903256,-12.25666139358218
0.8857564772659182,0.01531571287190658,0.4507539709608457,-11.73799825092959
1,0,1,0
1,0,1,0
0.8430972151137802,0.0308354971943956,0.430303947721615,-13.12092121085143
2.139843926071186,0.9108723336651607,0.1699415344481991,-19.95878474272354
0.8733340031462039,0.01917437769917996,0.4449338656470211,-20.90810099577547
1.313125971748065,0.1356214615575482,0.3563366336375876,-19.21062615546934
0.8228134292223723,0.04058273127205325,0.4201727509812582,-12.04265307613919
1.028145822447522e-15,2.466847626042089,0.05813545446284329,-18.44637104329236
1.028145822447522e-15,1.373626863000581,0.1205948573382925,-11.49231031641923
4.936130869128893e-15,1.373626942371136,0.120594850541159,-11.4947843016713
1.314673046048575,0.1367410958912032,0.3557712708869375,-25.85527855205761
0.8947800499803377,0.01282057819998883,0.4549249019356122,-15.47576404110548
1.028145822447522e-15,1.607297056496201,0.1024360846457668,-10.58357131185839
1,0,1,0
1,0,1,0
1,0,1,0
1,0,1,0
3.312109959813597,3.987360939551024,0.02292140645450502,-34.07776449957363
1,0,1,0
0.8729686646561622,0.01929579899084644,0.4447609033168829,-20.32462906011074
2.449231293967717e-15,2.034180150751045,0.07689854658973599,-11.77246971667318
2.804502661847769e-15,2.296208180785513,0.06484513009816389,-23.2607533631626
1.028145822447522e-15,2.890149646468856,0.04456132355928061,-23.9077549471506
11.92399478066603,31.11879110495909,1.213551886758424e-08,-72.16408618060817
1,0,1,0
2.920429761382479,3.306282876706703,0.03450771851592982,-27.0526985555637
1.028145822447522e-15,1.607297056503082,0.102436084645282,-10.66866321892125
9.682324783204268e-17,3.053654116943235,0.0402778548319575,-11.97453734166901
4.936130869128893e-15,2.105476684615873,0.07338629914047817,-16.42752895466912
1,0,1,0
0.9840723161649834,0.0002594362859582588,0.4935745041607721,-14.29419382357276
1.028145822447522e-15,2.105572719969011,0.07338169209862616,-10.91665790880405
5.840566125974614e-16,2.373720990668151,0.06169631104364437,-15.0117536292166
1,0,1,0
1,0,1,0
0.8241418313113776,0.03989196885802215,0.4208459767993883,-11.52199714788755
1,0,1,0
1.028145822447522e-15,2.764903966638478,0.04817623454882031,-17.28759461718331
0.843513220726925,0.03065232251832128,0.430509153927142,-22.12872633039514
9.682324783204268e-17,2.105521041662637,0.07338417118802837,-9.89584643295426
1,0,1,0
1,0,1,0
5.76935536226082,12.92063499910631,0.0001624897978256823,-56.23083236661228
4.388144316165603,4.230049341671375,0.01985714301921371,-32.17730908001364
1.028145822447522e-15,2.2434592741781,0.06709024921026946,-10.03080276567411
5.840566125974614e-16,2.892666424988157,0.04449177163369117,-11.92422003938162
1,0,1,0
1,0,1,0
1,0,1,0
1,0,1,0
1.243993355830847,0.04429545571142768,0.4166524390137672,-12.74194800978646
1,0,1,0
1,0,1,0
1.555489105913926,0.1691691265523261,0.3404256446194743,-13.8663577699956
0.8712580625835843,0.01987031433431952,0.4439499405956552,-11.97967826990079
1.786611084454627,0.5589093007764703,0.2273500179856265,-25.36505448145727
1,0,1,0
1,0,1,0
6.728744545674702e-16,2.466891866942778,0.05813381780852178,-11.33964369593922
1,0,1,0
1,0,1,0
0.87186575583255,0.01966506262825618,0.4442382759423136,-18.22626834163886
1,0,1,0
1,0,1,0
1,0,1,0
1,0,1,0
1,0,1,0
1,0,1,0
2.804502661847769e-15,1.285343878961172,0.1284538954440847,-25.37982993966316
0.8776090735780545,0.01778702232038754,0.4469511774379032,-15.04345817925165
0.8713832394989762,0.01982795533593418,0.4440093212308907,-11.76926180025213
2.804502661847769e-15,2.373720989652504,0.06169631108377355,-17.82826117533559
6.728744545674702e-16,2.764012791125065,0.04820307215558745,-11.38965140961576
1,0,1,0
2.804502661847769e-15,2.432053873647007,0.05943852581666659,-11.50920296865461
1.028145822447522e-15,2.034143240227806,0.07690041350641669,-11.16648005769123
1,0,1,0
1,0,1,0
1,0,1,0
0.7246856709779949,0.1156378771102951,0.366907292156442,-19.31441776675493
1.028145822447522e-15,2.328944045645969,0.06349399707303766,-11.12259515450321
2.478030090599243,1.862449495984819,0.08617117969478988,-28.16030366856307
0.7279225967488842,0.1122869755659934,0.3687776596445792,-26.10770889187854
1,0,1,0
1.028145822447522e-15,2.892807665066009,0.0444878719114819,-11.07231553899251
1,0,1,0
1,0,1,0
1,0,1,0
1,0,1,0
1,0,1,0
1.750844159023607,0.524060732725296,0.2345573052702554,-21.66247173189761
2.556341364979428,1.976135338116407,0.07989906681634884,-36.61463266652377
1.028145822447522e-15,2.296208187930191,0.06484512979980339,-17.70611677330215
1.028145822447522e-15,2.408095718667056,0.06035456184177013,-22.39342476423566
2.440174895892519,1.80716804989973,0.08942416135862902,-27.03671949879196
1,0,1,0
0.8589328592386117,0.02430246781190704,0.4380588833207881,-19.20571577080321
1,0,1,0
0.8722103023325143,0.019549255381893,0.4444016380428998,-12.67789574527767
1,0,1,0
2.804502661847769e-15,1.373583195379702,0.1205985970155474,-10.71884534997206
2.449231293967717e-15,2.294113077854988,0.06493268715244005,-11.37583896134504
3.392638480131659,4.125175782959019,0.02112481555666029,-33.5723134505001
1.899832847604281,0.6709346033714709,0.206362975750455,-23.44861840611077
9.682324783204268e-17,2.892666732155451,0.04449176315221798,-13.35496809048351
5.840566125974614e-16,2.432053883211026,0.05943852545407313,-12.08308564338759
1,0,1,0
1,0,1,0
1,0,1,0
1,0,1,0
9.682324783204268e-17,2.236919833552239,0.06737458255132456,-14.1772196529074
1,0,1,0
1,0,1,0
1.382659555509115,0.09436059378899841,0.3793525388250635,-14.07624224052553
1.028145822447522e-15,2.328944066986381,0.06349399620251622,-11.12307760308472
1,0,1,0
1,0,1,0
0.8438321074302402,0.03051236841032079,0.4306663673936862,-28.35802297038459
0.8857588916777406,0.01531501247474409,0.4507550912628594,-12.75039898750885
1.028145822447522e-15,2.29411307785907,0.06493268715226924,-10.6824767457195
1,0,1,0
9.682324783204268e-17,2.753283579719103,0.04852746254215912,-11.5988035168144
1.908463486819546,0.6795031865356194,0.2048789262932425,-22.13292927262934
1.028145822447522e-15,2.432966279315707,0.05940394558662448,-12.04497507504254
2.804502661847769e-15,2.373720944031291,0.06169631288631433,-14.01644313984301
1,0,1,0
1.246720327252382,0.04515667286003833,0.4158581008267855,-12.41992870849419
1,0,1,0
0.9500619099180742,0.002664957656399736,0.4794144554241642,-11.0335375280505
1,0,1,0
1,0,1,0
0.9503470703079234,0.002633553206567996,0.479536000109851,-11.72632714053822
1,0,1,0
1,0,1,0
1.028145822447522e-15,1.285804025971974,0.1284113288099731,-13.2456076987609
1,0,1,0
1,0,1,0
1,0,1,0
1,0,1,0
0.689211392639957,0.1572682359556623,0.3458420704137884,-18.99741125540029
1,0,1,0
2.621802112383951,2.067431344546222,0.07523738574009842,-39.60041302681559
1,0,1,0
1,0,1,0
0.8857605470328247,0.01531449990524791,0.4507559111465106,-12.43180313133497
1,0,1,0
1.028145822447522e-15,1.870244954636973,0.08572351362859498,-13.96309274928435
6.728744545674702e-16,2.764231110788213,0.04819649598806602,-10.29029733276042
5.840566125974614e-16,2.892807672605652,0.04448787170331781,-11.5621187008218
1,0,1,0
0.9836010358887395,0.0002751738411674864,0.4933825034811267,-13.15588802203944
1,0,1,0
1.028145822447522e-15,2.432053883211037,0.05943852545407263,-12.16787719142353
1,0,1,0
1,0,1,0
1,0,1,0
1,0,1,0
1,0,1,0
1,0,1,0
2.449231293967717e-15,2.887729359743261,0.04462832011515167,-11.21873906264994
1.028145822447522e-15,2.892525209119068,0.04449567105800839,-11.22987879256407
1,0,1,0
1,0,1,0
1.028145822447522e-15,2.892102369725052,0.04450734922954402,-31.06250313951659
1,0,1,0
0.8710607727594369,0.01993724222558058,0.4438562496647384,-11.28606348536691
1,0,1,0
1,0,1,0
1,0,1,0
1,0,1,0
1,0,1,0
1,0,1,0
1.028145822447522e-15,2.408514550082661,0.06033841428758369,-11.41812948158003
1,0,1,0
1,0,1,0
1,0,1,0
2.449231293967717e-15,2.243478810215453,0.0670894018006416,-10.3550987629274
2.804502661847769e-15,1.373647235279225,0.1205931127129188,-11.81971215959944
6.728744545674702e-16,2.892666378958925,0.04449177290464584,-11.92389347126502
1,0,1,0
1,0,1,0
1,0,1,0
1,0,1,0
1.028145822447522e-15,2.432053883211037,0.05943852545407263,-12.16768141085563
1,0,1,0
1,0,1,0
1,0,1,0
1,0,1,0
1,0,1,0
4.0479524494288e-15,1.373647287301512,0.1205931082579139,-11.82131406029353
1,0,1,0
0.8234226611074777,0.04026493867615599,0.4204817293145553,-15.87221341254042
0.8865096119862188,0.01509113237447224,0.4511145355194844,-15.11654619609094
1,0,1,0
1.786224359975588,0.5585314687356728,0.2274262709997201,-31.27375818735758
1,0,1,0
5.840566125974614e-16,2.294113088219586,0.06493268671896435,-11.95069431344781
5.840566125974614e-16,2.328951080112503,0.06349371012263044,-11.20745545967227
1.028145822447522e-15,2.105521026113728,0.07338417193394819,-9.895457951867781
2.804502661847769e-15,2.296208177577967,0.06484513023211069,-11.32771154260822
1,0,1,0
1,0,1,0
0.8714803616186675,0.0197950795191062,0.4440554525393779,-12.49815697849683
0.8857564837410106,0.01531571186032465,0.4507539725788764,-11.73836713023681
1,0,1,0
1,0,1,0
0.538686694502779,0.4749588441728676,0.2453573351826449,-13.03467725796866
1,0,1,0
1.028145822447522e-15,2.294113077854984,0.06493268715244005,-11.37617166184645
2.804502661847769e-15,1.373647294911098,0.1205931076062557,-11.82155214202155
1,0,1,0
0.8721677740741545,0.01956358977824024,0.4443813906944789,-11.46585499838163
0.8254536216908536,0.03909728173892546,0.421628030793686,-26.94486633740663
1.788488219298805,0.560037945110345,0.2271224771777308,-23.87027699936385
0.698413303329868,0.1455842840604049,0.3513957019230934,-20.24594294724433
1,0,1,0
1,0,1,0
1.028145822447522e-15,2.034187564957808,0.07689817158888873,-11.86025834164541
6.728744545674702e-16,2.328951071130025,0.06349371048904345,-11.20725242432818
1.028145822447522e-15,2.408381174841509,0.06034355589430979,-17.82940914747595
2.804502661847769e-15,1.28580404430555,0.1284113271143432,-19.85670551054093
6.728744545674702e-16,2.243491110437326,0.06708886826324528,-10.72169615436706
0.9510604550313186,0.002555795390982496,0.4798401106560506,-20.83496058711
1,0,1,0
1,0,1,0
1,0,1,0
1,0,1,0
2.804502661847769e-15,1.209551333994607,0.1357104986551884,-11.46752275395944
1.028145822447522e-15,2.328899774582531,0.06349580301418789,-10.42898803002078
1,0,1,0
2.449231293967717e-15,2.105324565565603,0.07339359731702721,-22.84320466177427
0.8715085544732626,0.01978555110012437,0.4440688301068385,-12.49805293005844
1,0,1,0
1,0,1,0
1,0,1,0
1.028145822447522e-15,2.03414332824174,0.07690040905465251,-18.96712051681508
2.449231293967717e-15,1.285804040710296,0.1284113274468599,-13.24611307156583
1,0,1,0
1,0,1,0
1,0,1,0
1,0,1,0
1,0,1,0
1,0,1,0
0.8241432176378424,0.03989125289532325,0.4208466777175712,-19.46634913600914
1,0,1,0
3.111860378715865,1.823601572745822,0.08844258459034854,-23.44327288075778
1.038263951005382e-15,1.301806247135445,0.1269417776406443,-19.49796761379334
1.74532471948788,0.5186707747068979,0.2357046215431581,-17.25338414979456
1,0,1,0
1,0,1,0
1,0,1,0
1,0,1,0
1,0,1,0
0.7240158240202808,0.11634345553027,0.3665173256317995,-12.03129983996834
1,0,1,0
4.936130869128893e-15,1.30084160999948,0.1270297755707726,-25.75087172053736
9.682324783204268e-17,2.466847502892513,0.05813545901872769,-10.64518817540374
1,0,1,0
1,0,1,0
1,0,1,0
4.0479524494288e-15,1.579547904795692,0.104412913119192,-10.83915716120572
1,0,1,0
9.682324783204268e-17,2.296208180844754,0.06484513009569015,-10.5549641665588
1,0,1,0
0.8585024871737004,0.02446738952149019,0.4378507686652753,-18.6301890477931
1,0,1,0
1.028145822447522e-15,1.607297056496197,0.102436084645767,-10.58354337617519
1,0,1,0
1,0,1,0
1.028145822447522e-15,2.296208177577974,0.06484513023211047,-11.32736643579397
1,0,1,0
0.6561719445805146,0.2050924916450505,0.3253206784172127,-12.89170686582289
1,0,1,0
4.936130869128893e-15,1.243610926233927,0.1323881367580965,-57.75515115856201
1,0,1,0
1,0,1,0
1,0,1,0
1,0,1,0
1.902930350640542,0.6740165513505474,0.2058273747798421,-20.71747870523352
1,0,1,0
4.498947678166132,7.243532480810451,0.003557842381181231,-30.16193242514852
1,0,1,0
1.028145822447522e-15,2.32895106090368,0.06349371090619627,-11.20702132325278
1,0,1,0
1.028145822447522e-15,2.432968656399272,0.05940385552408334,-12.12966844658791
1,0,1,0
1.028145822447522e-15,2.243427193471877,0.0670916407927078,-9.622611839750196
1,0,1,0
1,0,1,0
1,0,1,0
1,0,1,0
5.840566125974614e-16,2.432953666377497,0.05940442346602559,-11.43570652604363
1.624623482245175,0.4024637252681131,0.2629098109015846,-17.84827827731737
6.728744545674702e-16,2.328951075621895,0.06349371030581125,-11.20735395117264
9.682324783204268e-17,2.294113081140953,0.06493268701501204,-11.70318922257552
1,0,1,0
1,0,1,0
0.8902349920436483,0.01403521272786179,0.4528475120126594,-11.92523492377328
1,0,1,0
1,0,1,0
1,0,1,0
1,0,1,0
1,0,1,0
1,0,1,0
1,0,1,0
1,0,1,0
2.449231293967717e-15,1.607297056523961,0.1024360846438113,-11.36240945645512
1.028145822447522e-15,2.373720944019478,0.06169631288678118,-11.5875797929068
9.682324783204268e-17,2.1055530007702,0.07338263804837014,-10.58952125495192
1,0,1,0
1,0,1,0
1.786988422310118,0.5593227702481727,0.2272666187535528,-18.3487797090739
1,0,1,0
0.8235220943022974,0.04021321415416068,0.4205321390911337,-14.28538195532541
1,0,1,0
1.028145822447522e-15,1.209612405886048,0.1357044487796427,-10.77398680983604
1,0,1,0
1,0,1,0
1,0,1,0
1,0,1,0
1,0,1,0
1,0,1,0
1,0,1,0
0.8712580864768522,0.01987031237626624,0.4439499433390445,-11.97970760038542
0.9518972719410771,0.002466011061159179,0.4801970856349291,-32.29940524796181
1.038263951005382e-15,1.288699979587534,0.1281438330957082,-21.22609239170645
1,0,1,0
1,0,1,0
1,0,1,0
1,0,1,0
1.775539225918089,0.5482362940047594,0.2295196201302307,-19.09426668696903
2.449231293967717e-15,1.607297056523958,0.1024360846438115,-11.36257990800273
1,0,1,0
1,0,1,0
2.804502661847769e-15,1.302117177925364,0.1269134293222408,-12.88766183723337
1,0,1,0
5.840566125974614e-16,2.25920619593855,0.06641106436463767,-10.70330979185341
1,0,1,0
1,0,1,0
1,0,1,0
5.840566125974614e-16,2.296208187930194,0.06484512979980311,-11.29292215729196
1,0,1,0
1,0,1,0
1,0,1,0
1,0,1,0
0.8720003575813482,0.01961980892901494,0.444302053995392,-19.26289497681763
1.555132344001944,0.1690059411511129,0.3404983871996584,-15.56159732827938
0.8708420446161372,0.02001153964772939,0.4437524299456794,-11.97949854791272
1,0,1,0
1,0,1,0
1,0,1,0
1.028145822447522e-15,2.892525256116205,0.04449566976020464,-11.23004546167624
1,0,1,0
1,0,1,0
9.682324783204268e-17,3.053647069439492,0.04027802958064108,-11.88937468499191
1,0,1,0
1,0,1,0
1,0,1,0
1.028145822447522e-15,2.432923697266958,0.0594055589536881,-18.13575315401511
1,0,1,0
10.04619900413493,28.75913730792715,4.098115297113125e-08,-73.39546792540298
0.818249645210719,4.973799150320701e-14,0.499999911027829,-4.363875322475868
9361.285714295445,16.43732173200433,2.514268018261046e-05,-8.359888606830379
0.7136932679261663,0.1272551413597682,0.3606475764576096,-27.11673442483971
4.228900758773767,5.212410440020363,0.01121311097668715,-42.52991930630012
2.093959926088373e-15,1.269833343910172,0.1298989734267817,-23.57426417306204
9.901693016976699,16.75881258006878,2.122233487877878e-05,-54.51780763106389
1,0,1,0
0.7246634376494882,0.1155896325473407,0.3669340048995867,-21.64692898239945
1,0,1,0
1.028145822447522e-15,2.432906359513701,0.05940621586786077,-17.59220124241535
5.840566125974614e-16,2.259233814928916,0.0664098798915016,-11.71979762910046