dN/dS,LRT,p-value,Log(L)
1,0,1,0
0.5077911813684534,1.745571720262319,0.09321719936748063,-33.49428751444766
0.173094084178576,6.041674305995159,0.006986013616781583,-32.20958765727355
0.3384716941026368,3.477189048436415,0.03111017356320239,-39.57101793662455
0.7846465982818056,0.1912283325549851,0.3309481236995776,-40.29069920961896
0.3548830080924986,3.120510473046856,0.03865628015825945,-28.63993254477027
0.1523052538285589,7.354434470040712,0.003344877442001459,-13.92622284309234
0.1523309020256579,7.351236635163858,0.003350832154340899,-21.97970113690489
1.1300677200237,0.08593522445029578,0.3847048569168536,-59.74716591969233
3.17603086687411e-16,10.27729063516519,0.0006733878328951115,-12.7685574052166
0.4445450174350902,2.627430663547457,0.0525157769642588,-41.55038297702897
0.2549546388274178,3.10689179951099,0.0389808038766204,-51.55338939730817
1.210674100276747,0.239646586317491,0.3122307426736485,-73.23574583313348
3.17603086687411e-16,9.995827154856855,0.0007844767013853171,-29.02843401075143
1.282246318841109,0.5908687426664017,0.2210416889311971,-81.52638224665918
0.7526879705396207,0.3549142863084427,0.2756721840269376,-53.57074983717003
0.5837612560058666,1.045923580303523,0.1532238972513573,-45.94648548956749
0.1543694771972819,7.207361064104376,0.003630258509541129,-40.59938881387154
0.360520239725573,4.513794614464857,0.01681128484426581,-29.96690948066102
0.8126547876816499,0.2303867101577737,0.3156186184635824,-110.2830858405093
5.840566125974614e-16,11.82692572759377,0.0002919015202906272,-23.97595718750377
5.840566125974614e-16,5.610582313178398,0.008926164722237284,-25.31777561706997
0.9914848231383884,0.000458240033282209,0.4914606775675572,-57.20154935252377
5.840566125974614e-16,5.610283793573608,0.008927685496235072,-20.81817255325355
9.682324783204268e-17,7.653656170372415,0.002832868944213418,-18.59421691005951
0.9748086932382802,0.003274094151663576,0.4771850924799536,-48.13628159498511
3.17603086687411e-16,12.94486943503275,0.0001603997358657905,-21.83261113536085
0.1690268481242501,6.264896541603676,0.006157668040706943,-25.72364892876804
0.4576501518652327,2.413852271135156,0.06013304320242574,-34.10609114598788
0.9748889864738881,0.003252266880622301,0.4772611865790717,-77.42822606339404
0.2725011683186143,2.735119874417272,0.04908206762022338,-23.8211520004449
5.114956077737342e-17,13.11427053725464,0.0001465274471244005,-12.80583759503195
1,0,1,0
0.8703409465798946,0.08517213294226167,0.3852034666422619,-60.9025944742795
0.7830675399046692,0.3241159939905884,0.284572259807775,-54.85151753767573
0.3141746245761024,4.095371854430432,0.02150038502045559,-22.96200685112289
1.635610114015606,1.237789291530376,0.1329487685277573,-58.37176611118202
0.3891527073313711,2.498523762897705,0.05697653443979972,-44.97444374855843
0.2620128652628705,2.949991056402951,0.04293901669530231,-23.62474982296492
1.109334071927005,0.06232631790479104,0.4014280882621351,-54.24122175546017
0.8906301500509548,0.08348860668627367,0.3863121348159629,-82.5459352420412
0.6768566005070136,0.6951599762212197,0.2022074036453303,-49.59260688998872
0.7800417373513517,0.2010275206940122,0.3269463680976339,-42.31704066681593
0.6752054353776622,0.7044369502957579,0.2006484094345534,-53.4166261546946
1.045662458550729,0.007839541575549447,0.4647232756813638,-66.91943679237853
0.9738866967352365,0.003522553547028906,0.4763362288561452,-53.69871842780049
0.3089961891498983,4.239434548954868,0.01974765954066054,-28.6284217851603
0.9415209780212073,0.01847975341928532,0.4459342552689061,-54.66089345321154
0.1999665054932849,4.775400929619295,0.01443456173089736,-21.43189571632913
3.17603086687411e-16,11.82682657483556,0.0002919170647749936,-16.98330441487785
5.840566125974614e-16,7.653718320703451,0.00283277135291593,-12.30594545147165
9.555848176237971e-17,12.80890179061884,0.0001724870045257121,-18.3217436436653
0.6911039669221193,0.6186742173944708,0.2157701910620847,-45.13542582104866
0.9743551679637709,0.003395110776125421,0.4767677458715232,-47.32018969366576
0.7531487959858922,0.3533106848692,0.2761224941333464,-58.38302303502195
0.4617243949617963,1.568706362039485,0.1051974904247611,-28.01685389601434
0.3091502298297358,4.234992738468506,0.01979939648897305,-22.14651552450741
0.3383777777124233,3.479363421798908,0.03106931960825238,-41.09683840123019
0.1689983746422885,6.266677843404956,0.006151480310414403,-22.97055715758874
3.17603086687411e-16,10.643026320076,0.0005524336410304698,-12.03278275290279
1,0,1,0
0.5170283699453898,1.643686993738669,0.09991017384085749,-35.48291215449004
3.17603086687411e-16,11.82698273141879,0.000291892584003195,-25.71186809354289
0.5223957603753496,1.05760835591478,0.1518806490150211,-48.10442419685446
5.840566125974614e-16,10.64302622968706,0.0005524336680302055,-14.58762934261303
6.728744545674702e-16,8.664346321893781,0.001622481927916308,-29.91681478137219
0.3448410091661533,3.335286848135738,0.03390429110994586,-48.28546410606435
5.840566125974614e-16,11.82708160432435,0.0002918770847035734,-12.69744909850647
0.3891399710171831,2.495304570469244,0.05709314215497074,-49.29577778818415
1.095341673127475,0.05611931349368149,0.4063690651868994,-58.0792809694621
9.555848176237971e-17,11.82708161796678,0.0002918770825650063,-12.69788713692511
0.5638385834399644,1.200852969414996,0.136575631942964,-37.77966375706346
0.1689817246048368,6.267389090947319,0.006149011425655049,-52.72403546531721
0.6865829249533711,0.4819717855084775,0.2437652668968542,-32.37818641445126
0.3246428580176367,3.814967942921001,0.02539828858329457,-32.5472506272725
0.8142921276822388,0.2257825278048529,0.3173344044166575,-44.21160677071575
0.9282065286485627,0.03405722912812337,0.426792568814525,-55.79561995978219
0.522594501244371,1.056348806375055,0.1520247086425873,-50.44551004028721
1.638136566787978,1.245006718730181,0.1322541571659116,-58.20891842614138
0.8618290457873061,0.1159885496755919,0.3667133132889698,-72.34572538331949
1.21184703858072,0.2420072347889288,0.3113800640442432,-97.44472866365565
1.41616124423443,0.6475871296836431,0.2104883334326598,-91.43551032251824
1.206258970092775,0.2308889171013959,0.315432745921984,-108.2475972239377
0.1774191383329161,5.802937785904987,0.007999710285835293,-23.69891009749139
0.3560713526591814,1.549604076719731,0.1065969497250395,-42.20265304381257
1.139536712933001,0.1141074130563311,0.3677577508392627,-105.6493068856975
9.555848176237971e-17,13.49894243227156,0.000119348971534039,-27.43898137524007
0.168830432804133,6.2764752633474,0.006117560884712547,-21.53515686479801
0.2363036344947631,3.574019105233404,0.02934505043808655,-48.87140273328608
0.2361493931080617,3.57823618517601,0.02927063906971761,-35.45195883725806
5.840566125974614e-16,10.83564422902538,0.0004978233538810439,-32.85628920479899
3.17603086687411e-16,9.995906604847399,0.0007844428568329342,-17.32924025906165
0.1731088406281395,6.040865235891374,0.006989215880174482,-38.44688927172501
0.3447453769537768,3.337399500877936,0.03386078050188729,-39.70572461574142
0.9382485531320963,0.02483735343628268,0.4373865100221154,-49.81308847712006
1,0,1,0
1,0,1,0
0.1622636535851491,6.679508482882369,0.004876375689244539,-69.02818440909225
1.071295858211976,0.03234494749133887,0.4286363377934427,-61.96985263522076
9.555848176237971e-17,8.664346321997211,0.001622481927824215,-11.29262735144763
1.028145822447522e-15,12.80858555161713,0.0001725161626031646,-42.5725746979997
9.555848176237971e-17,11.26477597650472,0.0003949585635311115,-11.84681103759177
9.555848176237971e-17,13.50130972933851,0.0001191985019166619,-13.00895299130849
3.17603086687411e-16,11.82692556636273,0.0002919015455666307,-17.0333032539277
0.3121636403179847,4.148839214904328,0.02083153782741221,-33.57675325678491
0.7762792272746167,0.3486076411560504,0.2774511854176107,-41.28306677987628
9.555848176237971e-17,12.02929149177786,0.0002618548980931612,-12.14739540956264
5.840566125974614e-16,10.27712733114554,0.0006734474363969123,-39.00455941200531
9.682324783204268e-17,13.49926429482952,0.0001193285021385271,-33.61911828103744
9.555848176237971e-17,8.462285071005468,0.001812930242030442,-14.15673500871749
0.354927569271463,3.119436452236215,0.03868176745043228,-74.42463411489045
5.840566125974614e-16,13.49733392369462,0.0001194513204074155,-20.51812615491191
0.1480226598447818,7.678552345738613,0.002794048935002624,-13.79770746225783
0.1722599461547722,6.084004563325536,0.006820560279499732,-23.22563017914336
0.687759407969323,0.4773034501599085,0.2448231442194377,-31.35221033646138
0.3447070257079944,3.338242952203814,0.03384342609022195,-37.369831437644
1,0,1,0
2.287852447174094e-16,12.57886459256507,0.0001950668367846631,-55.58996180374361
9.555848176237971e-17,12.93888011344671,0.0001609137403362215,-10.77110765263522
9.555848176237971e-17,11.55108179106143,0.0003385492438878202,-13.28319727848041
1,0,1,0
0.3047641334609797,4.363014747659633,0.01836362716980994,-21.35393761674741
2.287852447174094e-16,7.336858852323168,0.003377739185463691,-28.32366820028295
1.028145822447522e-15,9.995817243206062,0.0007844809237096406,-35.07152211527901
5.840566125974614e-16,8.464247243197896,0.001810975572630991,-18.12055452906914
0.8667476433486152,0.1071722997855034,0.3716933438657183,-78.51032071706317
0.980984790677691,0.001111053315923982,0.4867047318505593,-59.13746790690934
0.3089983209710642,4.239313270983644,0.01974907026702999,-41.50254150679731
1,0,1,0
9.555848176237971e-17,12.03155876372506,0.000261536573933685,-23.34855026743535
0.1878534377175595,5.293863552079415,0.0107003453699317,-50.70310054546834
5.840566125974614e-16,8.732611492126637,0.001562842473743331,-24.8943405048615
2.731941657024047e-16,8.732674068980842,0.001562788838326112,-25.5897688926055
2.287852447174094e-16,6.119166072813044,0.006686193565372978,-26.68453389700928
3.17603086687411e-16,10.64302632007333,0.0005524336410313024,-28.27015802959511
9.682324783204268e-17,7.653656337298045,0.002832868682094591,-18.88270449817138
6.728744545674702e-16,13.49717006812833,0.0001194617514462259,-46.35906081372362
0.1622926521190262,6.677667431050409,0.004881414950022311,-48.84579485549104
2.449231293967717e-15,6.114414532058404,0.006704190922672382,-33.07182132241881
0.3467868009997342,1.647238765076978,0.09966758350873939,-60.61472957905792
0.3379615187080652,3.489005700818971,0.0308888396880822,-27.06222693469169
5.840566125974614e-16,13.50118501085985,0.0001192064244726065,-24.98020693186755
0.1773382326670085,5.807165659850376,0.007980499364029392,-21.1859110888026
3.17603086687411e-16,12.73503827877817,0.0001794342400503468,-12.19191145385524
5.840566125974614e-16,8.464247277384004,0.001810975538594273,-19.03735050547957
3.17603086687411e-16,11.82704523252726,0.0002918827862435913,-12.14709340234157
0.4635213786606823,2.326071841498219,0.06361128085206874,-40.51014661413588
3.17603086687411e-16,10.64302632001124,0.0005524336410498432,-15.05197542792428
0.1944971399529508,4.999374831785403,0.01267823798518164,-50.0075934833588
0.3551614944936541,3.114780830535267,0.03879245797216069,-34.04246535693357
9.682324783204268e-17,13.50118456199856,0.0001192064529867976,-24.68835253969027
3.17603086687411e-16,12.5803359400416,0.0001949133268737135,-28.57776554030763
9.555848176237971e-17,12.80896440602137,0.0001724812318084634,-12.19594345928801
0.3470730720531386,3.288992486083174,0.03487290359802764,-32.20481742995988
0.6927518467962571,0.4575267176351048,0.2493910695264581,-37.53945732924554
2.804502661847769e-15,6.987698985429702,0.004103589830490639,-33.80535263747688
2.287852447174094e-16,10.64302632006783,0.0005524336410329123,-49.40355423069429
2.804502661847769e-15,5.760501334881809,0.008195197276443023,-39.87578894526978
1,0,1,0
3.17603086687411e-16,12.80899556534859,0.0001724783592014778,-12.88933535763429
3.17603086687411e-16,9.995927053038102,0.0007844341464373628,-25.41908118396665
1.028145822447522e-15,11.55108361787636,0.0003385489112455176,-35.9439801847666
0.9742357495872143,0.003427390967885913,0.4766576883266189,-43.02221356378464
3.17603086687411e-16,13.49910371365699,0.0001193387141283919,-30.94131780511371
0.1544331862086271,7.202687886380701,0.003639723574172582,-17.03394306040719
0.1722685105867076,6.083519247281032,0.006822434179900194,-64.86853410447917
9.682324783204268e-17,11.55108361677063,0.0003385489114468565,-46.65600906145863
9.555848176237971e-17,8.464247274076634,0.001810975541887194,-31.61528380701293
0.1731210842300789,6.040184990384091,0.006991909430200449,-39.21929545346505
0.2308110956659064,3.726151883080497,0.02678333431231428,-29.64554732408042
1.028145822447522e-15,11.82619862865934,0.0002920155292481241,-33.39041294832738
0.5465256330717113,0.9007735953478146,0.1712871832681258,-20.11788832214078
0.6246840841545223,0.939709227930237,0.1661763160318971,-35.91235545370462
0.2292967768133227,3.772465871175477,0.02605138414829811,-14.57486212912131
0.4133536656870287,2.708637541444034,0.04990309996161663,-41.33419222569712
0.591410630915103,0.6731578102125866,0.2059764062100067,-46.36169656268689
0.5199474867929239,1.612614642269861,0.1020623265960058,-44.22712700210147
5.840566125974614e-16,12.31725441534483,0.0002243951711823899,-20.94277709225522
1,0,1,0
3.17603086687411e-16,7.338052964827153,0.003375496108029563,-13.24628107250791
0.162310905169194,6.676507457668478,0.004884592727289416,-26.4519009661453
0.1559991397774557,7.092856041998484,0.003869590816496016,-15.03683002073893
5.840566125974614e-16,12.31725441540978,0.0002243951711745629,-18.42502050032767
9.682324783204268e-17,9.995816143321548,0.0007844813922575633,-42.595483752664
0.157030093303353,7.025892112224227,0.004016971835487493,-22.58931810605468
9.555848176237971e-17,13.50083620614296,0.0001192285845910135,-21.45597307779219
9.555848176237971e-17,13.49926445444073,0.0001193284919886461,-26.06237049313935
0.5841321178721443,1.043537638357918,0.1535000679250002,-32.97619291820819
0.1689480669146292,6.269611140324479,0.006141304796120128,-21.53495799820847
1,0,1,0
1.028145822447522e-15,5.761975926674836,0.008188322526730241,-61.34020615279287
3.17603086687411e-16,10.64302622971737,0.0005524336680211572,-11.72922867858802
1,0,1,0
9.555848176237971e-17,12.94374438718405,0.0001604961611966771,-12.83750789057913
1,0,1,0
6.728744545674702e-16,8.463741151181104,0.001811479524305326,-30.44534927456239
5.840566125974614e-16,13.4992612063093,0.000119328698541421,-26.92934927474223
0.1730940891776698,6.041674388710248,0.006986013289476123,-23.25190426744621
0.4445824286557706,2.626734143795218,0.05253882388818754,-35.30355860919386
0.5075443423643945,1.748371228912362,0.0930408113608831,-48.2911801180636
0.148106233385293,7.672188659152695,0.002803919769959806,-44.85278473225486
9.555848176237971e-17,12.31725434037472,0.0002243951801950694,-14.89859725311766
0.1722409806313967,6.085063212683472,0.006816474463428757,-16.93053894154858
5.840566125974614e-16,12.31725441540978,0.0002243951711745629,-12.05444980823186
9.555848176237971e-17,11.60181542293228,0.0003294373555151053,-14.24283587393631
0.3580397860201515,1.529889618229319,0.1080645059475422,-36.33906797834811
0.1773729248172768,5.805172387356635,0.007989550609609708,-50.27153636939929
9.555848176237971e-17,8.664346322528729,0.001622481927350983,-12.21461502603901
9.682324783204268e-17,11.82686308086593,0.0002919113415145724,-16.45735398490661
0.1480318632893393,7.677964909879478,0.002794958631413991,-31.59004012320796
0.152414528480129,7.34647000625802,0.00335972823140801,-13.57239602948001
1,0,1,0
0.1878259223121172,5.295129364807082,0.01069257123794259,-25.99556699594006
5.840566125974614e-16,13.50118483533642,0.0001192064356227984,-24.68956080691351
0.1877779134276363,5.297337129389184,0.01067902599258846,-22.52692322914913
0.1944255963937943,5.002458216656159,0.01265567233535486,-20.9700942158165
0.1773642383801375,5.805889191094217,0.007986294459819798,-15.40048503512284
2.731941657024047e-16,12.80886582071713,0.000172490320795804,-25.21529546995959
1,0,1,0
0.9999303637776572,2.901431628288265e-08,0.4999320458109353,-59.48404599039298
0.1689811622485181,6.267658778545368,0.006148075551368037,-30.03393520057243
0.3380781458309075,3.486200332704158,0.03094123387396708,-40.56808719338302
0.4578329740933451,2.410987862178175,0.06024315614095566,-49.61868860590415
2.287852447174094e-16,6.11987344011488,0.006683518529858212,-13.55374105518475
3.17603086687411e-16,12.02909994159622,0.0002618818095793674,-19.1340425561923
3.17603086687411e-16,10.64302622968559,0.0005524336680306496,-12.82791007569906
1,0,1,0
9.682324783204268e-17,12.93890447313952,0.0001609116464235116,-38.3182089680493
9.555848176237971e-17,8.463267430026924,0.001811951371237075,-24.91549903026771
3.17603086687411e-16,12.93881802060068,0.0001609190778429359,-10.36409195288965
9.555848176237971e-17,9.995960372095208,0.0007844199535984031,-12.54790491389878
0.8131284644534905,0.2290477119300647,0.3161154182335696,-57.25542539617412
3.17603086687411e-16,9.995938205384142,0.0007844293958702564,-18.63838073491503
0.8628643287076647,0.1140526486309312,0.3677883001650464,-63.78223766078415
0.1689416977350867,6.270014953276871,0.006139905336357665,-17.33856536440997
3.17603086687411e-16,13.49926361716058,0.0001193285452323334,-19.62513339522612
0.2362499158631675,3.57548613351932,0.02931914160159166,-35.19244215950167
2.731941657024047e-16,9.995917587726282,0.0007844381784010146,-31.30714376727654
5.840566125974614e-16,8.732481828657313,0.001562953615904306,-23.04983947100877
9.682324783204268e-17,10.64302632003286,0.0005524336410433484,-52.73186584977533
1.541844214358495,1.463762918255497,0.1131661744627612,-77.51154178152022
0.2395425906094897,6.971551818551603,0.004140782344710048,-26.50559468039636
5.840566125974614e-16,10.64302632007603,0.0005524336410304698,-20.21753701067126
1,0,1,0
9.555848176237971e-17,12.94647892588034,0.0001602618915606535,-12.15026305011652
5.840566125974614e-16,11.5510817936892,0.0003385492434093695,-22.52507060137412
0.6249260413424793,1.038101678293273,0.1541316913497252,-35.92909746306012
1.50718750636959,1.470176794085916,0.1126589008573861,-86.65762095782254
0.3089025913594739,4.242260937650222,0.01971481242121892,-30.13274187091698
6.728744545674702e-16,7.65375865836323,0.002832708014709195,-19.58191485508885
0.1623527874791481,6.673850676020635,0.004891879039879088,-47.89706042897194
9.555848176237971e-17,7.336235589371221,0.003378910556655679,-13.03803799905009
1,0,1,0
5.840566125974614e-16,11.26473903849833,0.0003949664227898553,-31.62014680712678
3.17603086687411e-16,10.27727026230005,0.0006733952683917743,-11.93109596161381
9.555848176237971e-17,8.73276755977593,0.001562708709661575,-13.21188468755447
1.334358941026908,0.6040953527951984,0.2185098579735655,-54.45226162475846
1,0,1,0
0.1544331867176612,7.202687656628846,0.003639724040131909,-17.03368860325291
0.5325638530160741,1.4821875873739,0.1117162837284015,-35.37822149506142
5.114956077737342e-17,12.945675949537,0.0001603306472636734,-12.84180992216364
6.728744545674702e-16,11.26436690162667,0.0003950456107570388,-52.61141477173543
0.152389205669674,7.346980635596935,0.003358774078889404,-21.6179330554331
0.5173595179788114,1.640122585598462,0.1001543248976963,-47.73018842807812
0.1773730809051054,5.805316308132518,0.007988896725901917,-27.57889515838151
5.840566125974614e-16,7.336562123565926,0.003378296810901571,-21.78400981604362
0.3447070380882111,3.338242645954153,0.03384343238972815,-71.40639018624074
0.1551243129131213,7.154473964035759,0.003738861139763072,-29.72910448959438
0.7207433598558036,0.7183054255550445,0.1983501617321368,-51.28374339123183
0.8473309904199001,0.1447200064675513,0.3518165280912448,-53.81668623107093
9.555848176237971e-17,12.31725441424436,0.000224395171314673,-20.50170489170415
0.1731415502030678,6.039062322764693,0.006996357163346512,-48.22924822031069
3.17603086687411e-16,11.8268894521931,0.0002919072072003481,-16.85111632206316
0.2304537225381893,3.736478614579738,0.02661826436317322,-35.16291760955612
1.580215084628154,1.803827338671852,0.08962523810430489,-80.35701645817089
9.555848176237971e-17,8.664346322276511,0.001622481927575525,-11.66392859569713
9.555848176237971e-17,12.93899805909032,0.000160903602209439,-19.1534664349223
3.17603086687411e-16,12.93891116822567,0.0001609110709315242,-18.45420169729163
3.17603086687411e-16,9.995973319221548,0.0007844144386122132,-13.09845244153017
3.17603086687411e-16,8.464247297464993,0.001810975518601043,-19.32458622588173
9.555848176237971e-17,9.995960437778493,0.0007844199256197282,-12.550014490541
6.728744545674702e-16,8.664346322303388,0.0016224819275516,-19.14368285472519
1,0,1,0
1,0,1,0
5.840566125974614e-16,8.46392102775286,0.001811300392126125,-21.94411566500081
0.4683588274877681,2.254662235049977,0.06660625923379565,-36.18363247010294
0.6190096390023291,1.084288065579997,0.1488701316079228,-42.58579756062169
9.555848176237971e-17,10.27730347925958,0.0006733831452210848,-13.31779106437317
9.555848176237971e-17,10.64302622968559,0.0005524336680306496,-12.8276490856928
3.17603086687411e-16,9.995938203237731,0.0007844293967845806,-11.44972687020227
1.028145822447522e-15,11.60181542257916,0.0003294373555776664,-107.2092493254356
6.728744545674702e-16,9.995884496133229,0.0007844522746784377,-29.92910061179931
2.287852447174094e-16,12.58059480038141,0.0001948863318390615,-43.60047143009412
3.17603086687411e-16,13.50124244049258,0.0001192027762746406,-19.2454371656793
9.682324783204268e-17,11.82701925525127,0.0002918868584367296,-25.76730031503338
1,0,1,0
3.17603086687411e-16,12.73510094897183,0.0001794282275486281,-13.29417516484068
2.731941657024047e-16,13.49846041246231,0.0001193796330195007,-22.56166219770882
0.2550193504784664,3.105415308842225,0.03901616342105585,-67.54325314380372
3.17603086687411e-16,11.82676468009451,0.0002919267686285476,-22.82629429758353
1.028145822447522e-15,7.009741063596778,0.004053370199730122,-37.36170168094921
2.287852447174094e-16,11.55108261629484,0.0003385490936221314,-20.96777628393407
1,0,1,0
2.287852447174094e-16,11.60181542317771,0.0003294373554716401,-47.42236990275737
9.682324783204268e-17,8.46424726266045,0.001810975553253491,-18.73789801377452
2.731941657024047e-16,8.732705058219416,0.001562762277748209,-12.11148732213432
9.682324783204268e-17,11.82658245980346,0.0002919553390052232,-53.65247807068834
1.044282284717417,0.007385807359185037,0.4657567706695364,-65.56128490157106
0.1689057643393403,6.272021832064141,0.006132955127447937,-27.2357833901448
9.682324783204268e-17,5.763263505736852,0.008182324518818784,-23.03058327104882
0.1545365371617173,7.195328346324587,0.003654680763437168,-28.32976400328929
9.555848176237971e-17,8.66434632227649,0.001622481927575581,-11.66374460270676
1.819655320742886,2.069395480966961,0.07514053948606331,-78.02831790718275
9.555848176237971e-17,13.11591481581495,0.0001463988996326382,-12.80478519698432
5.840566125974614e-16,12.94744482985325,0.0001601792243959843,-38.63569808864703
1,0,1,0
1,0,1,0
2.804502661847769e-15,9.995795920509266,0.0007844900071727889,-103.7361764109497
3.17603086687411e-16,12.80883454810497,0.0001724932040483296,-17.32988796796248
9.555848176237971e-17,13.4955627845323,0.0001195641197325736,-14.12833563785818
0.3890406620308787,2.500322868120548,0.05691148045819733,-33.10535344700074
0.2289623060211021,3.782060437297922,0.02590241537504001,-30.1299983386292
9.555848176237971e-17,12.94519632759992,0.0001603717295898255,-24.72751602553652
9.555848176237971e-17,13.50124734153783,0.0001192024649426249,-18.84955018128998
5.840566125974614e-16,11.82685841259552,0.000291912073379863,-23.23081167226883
1,0,1,0
5.840566125974614e-16,12.73289334793935,0.000179640144629678,-35.69209717941285
0.3464454215497063,3.302630402035135,0.03458451895903203,-37.13148558823191
0.3384170491570366,3.478478704407408,0.03108593552254851,-30.48772639080956
5.840566125974614e-16,13.50102541743203,0.0001192165631817566,-43.81961056190994
0.3549145293266079,3.119832986134782,0.03867235530895097,-43.23213495856088
1.127682528615901,0.08304633646085335,0.3866053923561363,-76.24554904918506
4.730343101349462e-16,13.49926437111289,0.0001193284972875741,-16.35364249099398
0.1560091677028501,7.092097315410378,0.003871229347549077,-27.0129179455133
1,0,1,0
0.2961742153934359,4.629851162161998,0.01571014462463299,-35.29730972196457
1,0,1,0
0.3447592672837788,3.337087440484176,0.03386720370366403,-31.62707093487072
1.532729771007047,0.9515022258931936,0.1646686066304851,-79.77479838815573
0.7081944607012224,0.4013673522836143,0.26319197144323,-46.12038334677916
0.1689287164985032,6.2707149625301,0.006137480150683328,-19.33570524207394
3.17603086687411e-16,12.94438803057859,0.000160440988811128,-18.03159097760467
1,0,1,0
3.17603086687411e-16,11.82679543802772,0.0002919219463610734,-16.85162698810933
9.555848176237971e-17,12.94374438696625,0.0001604961612153288,-12.83750924627192
0.3445833571153387,3.340970444170424,0.03378737170794127,-29.98371246840972
2.287852447174094e-16,11.26474505193011,0.0003949651433078349,-18.83386661520834
3.17603086687411e-16,12.94454798573894,0.0001604272806023932,-27.87796399065518
3.17603086687411e-16,8.732731178026505,0.001562739891069365,-12.66140922494344
9.682324783204268e-17,7.340976631972481,0.003370010573094495,-30.78524179666059
1,0,1,0
0.1773589473147789,5.806103394728897,0.007985321684702618,-14.19853898926434
9.682324783204268e-17,8.664346322524189,0.001622481927355035,-18.74909250741346
0.2971477184640709,4.599225217030252,0.01599320422675354,-50.81348667554926
0.5072748517012607,1.751484950540913,0.09284508116412554,-31.73315417793062
3.17603086687411e-16,13.49926443803365,0.0001193284930319782,-11.7533223123219
0.1722684746609299,6.083526090626506,0.006822407752721138,-15.54272636617657
1,0,1,0
1,0,1,0
3.17603086687411e-16,13.49910000038258,0.0001193389502805453,-14.13641271724414
9.682324783204268e-17,12.0292304494596,0.000261863473816959,-18.43922658724238
0.187780395419559,5.297224403341914,0.01067971716747518,-27.92638288364237
1,0,1,0
0.156058558615163,7.088656125498275,0.003878669783555055,-33.15097347301224
0.9739235337230402,0.003512500624665904,0.4763699801140349,-44.0791334378669
1.725204056739661,2.740386746269252,0.04892054239507232,-93.36756295875571
5.840566125974614e-16,7.337121923173036,0.003377244890024,-11.93935453944514
1.028145822447522e-15,12.03702985046272,0.0002607700429549942,-68.09320280656225
1.018828881060719,0.002068670682604079,0.4818613053082851,-72.72781395519075
2.287852447174094e-16,13.49926192924279,0.0001193286525691395,-52.54990270029935
3.17603086687411e-16,8.732731163046797,0.001562739903908039,-12.66092815273018
2.731941657024047e-16,12.93878041299826,0.0001609223106827096,-30.13705052038118
1,0,1,0
0.194440247193276,5.001818352086204,0.01266035173095359,-26.73447772927219
1,0,1,0
3.17603086687411e-16,13.5012731250812,0.0001192008270926581,-12.45466905396556
5.840566125974614e-16,11.55108222710176,0.0003385491644897765,-46.47919422675341
9.682324783204268e-17,11.8268630598189,0.0002919113448142108,-37.04102589273848
9.555848176237971e-17,12.94374435500256,0.0001604961639556923,-12.83770822481729
1,0,1,0
0.7528275490603249,0.3544274997307326,0.2758087335279743,-55.97258258148162
1.33802500733403,0.692209031066227,0.2027070111279717,-88.88155298423632
0.3758531120747001,2.723165654618327,0.04945084454527882,-23.7612651296159
3.17603086687411e-16,13.50127855348904,0.000119200482266435,-12.31546827805701
0.1689787502275906,6.267643692291514,0.006148127900067579,-54.01316618409457
2.388367706329146,8.067917026178179,0.002252794072924835,-112.6311894918138
5.840566125974614e-16,8.732611450416343,0.0015628425094944,-31.4292252683907
1.089865649704636,0.02872732362568797,0.4327050809757996,-38.02140060538021
1.224481886838299,0.3060777442355231,0.2900485356267304,-64.19324155763836
0.1773654407746467,5.805679489749693,0.007987246906745848,-38.8816430212978
9.555848176237971e-17,7.653748940316202,0.002832723273857807,-12.99591397922885
0.1480231645828746,7.678400932386182,0.002794283383090457,-39.99441180150217
0.3886204928059347,2.505693339422805,0.05671777567905245,-72.24586754270329
0.8603483461916676,0.1187524711598513,0.3651957467483685,-42.55698019083215
0.9282054338153629,0.03405847874986989,0.4267912409479585,-65.18345472442974
0.9166392134933044,0.04665290212591344,0.4144966686902526,-56.31490398039873
0.8486493522845429,0.1419448932848582,0.3531775649017358,-53.72722603073082
0.1551260694000766,7.153513817553403,0.003740863182081611,-168.4991313516369
1,0,1,0
5.840566125974614e-16,7.339363861950268,0.003373035408475666,-20.75980349729827
9.555848176237971e-17,12.94438716307891,0.0001604410631593778,-26.81215394239218
9.682324783204268e-17,8.664346322236241,0.001622481927611386,-24.29305547360084
5.840566125974614e-16,12.80880834753199,0.0001724956197096117,-23.87801004651286
5.840566125974614e-16,13.49713504752046,0.0001194639809757314,-43.32822872155448
3.17603086687411e-16,12.80874149694878,0.0001725017834074416,-52.10673021342194
9.555848176237971e-17,8.732700022009841,0.001562766594203679,-11.96789620638014
1.028145822447522e-15,11.60181546764025,0.0003294373475955514,-114.9264310263182
9.682324783204268e-17,7.653758396130186,0.002832708426462938,-26.37562879715208
9.555848176237971e-17,12.73503840771034,0.0001794342276805749,-12.19344767747212
1.028145822447522e-15,11.55108181616515,0.0003385492393167544,-35.1590551579937
1,0,1,0
6.728744545674702e-16,5.760390171675724,0.008195715775757506,-22.8400541622179
3.17603086687411e-16,10.64302622968559,0.0005524336680306496,-12.82806513295995
9.555848176237971e-17,13.49877861394865,0.0001193593911970048,-14.13584144034784
0.3466945765540878,1.648252572934766,0.09959846613571516,-45.70309466737967
0.5931067118159959,1.306323188809813,0.1265307213286112,-80.00129659844005
3.17603086687411e-16,9.995960374312244,0.0007844199526540474,-12.54810507126811
3.17603086687411e-16,13.10563243630375,0.0001472046337989696,-29.69653559175175
9.555848176237971e-17,12.02922994426532,0.0002618635447919626,-11.0478261626955
9.555848176237971e-17,11.55108361869294,0.0003385489110968032,-14.2806036954082
3.17603086687411e-16,9.995973302924607,0.0007844144455540492,-13.09762183931276
3.17603086687411e-16,8.732610909542323,0.00156284297309256,-24.48161285710524
1,0,1,0
0.3447190519949714,3.337979989789261,0.03384883564640939,-21.43520048008771
3.17603086687411e-16,12.93872491304452,0.0001609270817115593,-17.06355887017452
1.028145822447522e-15,5.763355353702508,0.008181896830979751,-42.35005373532781
9.555848176237971e-17,10.27730356612614,0.0006733831135177781,-13.31922729834701
4.004733053112191e-17,12.02961286036128,0.0002618097542826936,-12.14831518371167
3.17603086687411e-16,13.49652547920114,0.0001195027948606153,-27.71880522521902
1.028145822447522e-15,7.0629201494543,0.003934780970362872,-35.57840774791122
0.346306896164547,3.305646525793051,0.03452108590306502,-56.6837013321713
0.3548895973940103,3.12021829213738,0.03866321203345696,-39.26411335489437
9.555848176237971e-17,12.93902899652161,0.0001609009430605934,-12.76260533261233
1.016353935794942,0.001565667661679981,0.4842185631598928,-73.55069830102286
1,0,1,0
0.7798548901242562,0.2684403897410306,0.3021899479111132,-61.51514665319622
1,0,1,0
0.222004371640673,4.278759001934738,0.01929575747108525,-31.45740087290077
3.17603086687411e-16,12.80893301883581,0.0001724841254706067,-25.95511691472923
5.840566125974614e-16,13.49556087304504,0.0001195642415282583,-18.72560137585527
4.730343101349462e-16,12.80893322429514,0.0001724841065286475,-18.73087649428651
0.3123073084950269,4.144871574942954,0.02088041147923259,-38.21217975560297
0.3058668783497248,4.32532462410957,0.01877462562163862,-61.86156764744766
5.840566125974614e-16,8.461962855220889,0.001813251430776319,-41.39581916248764
6.728744545674702e-16,8.732606561648851,0.001562846699798004,-24.84258924570572
3.17603086687411e-16,9.995882276240884,0.0007844532203120091,-10.4655011385329
5.840566125974614e-16,13.49926444668039,0.0001193284924821403,-18.53905763455083
0.3446221984714767,3.34010459351741,0.03380515558235692,-41.19357906954431
0.5077015115844699,1.746597171343495,0.09315254393952921,-43.88558338809773
0.6255651630691516,1.033216698700031,0.1547021766726339,-40.28802607684567
0.4444142126313718,2.629595392942107,0.05244421960381945,-31.3429711677097
0.5634933353791061,1.203695077099191,0.1362922001570799,-29.94232611434819
0.5170147245422768,1.643837160739054,0.09989990321998715,-52.22148314839557
0.8902281298657864,0.08415431849603294,0.3858723016031395,-55.05508085592651
1,0,1,0
9.682324783204268e-17,8.463384271236777,0.001811834980685378,-45.73652149026572
1,0,1,0
0.173094084805662,6.041674392032917,0.006986013276328251,-30.24072765470881
3.17603086687411e-16,13.50127854594991,0.0001192004827453297,-12.31534733677973
1,0,1,0
5.840566125974614e-16,12.31725441540978,0.0002243951711745629,-12.75547200176918
0.1544331819165592,7.202751447623392,0.003639594668066237,-16.54315332638591
0.3266990997384766,1.882244053469648,0.08503965777707512,-19.21795717510421
6.771941737530898e-17,11.55108179139653,0.0003385492438268134,-31.24749494845204
3.17603086687411e-16,8.732669037732691,0.001562793150603703,-25.98413073308236
0.7536875702341675,0.3514434957870094,0.2766485687050277,-54.85572868261977
0.1944457928924751,5.001574588528683,0.01266213487157991,-33.80411935472687
1,0,1,0
0.3548956697448293,3.120223811455773,0.03866308107744409,-35.0332529966296